0.167
0.173
0.174
0.178
0.179
0.179
0.18
0.18
0.182
0.183
0.183
0.183
0.183
0.183
0.184
0.184
0.184
0.185
0.186
0.186
0.187
0.187
0.187
0.187
0.188
0.188
0.188
0.189
0.189
0.189
0.189
0.19
0.19
0.19
0.19
0.19
0.19
0.191
0.191
0.191
0.191
0.191
0.191
0.191
0.191
0.191
0.191
0.192
0.192
0.192
0.192
0.192
0.192
0.192
0.192
0.192
0.192
0.193
0.193
0.193
0.193
0.193
0.193
0.193
0.193
0.193
0.193
0.193
0.193
0.193
0.193
0.193
0.193
0.194
0.194
0.194
0.194
0.194
0.194
0.194
0.194
0.194
0.194
0.194
0.194
0.195
0.195
0.195
0.195
0.195
0.195
0.195
0.195
0.196
0.196
0.196
0.196
0.196
0.196
0.197
0.197
0.197
0.197
0.197
0.197
0.198
0.198
0.198
0.198
0.198
0.198
0.198
0.198
0.198
0.198
0.198
0.198
0.198
0.198
0.198
0.198
0.198
0.199
0.199
0.199
0.199
0.199
0.199
0.199
0.199
0.199
0.199
0.199
0.199
0.199
0.199
0.2
0.2
0.2
0.2
0.2
0.2
0.2
0.2
0.2
0.2
0.2
0.2
0.2
0.2
0.201
0.201
0.201
0.201
0.201
0.201
0.201
0.201
0.201
0.201
0.201
0.201
0.201
0.201
0.201
0.202
0.202
0.202
0.202
0.202
0.202
0.202
0.202
0.202
0.202
0.202
0.202
0.202
0.202
0.203
0.203
0.203
0.203
0.203
0.203
0.203
0.203
0.203
0.203
0.203
0.204
0.204
0.204
0.204
0.204
0.204
0.204
0.204
0.204
0.204
0.204
0.204
0.204
0.204
0.204
0.204
0.204
0.204
0.205
0.205
0.205
0.205
0.205
0.205
0.205
0.205
0.205
0.205
0.205
0.205
0.205
0.205
0.205
0.206
0.206
0.206
0.206
0.206
0.206
0.206
0.206
0.206
0.206
0.206
0.206
0.206
0.206
0.206
0.206
0.206
0.206
0.206
0.206
0.206
0.207
0.207
0.207
0.207
0.207
0.207
0.207
0.207
0.207
0.207
0.207
0.207
0.207
0.207
0.207
0.207
0.207
0.207
0.207
0.207
0.207
0.207
0.207
0.208
0.208
0.208
0.208
0.208
0.208
0.208
0.208
0.208
0.208
0.208
0.208
0.208
0.208
0.208
0.208
0.208
0.208
0.209
0.209
0.209
0.209
0.209
0.209
0.209
0.209
0.209
0.209
0.209
0.209
0.209
0.209
0.209
0.209
0.209
0.209
0.209
0.21
0.21
0.21
0.21
0.21
0.21
0.21
0.21
0.21
0.21
0.21
0.21
0.21
0.21
0.21
0.21
0.21
0.21
0.21
0.21
0.21
0.21
0.21
0.21
0.21
0.21
0.21
0.21
0.211
0.211
0.211
0.211
0.211
0.211
0.211
0.211
0.211
0.211
0.211
0.211
0.211
0.211
0.211
0.211
0.211
0.211
0.211
0.211
0.211
0.211
0.211
0.212
0.212
0.212
0.212
0.212
0.212
0.212
0.212
0.212
0.212
0.212
0.212
0.212
0.212
0.212
0.212
0.212
0.212
0.212
0.213
0.213
0.213
0.213
0.213
0.213
0.213
0.213
0.213
0.213
0.213
0.213
0.213
0.213
0.213
0.213
0.213
0.213
0.213
0.213
0.214
0.214
0.214
0.214
0.214
0.214
0.214
0.214
0.214
0.214
0.214
0.214
0.214
0.214
0.214
0.214
0.214
0.214
0.214
0.214
0.214
0.214
0.214
0.214
0.215
0.215
0.215
0.215
0.215
0.215
0.215
0.215
0.215
0.215
0.215
0.215
0.215
0.215
0.215
0.215
0.215
0.215
0.215
0.216
0.216
0.216
0.216
0.216
0.216
0.216
0.216
0.216
0.216
0.216
0.216
0.216
0.216
0.216
0.216
0.216
0.216
0.216
0.216
0.216
0.216
0.216
0.216
0.216
0.216
0.217
0.217
0.217
0.217
0.217
0.217
0.217
0.217
0.217
0.217
0.217
0.217
0.217
0.217
0.217
0.218
0.218
0.218
0.218
0.218
0.218
0.218
0.218
0.218
0.218
0.218
0.218
0.218
0.219
0.219
0.219
0.219
0.219
0.219
0.219
0.219
0.219
0.219
0.219
0.219
0.219
0.219
0.219
0.219
0.219
0.219
0.219
0.219
0.22
0.22
0.22
0.22
0.22
0.22
0.22
0.22
0.22
0.22
0.22
0.22
0.221
0.221
0.221
0.221
0.221
0.221
0.221
0.221
0.221
0.221
0.221
0.221
0.221
0.221
0.221
0.221
0.221
0.222
0.222
0.222
0.222
0.222
0.222
0.222
0.222
0.222
0.222
0.222
0.222
0.223
0.223
0.223
0.223
0.223
0.223
0.223
0.223
0.223
0.223
0.223
0.223
0.223
0.224
0.224
0.224
0.224
0.224
0.224
0.224
0.224
0.224
0.224
0.224
0.224
0.224
0.224
0.225
0.225
0.225
0.225
0.225
0.225
0.225
0.225
0.225
0.225
0.225
0.225
0.225
0.225
0.225
0.225
0.226
0.226
0.226
0.226
0.226
0.226
0.226
0.226
0.226
0.226
0.226
0.226
0.226
0.226
0.226
0.226
0.226
0.226
0.226
0.227
0.227
0.227
0.227
0.227
0.227
0.227
0.227
0.227
0.227
0.227
0.227
0.228
0.228
0.228
0.228
0.228
0.228
0.228
0.228
0.228
0.228
0.228
0.228
0.228
0.229
0.229
0.229
0.229
0.229
0.229
0.229
0.229
0.229
0.229
0.229
0.23
0.23
0.23
0.23
0.23
0.23
0.23
0.23
0.23
0.231
0.231
0.231
0.231
0.231
0.231
0.231
0.231
0.231
0.231
0.231
0.232
0.232
0.232
0.232
0.232
0.233
0.233
0.233
0.233
0.233
0.233
0.233
0.233
0.233
0.233
0.234
0.234
0.234
0.234
0.234
0.234
0.234
0.235
0.235
0.235
0.235
0.235
0.236
0.236
0.236
0.236
0.237
0.237
0.237
0.237
0.237
0.237
0.237
0.238
0.238
0.238
0.238
0.239
0.239
0.239
0.239
0.239
0.24
0.24
0.24
0.24
0.24
0.24
0.24
0.24
0.241
0.241
0.241
0.241
0.241
0.241
0.241
0.241
0.241
0.241
0.242
0.242
0.242
0.242
0.243
0.243
0.243
0.243
0.243
0.245
0.245
0.245
0.245
0.246
0.246
0.246
0.246
0.246
0.247
0.247
0.247
0.247
0.248
0.248
0.248
0.248
0.248
0.249
0.249
0.249
0.249
0.25
0.25
0.25
0.251
0.251
0.251
0.252
0.252
0.252
0.253
0.253
0.254
0.256
0.256
0.256
0.256
0.256
0.256
0.257
0.257
0.257
0.258
0.258
0.258
0.258
0.258
0.258
0.258
0.258
0.258
0.258
0.258
0.259
0.259
0.259
0.26
0.26
0.261
0.261
0.261
0.261
0.261
0.261
0.262
0.262
0.262
0.263
0.263
0.263
0.264
0.264
0.264
0.264
0.265
0.265
0.266
0.267
0.267
0.269
0.269
0.269
0.27
0.27
0.27
0.27
0.271
0.271
0.272
0.272
0.272
0.273
0.274
0.275
0.275
0.275
0.276
0.276
0.276
0.276
0.276
0.277
0.277
0.278
0.279
0.28
0.28
0.28
0.281
0.281
0.282
0.283
0.284
0.285
0.285
0.285
0.285
0.286
0.286
0.286
0.287
0.288
0.289
0.29
0.29
0.29
0.291
0.291
0.292
0.292
0.293
0.294
0.295
0.295
0.296
0.297
0.297
0.297
0.298
0.299
0.3
0.3
0.3
0.302
0.304
0.304
0.306
0.306
0.307
0.308
0.308
0.309
0.309
0.311
0.311
0.312
0.313
0.314
0.314
0.314
0.316
0.316
0.317
0.318
0.318
0.319
0.323
0.325
0.326
0.329
0.329
0.33
0.333
0.336
0.336
0.339
0.341
0.344
0.345
0.347
0.349
0.349
0.349
0.351
0.354
0.354
0.355
0.356
0.358
0.362
0.365
0.365
0.366
0.367
0.369
0.37
0.371
0.372
0.375
0.377
0.378
0.382
0.383
0.388
0.389
0.389
0.39
0.392
0.393
0.393
0.394
0.395
0.396
0.396
0.396
0.398
0.398
0.404
0.406
0.41
0.422
0.429
0.43
0.431
0.434
0.438
0.438
0.44
0.445
0.45
0.456
0.459
0.463
0.465
0.468
0.477
0.477
0.478
0.488
0.496
0.497
0.504
0.505
0.539
0.55
0.55
0.551
0.559
0.563
0.568
0.575
0.603
0.75
0.772
0.837
