0.168
0.174
0.176
0.177
0.18
0.18
0.181
0.182
0.182
0.182
0.183
0.184
0.185
0.185
0.185
0.185
0.185
0.186
0.186
0.187
0.187
0.187
0.188
0.188
0.188
0.188
0.188
0.189
0.189
0.189
0.189
0.189
0.189
0.189
0.189
0.189
0.189
0.19
0.19
0.19
0.19
0.19
0.19
0.19
0.19
0.19
0.191
0.191
0.191
0.191
0.191
0.191
0.191
0.191
0.191
0.192
0.192
0.192
0.192
0.192
0.192
0.192
0.192
0.192
0.192
0.192
0.192
0.193
0.193
0.193
0.193
0.193
0.193
0.193
0.193
0.193
0.194
0.194
0.194
0.194
0.194
0.194
0.194
0.194
0.194
0.194
0.194
0.195
0.195
0.195
0.195
0.195
0.195
0.195
0.195
0.195
0.195
0.195
0.195
0.195
0.195
0.195
0.196
0.196
0.196
0.196
0.196
0.196
0.196
0.196
0.197
0.197
0.197
0.197
0.197
0.197
0.197
0.197
0.197
0.197
0.197
0.197
0.197
0.197
0.197
0.197
0.198
0.198
0.198
0.198
0.198
0.198
0.198
0.198
0.198
0.198
0.198
0.198
0.198
0.198
0.198
0.198
0.199
0.199
0.199
0.199
0.199
0.199
0.199
0.199
0.199
0.199
0.199
0.199
0.199
0.199
0.199
0.199
0.199
0.199
0.2
0.2
0.2
0.2
0.2
0.2
0.2
0.2
0.201
0.201
0.201
0.201
0.201
0.201
0.201
0.201
0.201
0.201
0.201
0.201
0.201
0.201
0.201
0.201
0.201
0.201
0.201
0.201
0.201
0.201
0.202
0.202
0.202
0.202
0.202
0.202
0.202
0.202
0.202
0.202
0.202
0.202
0.202
0.202
0.202
0.202
0.202
0.202
0.203
0.203
0.203
0.203
0.203
0.203
0.203
0.203
0.203
0.203
0.203
0.203
0.203
0.203
0.203
0.203
0.203
0.203
0.204
0.204
0.204
0.204
0.204
0.204
0.204
0.204
0.204
0.204
0.204
0.204
0.204
0.204
0.204
0.205
0.205
0.205
0.205
0.205
0.205
0.205
0.205
0.205
0.205
0.205
0.205
0.205
0.205
0.205
0.206
0.206
0.206
0.206
0.206
0.206
0.206
0.206
0.206
0.206
0.206
0.206
0.206
0.206
0.206
0.207
0.207
0.207
0.207
0.207
0.207
0.207
0.207
0.207
0.207
0.207
0.207
0.207
0.207
0.207
0.207
0.207
0.207
0.207
0.207
0.207
0.208
0.208
0.208
0.208
0.208
0.208
0.208
0.208
0.208
0.208
0.208
0.208
0.208
0.208
0.208
0.208
0.209
0.209
0.209
0.209
0.209
0.209
0.209
0.209
0.209
0.209
0.209
0.209
0.21
0.21
0.21
0.21
0.21
0.21
0.21
0.21
0.21
0.21
0.21
0.21
0.21
0.21
0.21
0.21
0.21
0.21
0.21
0.211
0.211
0.211
0.211
0.211
0.211
0.211
0.211
0.211
0.211
0.211
0.211
0.211
0.211
0.211
0.211
0.211
0.211
0.212
0.212
0.212
0.212
0.212
0.212
0.212
0.212
0.212
0.212
0.212
0.212
0.212
0.212
0.212
0.212
0.212
0.212
0.212
0.213
0.213
0.213
0.213
0.213
0.213
0.213
0.213
0.213
0.213
0.214
0.214
0.214
0.214
0.214
0.214
0.214
0.214
0.214
0.214
0.214
0.214
0.214
0.214
0.214
0.214
0.214
0.214
0.214
0.214
0.214
0.214
0.214
0.214
0.215
0.215
0.215
0.215
0.215
0.215
0.215
0.215
0.215
0.215
0.215
0.215
0.216
0.216
0.216
0.216
0.216
0.216
0.216
0.216
0.216
0.216
0.216
0.216
0.216
0.217
0.217
0.217
0.217
0.217
0.217
0.217
0.217
0.217
0.217
0.217
0.217
0.217
0.217
0.217
0.217
0.217
0.217
0.217
0.217
0.218
0.218
0.218
0.218
0.218
0.218
0.218
0.218
0.218
0.218
0.219
0.219
0.219
0.219
0.219
0.219
0.219
0.219
0.219
0.219
0.219
0.219
0.219
0.219
0.219
0.219
0.22
0.22
0.22
0.22
0.22
0.22
0.22
0.22
0.22
0.22
0.22
0.22
0.22
0.22
0.22
0.22
0.22
0.22
0.22
0.22
0.22
0.22
0.221
0.221
0.221
0.221
0.221
0.221
0.221
0.221
0.221
0.221
0.221
0.221
0.221
0.221
0.221
0.221
0.221
0.221
0.221
0.221
0.221
0.221
0.221
0.221
0.222
0.222
0.222
0.222
0.222
0.222
0.222
0.222
0.222
0.222
0.222
0.222
0.223
0.223
0.223
0.223
0.223
0.223
0.223
0.223
0.223
0.223
0.223
0.223
0.224
0.224
0.224
0.224
0.224
0.224
0.224
0.224
0.224
0.224
0.225
0.225
0.225
0.225
0.225
0.225
0.225
0.226
0.226
0.226
0.226
0.226
0.226
0.226
0.226
0.226
0.226
0.227
0.227
0.227
0.227
0.227
0.227
0.227
0.227
0.227
0.227
0.227
0.227
0.227
0.227
0.227
0.228
0.228
0.228
0.228
0.228
0.228
0.228
0.228
0.228
0.228
0.229
0.229
0.229
0.229
0.229
0.229
0.23
0.23
0.23
0.23
0.23
0.23
0.23
0.23
0.23
0.23
0.23
0.23
0.23
0.23
0.23
0.231
0.231
0.231
0.231
0.231
0.231
0.231
0.231
0.232
0.232
0.232
0.232
0.232
0.232
0.232
0.232
0.232
0.232
0.232
0.233
0.233
0.233
0.234
0.234
0.234
0.234
0.234
0.234
0.234
0.235
0.235
0.235
0.235
0.235
0.235
0.236
0.236
0.236
0.236
0.236
0.236
0.236
0.236
0.237
0.237
0.237
0.237
0.237
0.237
0.237
0.237
0.237
0.237
0.237
0.237
0.237
0.237
0.237
0.237
0.238
0.238
0.238
0.238
0.239
0.239
0.239
0.239
0.239
0.239
0.239
0.239
0.24
0.24
0.24
0.24
0.24
0.24
0.24
0.241
0.241
0.241
0.242
0.242
0.242
0.243
0.243
0.243
0.243
0.243
0.244
0.244
0.244
0.244
0.244
0.244
0.245
0.245
0.245
0.245
0.245
0.245
0.245
0.245
0.246
0.246
0.246
0.246
0.246
0.247
0.247
0.247
0.247
0.248
0.248
0.248
0.248
0.248
0.248
0.249
0.249
0.249
0.25
0.25
0.25
0.25
0.251
0.252
0.252
0.252
0.252
0.252
0.252
0.253
0.253
0.253
0.254
0.255
0.255
0.255
0.255
0.255
0.256
0.256
0.256
0.256
0.257
0.257
0.257
0.258
0.258
0.258
0.258
0.258
0.259
0.259
0.259
0.26
0.26
0.26
0.26
0.26
0.26
0.26
0.261
0.262
0.262
0.262
0.262
0.262
0.262
0.262
0.263
0.263
0.263
0.263
0.265
0.265
0.265
0.266
0.266
0.266
0.267
0.267
0.267
0.268
0.269
0.269
0.269
0.27
0.27
0.27
0.27
0.271
0.272
0.272
0.272
0.272
0.273
0.274
0.274
0.274
0.277
0.277
0.278
0.278
0.279
0.28
0.281
0.281
0.281
0.281
0.282
0.282
0.282
0.283
0.283
0.284
0.284
0.284
0.284
0.284
0.285
0.285
0.286
0.287
0.287
0.287
0.29
0.29
0.29
0.291
0.291
0.291
0.291
0.291
0.292
0.293
0.294
0.294
0.297
0.297
0.297
0.298
0.298
0.298
0.299
0.3
0.301
0.301
0.302
0.303
0.303
0.306
0.306
0.307
0.309
0.31
0.31
0.311
0.311
0.311
0.312
0.313
0.313
0.315
0.315
0.317
0.318
0.318
0.318
0.319
0.32
0.32
0.324
0.324
0.324
0.324
0.325
0.327
0.327
0.33
0.331
0.331
0.332
0.333
0.333
0.334
0.335
0.34
0.34
0.342
0.342
0.343
0.343
0.344
0.345
0.345
0.345
0.345
0.346
0.346
0.347
0.348
0.351
0.353
0.354
0.354
0.355
0.356
0.358
0.359
0.36
0.361
0.362
0.362
0.363
0.363
0.364
0.366
0.372
0.38
0.382
0.383
0.384
0.385
0.388
0.388
0.389
0.397
0.4
0.403
0.405
0.406
0.408
0.412
0.417
0.419
0.419
0.42
0.423
0.431
0.432
0.432
0.439
0.442
0.443
0.446
0.446
0.471
0.475
0.484
0.484
0.489
0.502
0.502
0.503
0.503
0.503
0.504
0.515
0.526
0.532
0.534
0.562
0.563
0.582
0.587
0.596
0.6
0.605
0.615
0.616
0.678
0.691
0.732
0.905
