0.13
0.13
0.131
0.131
0.131
0.131
0.131
0.131
0.131
0.131
0.131
0.131
0.131
0.131
0.131
0.131
0.131
0.131
0.131
0.131
0.131
0.131
0.132
0.132
0.132
0.132
0.132
0.132
0.132
0.132
0.132
0.132
0.132
0.132
0.132
0.132
0.132
0.132
0.132
0.133
0.133
0.133
0.133
0.133
0.133
0.133
0.133
0.133
0.133
0.133
0.133
0.133
0.133
0.133
0.133
0.133
0.133
0.133
0.133
0.133
0.133
0.133
0.134
0.134
0.134
0.134
0.134
0.134
0.134
0.134
0.134
0.134
0.134
0.134
0.134
0.134
0.134
0.134
0.134
0.134
0.134
0.134
0.134
0.134
0.135
0.135
0.135
0.135
0.135
0.135
0.135
0.135
0.135
0.135
0.135
0.135
0.135
0.135
0.135
0.135
0.135
0.135
0.135
0.135
0.136
0.136
0.136
0.136
0.136
0.136
0.136
0.136
0.136
0.136
0.136
0.136
0.136
0.136
0.136
0.136
0.136
0.136
0.137
0.137
0.137
0.137
0.137
0.137
0.137
0.137
0.137
0.137
0.137
0.137
0.137
0.137
0.137
0.137
0.137
0.137
0.137
0.137
0.137
0.137
0.138
0.138
0.138
0.138
0.138
0.138
0.138
0.138
0.138
0.138
0.138
0.138
0.138
0.138
0.138
0.138
0.138
0.138
0.138
0.138
0.138
0.138
0.138
0.138
0.138
0.139
0.139
0.139
0.139
0.139
0.139
0.139
0.139
0.139
0.139
0.139
0.139
0.139
0.139
0.139
0.139
0.139
0.139
0.139
0.139
0.139
0.139
0.14
0.14
0.14
0.14
0.14
0.14
0.14
0.14
0.14
0.14
0.14
0.14
0.14
0.14
0.14
0.14
0.14
0.14
0.14
0.14
0.14
0.14
0.14
0.14
0.14
0.14
0.14
0.14
0.14
0.14
0.14
0.14
0.141
0.141
0.141
0.141
0.141
0.141
0.141
0.141
0.141
0.141
0.141
0.141
0.142
0.142
0.142
0.142
0.142
0.142
0.142
0.142
0.142
0.142
0.142
0.142
0.142
0.142
0.142
0.142
0.142
0.142
0.142
0.142
0.142
0.142
0.142
0.143
0.143
0.143
0.143
0.143
0.143
0.143
0.143
0.143
0.143
0.143
0.143
0.143
0.143
0.143
0.143
0.143
0.143
0.143
0.143
0.143
0.143
0.143
0.143
0.144
0.144
0.144
0.144
0.144
0.144
0.144
0.144
0.144
0.144
0.144
0.145
0.145
0.145
0.145
0.145
0.145
0.145
0.145
0.145
0.145
0.145
0.145
0.146
0.146
0.146
0.146
0.146
0.146
0.146
0.146
0.146
0.146
0.146
0.146
0.146
0.146
0.146
0.146
0.146
0.146
0.146
0.146
0.146
0.146
0.146
0.147
0.147
0.147
0.147
0.147
0.147
0.147
0.147
0.147
0.147
0.147
0.147
0.147
0.148
0.148
0.148
0.148
0.148
0.148
0.148
0.148
0.148
0.148
0.148
0.148
0.148
0.148
0.149
0.149
0.149
0.149
0.149
0.149
0.149
0.149
0.149
0.149
0.15
0.15
0.15
0.15
0.15
0.15
0.15
0.15
0.15
0.15
0.15
0.15
0.15
0.15
0.15
0.151
0.151
0.151
0.151
0.151
0.151
0.151
0.151
0.151
0.151
0.151
0.151
0.151
0.152
0.152
0.152
0.152
0.152
0.152
0.152
0.152
0.152
0.152
0.152
0.152
0.152
0.153
0.153
0.153
0.153
0.153
0.153
0.153
0.153
0.153
0.153
0.153
0.153
0.153
0.154
0.154
0.154
0.154
0.154
0.154
0.154
0.154
0.154
0.154
0.154
0.154
0.154
0.154
0.154
0.154
0.154
0.154
0.154
0.154
0.155
0.155
0.155
0.155
0.155
0.155
0.155
0.155
0.155
0.155
0.155
0.155
0.155
0.155
0.156
0.156
0.156
0.156
0.156
0.156
0.156
0.156
0.156
0.156
0.156
0.157
0.157
0.157
0.157
0.157
0.157
0.157
0.157
0.158
0.158
0.158
0.158
0.158
0.158
0.158
0.159
0.159
0.159
0.159
0.159
0.159
0.159
0.16
0.16
0.16
0.16
0.16
0.16
0.16
0.16
0.16
0.16
0.16
0.16
0.16
0.16
0.16
0.16
0.161
0.161
0.161
0.161
0.161
0.161
0.161
0.161
0.162
0.162
0.162
0.162
0.162
0.162
0.162
0.162
0.162
0.162
0.162
0.163
0.163
0.163
0.163
0.163
0.164
0.164
0.164
0.164
0.164
0.164
0.164
0.164
0.164
0.164
0.164
0.164
0.165
0.165
0.165
0.165
0.165
0.165
0.166
0.166
0.166
0.166
0.166
0.166
0.166
0.167
0.167
0.167
0.167
0.167
0.168
0.168
0.168
0.168
0.168
0.168
0.168
0.168
0.168
0.169
0.169
0.169
0.169
0.169
0.169
0.169
0.17
0.17
0.17
0.17
0.17
0.17
0.17
0.17
0.171
0.171
0.171
0.171
0.171
0.171
0.171
0.172
0.172
0.172
0.172
0.172
0.172
0.172
0.173
0.173
0.173
0.173
0.173
0.173
0.173
0.173
0.173
0.174
0.174
0.174
0.174
0.175
0.175
0.175
0.175
0.175
0.175
0.175
0.176
0.176
0.176
0.176
0.176
0.176
0.177
0.177
0.177
0.178
0.178
0.178
0.178
0.178
0.178
0.178
0.178
0.178
0.179
0.179
0.179
0.179
0.179
0.179
0.179
0.179
0.179
0.179
0.18
0.18
0.18
0.18
0.18
0.18
0.18
0.181
0.181
0.181
0.181
0.181
0.181
0.181
0.181
0.181
0.182
0.182
0.182
0.182
0.182
0.182
0.182
0.182
0.183
0.183
0.183
0.184
0.184
0.184
0.184
0.185
0.185
0.186
0.186
0.186
0.186
0.186
0.186
0.186
0.186
0.187
0.187
0.187
0.187
0.188
0.188
0.189
0.189
0.19
0.19
0.19
0.19
0.19
0.19
0.191
0.191
0.191
0.191
0.191
0.191
0.192
0.193
0.193
0.193
0.193
0.193
0.193
0.194
0.194
0.194
0.194
0.194
0.194
0.194
0.194
0.194
0.195
0.196
0.196
0.196
0.196
0.196
0.197
0.197
0.197
0.197
0.197
0.197
0.198
0.198
0.199
0.2
0.2
0.2
0.2
0.2
0.201
0.201
0.201
0.201
0.201
0.202
0.202
0.202
0.202
0.203
0.203
0.203
0.203
0.203
0.204
0.204
0.204
0.204
0.204
0.204
0.205
0.205
0.205
0.205
0.206
0.206
0.206
0.206
0.207
0.207
0.208
0.209
0.209
0.209
0.209
0.21
0.21
0.21
0.21
0.211
0.212
0.212
0.214
0.214
0.215
0.215
0.216
0.216
0.217
0.217
0.218
0.218
0.218
0.218
0.219
0.219
0.22
0.22
0.22
0.221
0.222
0.223
0.223
0.224
0.224
0.224
0.224
0.224
0.226
0.227
0.228
0.228
0.228
0.228
0.229
0.23
0.231
0.231
0.231
0.231
0.231
0.232
0.232
0.232
0.232
0.232
0.232
0.232
0.233
0.235
0.235
0.235
0.236
0.237
0.238
0.239
0.24
0.242
0.242
0.243
0.243
0.244
0.245
0.245
0.245
0.247
0.247
0.248
0.249
0.25
0.251
0.251
0.251
0.252
0.253
0.254
0.254
0.255
0.256
0.257
0.259
0.26
0.261
0.261
0.262
0.263
0.263
0.264
0.265
0.266
0.266
0.267
0.269
0.271
0.272
0.274
0.274
0.276
0.276
0.277
0.278
0.279
0.279
0.282
0.282
0.282
0.285
0.286
0.286
0.288
0.292
0.292
0.293
0.294
0.296
0.297
0.297
0.298
0.299
0.299
0.301
0.301
0.302
0.302
0.306
0.307
0.309
0.309
0.309
0.31
0.317
0.318
0.321
0.322
0.322
0.323
0.323
0.325
0.331
0.332
0.332
0.333
0.335
0.335
0.338
0.342
0.342
0.344
0.348
0.349
0.35
0.35
0.352
0.357
0.357
0.358
0.361
0.363
0.365
0.365
0.365
0.365
0.366
0.368
0.372
0.375
0.378
0.378
0.384
0.387
0.388
0.391
0.394
0.394
0.397
0.398
0.402
0.403
0.41
0.412
0.415
0.418
0.418
0.422
0.423
0.436
0.44
0.44
0.443
0.448
0.449
0.453
0.454
0.458
0.463
0.468
0.473
0.473
0.476
0.476
0.476
0.489
0.491
0.496
0.503
0.518
0.519
0.523
0.525
0.545
0.559
0.592
0.604
0.639
0.661
0.721
0.734
0.793
0.797
0.798
0.803
