0.206
0.207
0.207
0.207
0.208
0.208
0.208
0.208
0.208
0.208
0.208
0.209
0.209
0.209
0.209
0.209
0.209
0.209
0.209
0.209
0.209
0.209
0.209
0.209
0.209
0.21
0.21
0.21
0.21
0.21
0.21
0.21
0.21
0.21
0.21
0.21
0.21
0.21
0.21
0.21
0.21
0.21
0.21
0.21
0.21
0.21
0.21
0.21
0.21
0.21
0.21
0.21
0.21
0.21
0.211
0.211
0.211
0.211
0.211
0.211
0.211
0.211
0.211
0.211
0.211
0.211
0.211
0.211
0.211
0.211
0.211
0.211
0.211
0.211
0.211
0.211
0.211
0.211
0.211
0.211
0.211
0.211
0.211
0.211
0.211
0.211
0.211
0.211
0.211
0.211
0.212
0.212
0.212
0.212
0.212
0.212
0.212
0.212
0.212
0.212
0.212
0.212
0.212
0.212
0.212
0.212
0.212
0.212
0.212
0.212
0.212
0.212
0.212
0.212
0.212
0.212
0.212
0.212
0.212
0.212
0.212
0.212
0.212
0.212
0.212
0.212
0.212
0.212
0.212
0.212
0.212
0.212
0.212
0.212
0.212
0.212
0.212
0.212
0.212
0.212
0.213
0.213
0.213
0.213
0.213
0.213
0.213
0.213
0.213
0.213
0.213
0.213
0.213
0.213
0.213
0.213
0.213
0.213
0.213
0.213
0.213
0.213
0.213
0.213
0.213
0.213
0.213
0.213
0.213
0.213
0.213
0.213
0.213
0.213
0.213
0.213
0.213
0.213
0.213
0.213
0.213
0.213
0.213
0.213
0.213
0.213
0.214
0.214
0.214
0.214
0.214
0.214
0.214
0.214
0.214
0.214
0.214
0.214
0.214
0.214
0.214
0.214
0.214
0.214
0.214
0.214
0.214
0.214
0.214
0.214
0.214
0.214
0.214
0.214
0.214
0.214
0.214
0.214
0.214
0.214
0.214
0.214
0.214
0.214
0.214
0.214
0.214
0.214
0.214
0.214
0.214
0.214
0.214
0.214
0.214
0.214
0.214
0.214
0.214
0.214
0.214
0.214
0.214
0.214
0.214
0.214
0.214
0.214
0.214
0.214
0.214
0.214
0.214
0.214
0.214
0.214
0.214
0.214
0.214
0.214
0.215
0.215
0.215
0.215
0.215
0.215
0.215
0.215
0.215
0.215
0.215
0.215
0.215
0.215
0.215
0.215
0.215
0.215
0.215
0.215
0.215
0.215
0.215
0.215
0.215
0.215
0.215
0.215
0.215
0.215
0.215
0.215
0.215
0.215
0.215
0.215
0.215
0.215
0.215
0.215
0.215
0.215
0.215
0.215
0.215
0.215
0.215
0.215
0.215
0.215
0.215
0.215
0.215
0.215
0.215
0.215
0.215
0.215
0.215
0.215
0.215
0.215
0.215
0.215
0.215
0.215
0.215
0.215
0.215
0.215
0.215
0.216
0.216
0.216
0.216
0.216
0.216
0.216
0.216
0.216
0.216
0.216
0.216
0.216
0.216
0.216
0.216
0.216
0.216
0.216
0.216
0.216
0.216
0.216
0.216
0.216
0.216
0.216
0.216
0.216
0.216
0.216
0.216
0.216
0.216
0.216
0.216
0.216
0.216
0.216
0.216
0.216
0.216
0.216
0.216
0.216
0.216
0.216
0.216
0.216
0.216
0.217
0.217
0.217
0.217
0.217
0.217
0.217
0.217
0.217
0.217
0.217
0.217
0.217
0.217
0.217
0.217
0.217
0.217
0.217
0.217
0.217
0.217
0.217
0.217
0.217
0.217
0.217
0.217
0.217
0.217
0.217
0.217
0.217
0.217
0.217
0.217
0.217
0.218
0.218
0.218
0.218
0.218
0.218
0.218
0.218
0.218
0.218
0.218
0.218
0.218
0.218
0.218
0.218
0.218
0.218
0.218
0.218
0.218
0.218
0.218
0.218
0.218
0.218
0.218
0.219
0.219
0.219
0.219
0.219
0.219
0.219
0.219
0.219
0.219
0.219
0.219
0.219
0.219
0.219
0.219
0.219
0.219
0.219
0.219
0.219
0.22
0.22
0.22
0.22
0.22
0.22
0.22
0.22
0.22
0.22
0.22
0.22
0.22
0.22
0.22
0.22
0.221
0.221
0.221
0.221
0.221
0.221
0.221
0.221
0.221
0.221
0.221
0.221
0.221
0.221
0.221
0.221
0.221
0.221
0.221
0.222
0.222
0.222
0.222
0.222
0.222
0.222
0.222
0.222
0.222
0.222
0.222
0.222
0.222
0.222
0.223
0.223
0.223
0.223
0.223
0.223
0.223
0.223
0.223
0.223
0.223
0.223
0.223
0.223
0.223
0.223
0.223
0.223
0.223
0.223
0.224
0.224
0.224
0.224
0.224
0.224
0.224
0.224
0.224
0.224
0.224
0.224
0.224
0.224
0.224
0.224
0.224
0.224
0.224
0.224
0.224
0.224
0.225
0.225
0.225
0.225
0.225
0.225
0.225
0.225
0.225
0.225
0.225
0.225
0.225
0.225
0.226
0.226
0.226
0.226
0.226
0.226
0.226
0.226
0.226
0.226
0.226
0.226
0.226
0.226
0.226
0.226
0.226
0.226
0.226
0.226
0.227
0.227
0.227
0.227
0.227
0.227
0.227
0.227
0.228
0.228
0.228
0.228
0.228
0.228
0.229
0.229
0.229
0.229
0.229
0.229
0.229
0.229
0.229
0.229
0.23
0.23
0.23
0.23
0.23
0.23
0.23
0.23
0.23
0.23
0.23
0.23
0.23
0.23
0.231
0.231
0.231
0.231
0.231
0.231
0.231
0.231
0.232
0.232
0.232
0.232
0.232
0.232
0.232
0.232
0.233
0.233
0.233
0.233
0.233
0.233
0.234
0.234
0.234
0.234
0.235
0.235
0.235
0.235
0.235
0.235
0.236
0.236
0.236
0.236
0.236
0.236
0.236
0.236
0.236
0.237
0.237
0.237
0.237
0.237
0.237
0.238
0.238
0.238
0.238
0.238
0.238
0.239
0.239
0.239
0.239
0.239
0.239
0.239
0.24
0.24
0.24
0.24
0.24
0.24
0.241
0.241
0.241
0.241
0.241
0.241
0.241
0.241
0.242
0.242
0.242
0.242
0.242
0.242
0.243
0.243
0.243
0.243
0.243
0.244
0.244
0.244
0.244
0.244
0.245
0.245
0.245
0.246
0.246
0.246
0.246
0.246
0.246
0.246
0.246
0.246
0.246
0.246
0.247
0.247
0.248
0.248
0.248
0.249
0.249
0.249
0.249
0.249
0.249
0.25
0.25
0.25
0.25
0.251
0.252
0.252
0.252
0.252
0.253
0.253
0.253
0.253
0.253
0.253
0.254
0.254
0.254
0.254
0.254
0.254
0.254
0.254
0.254
0.255
0.255
0.256
0.256
0.256
0.257
0.257
0.258
0.258
0.258
0.258
0.258
0.259
0.259
0.259
0.259
0.26
0.26
0.26
0.26
0.26
0.26
0.261
0.262
0.262
0.263
0.263
0.263
0.264
0.264
0.264
0.265
0.266
0.267
0.267
0.268
0.268
0.269
0.269
0.269
0.27
0.272
0.272
0.272
0.272
0.273
0.274
0.274
0.274
0.275
0.277
0.277
0.277
0.278
0.278
0.279
0.279
0.28
0.28
0.281
0.281
0.281
0.282
0.282
0.283
0.283
0.283
0.284
0.284
0.284
0.284
0.285
0.285
0.285
0.285
0.287
0.287
0.288
0.289
0.289
0.29
0.29
0.29
0.29
0.29
0.29
0.29
0.291
0.291
0.293
0.294
0.294
0.294
0.294
0.296
0.296
0.296
0.297
0.297
0.297
0.298
0.298
0.298
0.299
0.3
0.301
0.301
0.301
0.302
0.302
0.302
0.302
0.303
0.303
0.303
0.303
0.304
0.304
0.305
0.306
0.307
0.307
0.308
0.309
0.309
0.312
0.313
0.313
0.315
0.316
0.316
0.317
0.317
0.318
0.318
0.319
0.321
0.321
0.322
0.322
0.322
0.322
0.323
0.324
0.325
0.326
0.327
0.328
0.33
0.331
0.331
0.331
0.332
0.333
0.333
0.333
0.334
0.337
0.337
0.337
0.338
0.338
0.341
0.341
0.343
0.343
0.344
0.345
0.345
0.347
0.348
0.35
0.351
0.353
0.353
0.355
0.356
0.356
0.358
0.359
0.364
0.364
0.366
0.368
0.374
0.376
0.377
0.377
0.379
0.385
0.387
0.39
0.392
0.399
0.401
0.403
0.403
0.405
0.407
0.407
0.424
0.427
0.44
0.44
0.444
0.445
0.446
0.447
0.448
0.449
0.46
0.462
0.464
0.468
0.469
0.474
0.476
0.477
0.484
0.502
0.505
0.512
0.515
0.521
0.532
0.533
0.535
0.555
0.598
0.616
0.647
