0.207
0.207
0.207
0.207
0.207
0.208
0.208
0.208
0.208
0.208
0.208
0.208
0.208
0.208
0.209
0.209
0.209
0.209
0.209
0.209
0.209
0.209
0.21
0.21
0.21
0.21
0.21
0.21
0.21
0.21
0.21
0.21
0.21
0.21
0.21
0.21
0.21
0.21
0.21
0.21
0.21
0.21
0.21
0.21
0.21
0.21
0.21
0.21
0.21
0.21
0.211
0.211
0.211
0.211
0.211
0.211
0.211
0.211
0.211
0.211
0.211
0.211
0.211
0.211
0.211
0.211
0.211
0.211
0.211
0.211
0.211
0.211
0.211
0.211
0.211
0.211
0.211
0.211
0.211
0.211
0.211
0.211
0.211
0.211
0.211
0.211
0.211
0.211
0.212
0.212
0.212
0.212
0.212
0.212
0.212
0.212
0.212
0.212
0.212
0.212
0.212
0.212
0.212
0.212
0.212
0.212
0.212
0.212
0.212
0.212
0.212
0.212
0.212
0.212
0.212
0.212
0.212
0.212
0.212
0.212
0.212
0.212
0.212
0.212
0.212
0.212
0.212
0.212
0.212
0.212
0.212
0.212
0.212
0.212
0.212
0.212
0.212
0.212
0.212
0.212
0.212
0.213
0.213
0.213
0.213
0.213
0.213
0.213
0.213
0.213
0.213
0.213
0.213
0.213
0.213
0.213
0.213
0.213
0.213
0.213
0.213
0.213
0.213
0.213
0.213
0.213
0.213
0.213
0.213
0.213
0.213
0.213
0.213
0.213
0.213
0.213
0.213
0.213
0.213
0.213
0.213
0.213
0.213
0.213
0.213
0.213
0.213
0.213
0.213
0.213
0.213
0.213
0.213
0.213
0.213
0.213
0.213
0.213
0.213
0.213
0.213
0.214
0.214
0.214
0.214
0.214
0.214
0.214
0.214
0.214
0.214
0.214
0.214
0.214
0.214
0.214
0.214
0.214
0.214
0.214
0.214
0.214
0.214
0.214
0.214
0.214
0.214
0.214
0.214
0.214
0.214
0.214
0.214
0.214
0.214
0.214
0.214
0.214
0.214
0.214
0.214
0.214
0.214
0.214
0.214
0.214
0.214
0.214
0.214
0.214
0.214
0.214
0.214
0.214
0.214
0.214
0.214
0.214
0.214
0.214
0.215
0.215
0.215
0.215
0.215
0.215
0.215
0.215
0.215
0.215
0.215
0.215
0.215
0.215
0.215
0.215
0.215
0.215
0.215
0.215
0.215
0.215
0.215
0.215
0.215
0.215
0.215
0.215
0.215
0.215
0.215
0.215
0.215
0.215
0.215
0.215
0.215
0.215
0.215
0.215
0.215
0.215
0.215
0.215
0.215
0.215
0.215
0.215
0.215
0.215
0.215
0.215
0.215
0.215
0.215
0.215
0.215
0.215
0.215
0.215
0.215
0.215
0.215
0.215
0.215
0.215
0.216
0.216
0.216
0.216
0.216
0.216
0.216
0.216
0.216
0.216
0.216
0.216
0.216
0.216
0.216
0.216
0.216
0.216
0.216
0.216
0.216
0.216
0.216
0.216
0.216
0.216
0.216
0.216
0.216
0.216
0.216
0.216
0.216
0.216
0.216
0.216
0.216
0.216
0.216
0.216
0.216
0.216
0.216
0.216
0.217
0.217
0.217
0.217
0.217
0.217
0.217
0.217
0.217
0.217
0.217
0.217
0.217
0.217
0.217
0.217
0.217
0.217
0.217
0.217
0.217
0.217
0.217
0.217
0.217
0.217
0.217
0.217
0.217
0.217
0.217
0.217
0.217
0.217
0.217
0.217
0.217
0.217
0.217
0.218
0.218
0.218
0.218
0.218
0.218
0.218
0.218
0.218
0.218
0.218
0.218
0.218
0.218
0.218
0.218
0.218
0.218
0.218
0.218
0.218
0.218
0.218
0.218
0.218
0.218
0.218
0.218
0.218
0.218
0.218
0.219
0.219
0.219
0.219
0.219
0.219
0.219
0.219
0.219
0.219
0.219
0.219
0.219
0.219
0.219
0.219
0.219
0.219
0.219
0.219
0.219
0.219
0.219
0.219
0.219
0.219
0.219
0.219
0.219
0.219
0.219
0.219
0.219
0.219
0.22
0.22
0.22
0.22
0.22
0.22
0.22
0.22
0.22
0.22
0.22
0.22
0.22
0.22
0.22
0.22
0.22
0.22
0.22
0.221
0.221
0.221
0.221
0.221
0.221
0.221
0.221
0.221
0.221
0.221
0.221
0.221
0.221
0.221
0.222
0.222
0.222
0.222
0.222
0.222
0.222
0.222
0.222
0.222
0.222
0.223
0.223
0.223
0.223
0.223
0.223
0.223
0.223
0.223
0.223
0.223
0.223
0.223
0.223
0.223
0.223
0.224
0.224
0.224
0.224
0.224
0.224
0.224
0.224
0.224
0.224
0.224
0.225
0.225
0.225
0.225
0.225
0.225
0.225
0.225
0.225
0.225
0.225
0.225
0.225
0.225
0.225
0.225
0.226
0.226
0.226
0.226
0.226
0.226
0.226
0.226
0.226
0.226
0.227
0.227
0.227
0.227
0.227
0.227
0.227
0.227
0.227
0.227
0.227
0.227
0.227
0.227
0.227
0.228
0.228
0.228
0.228
0.228
0.228
0.228
0.228
0.228
0.228
0.229
0.229
0.229
0.229
0.229
0.229
0.229
0.229
0.23
0.23
0.23
0.23
0.23
0.23
0.23
0.23
0.23
0.23
0.231
0.231
0.231
0.231
0.231
0.231
0.231
0.231
0.231
0.232
0.232
0.232
0.232
0.232
0.232
0.232
0.232
0.232
0.233
0.233
0.233
0.233
0.233
0.233
0.233
0.233
0.234
0.234
0.234
0.234
0.234
0.234
0.235
0.235
0.235
0.235
0.235
0.235
0.236
0.236
0.236
0.236
0.236
0.236
0.236
0.236
0.236
0.236
0.236
0.237
0.237
0.237
0.237
0.238
0.238
0.238
0.238
0.238
0.238
0.239
0.239
0.239
0.239
0.239
0.239
0.24
0.24
0.24
0.24
0.241
0.241
0.241
0.241
0.241
0.241
0.241
0.241
0.241
0.242
0.242
0.242
0.242
0.243
0.243
0.243
0.243
0.243
0.244
0.244
0.244
0.244
0.244
0.244
0.244
0.245
0.245
0.245
0.245
0.245
0.246
0.246
0.246
0.246
0.246
0.247
0.247
0.247
0.247
0.248
0.248
0.248
0.248
0.248
0.248
0.249
0.249
0.249
0.25
0.25
0.25
0.251
0.251
0.251
0.251
0.251
0.251
0.251
0.251
0.251
0.252
0.252
0.252
0.252
0.252
0.252
0.252
0.253
0.253
0.253
0.253
0.254
0.254
0.254
0.254
0.255
0.255
0.255
0.257
0.257
0.258
0.259
0.259
0.259
0.26
0.26
0.26
0.26
0.261
0.262
0.262
0.263
0.263
0.263
0.263
0.263
0.264
0.264
0.264
0.264
0.264
0.264
0.264
0.265
0.265
0.266
0.266
0.266
0.266
0.268
0.27
0.27
0.27
0.27
0.271
0.271
0.271
0.272
0.272
0.272
0.273
0.273
0.274
0.274
0.274
0.274
0.274
0.274
0.275
0.275
0.276
0.277
0.277
0.277
0.277
0.279
0.279
0.279
0.28
0.281
0.282
0.282
0.282
0.282
0.283
0.283
0.283
0.284
0.284
0.284
0.285
0.285
0.285
0.286
0.286
0.286
0.286
0.286
0.286
0.287
0.288
0.289
0.289
0.29
0.291
0.292
0.293
0.293
0.293
0.293
0.294
0.295
0.296
0.296
0.296
0.297
0.298
0.298
0.299
0.299
0.299
0.299
0.3
0.3
0.3
0.301
0.302
0.303
0.304
0.304
0.304
0.307
0.31
0.311
0.311
0.312
0.314
0.315
0.318
0.319
0.319
0.319
0.319
0.32
0.321
0.323
0.324
0.324
0.326
0.326
0.329
0.33
0.331
0.332
0.333
0.334
0.334
0.335
0.335
0.338
0.338
0.338
0.339
0.339
0.339
0.34
0.343
0.343
0.344
0.344
0.345
0.345
0.346
0.348
0.35
0.352
0.353
0.355
0.356
0.358
0.36
0.363
0.363
0.366
0.366
0.366
0.372
0.376
0.377
0.38
0.38
0.38
0.381
0.382
0.387
0.387
0.401
0.404
0.41
0.413
0.414
0.414
0.415
0.416
0.417
0.426
0.429
0.43
0.435
0.436
0.438
0.44
0.448
0.449
0.451
0.455
0.455
0.455
0.459
0.464
0.468
0.47
0.471
0.473
0.475
0.475
0.476
0.477
0.484
0.486
0.49
0.492
0.493
0.497
0.498
0.499
0.5
0.501
0.505
0.509
0.519
0.531
0.533
0.54
0.552
0.56
0.56
0.571
0.576
0.599
0.618
0.623
0.648
0.679
0.687
0.69
