0.207
0.207
0.208
0.208
0.208
0.208
0.208
0.208
0.208
0.209
0.209
0.209
0.209
0.209
0.209
0.209
0.209
0.209
0.209
0.209
0.209
0.209
0.209
0.209
0.209
0.209
0.209
0.21
0.21
0.21
0.21
0.21
0.21
0.21
0.21
0.21
0.21
0.21
0.21
0.21
0.21
0.21
0.21
0.21
0.21
0.21
0.21
0.21
0.21
0.21
0.21
0.21
0.21
0.21
0.21
0.21
0.21
0.21
0.21
0.21
0.21
0.21
0.211
0.211
0.211
0.211
0.211
0.211
0.211
0.211
0.211
0.211
0.211
0.211
0.211
0.211
0.211
0.211
0.211
0.211
0.211
0.211
0.211
0.211
0.211
0.211
0.211
0.211
0.211
0.211
0.211
0.211
0.211
0.211
0.211
0.211
0.211
0.211
0.211
0.211
0.212
0.212
0.212
0.212
0.212
0.212
0.212
0.212
0.212
0.212
0.212
0.212
0.212
0.212
0.212
0.212
0.212
0.212
0.212
0.212
0.212
0.212
0.212
0.212
0.212
0.212
0.212
0.212
0.212
0.212
0.212
0.212
0.212
0.212
0.212
0.212
0.212
0.212
0.212
0.212
0.212
0.212
0.212
0.212
0.212
0.212
0.212
0.212
0.212
0.212
0.212
0.212
0.212
0.212
0.213
0.213
0.213
0.213
0.213
0.213
0.213
0.213
0.213
0.213
0.213
0.213
0.213
0.213
0.213
0.213
0.213
0.213
0.213
0.213
0.213
0.213
0.213
0.213
0.213
0.213
0.213
0.213
0.213
0.213
0.213
0.213
0.213
0.213
0.213
0.213
0.213
0.213
0.213
0.213
0.213
0.213
0.213
0.213
0.213
0.213
0.213
0.213
0.213
0.213
0.213
0.213
0.213
0.213
0.213
0.213
0.213
0.213
0.213
0.213
0.213
0.213
0.213
0.213
0.213
0.213
0.213
0.213
0.213
0.213
0.213
0.213
0.213
0.213
0.213
0.213
0.213
0.213
0.213
0.213
0.214
0.214
0.214
0.214
0.214
0.214
0.214
0.214
0.214
0.214
0.214
0.214
0.214
0.214
0.214
0.214
0.214
0.214
0.214
0.214
0.214
0.214
0.214
0.214
0.214
0.214
0.214
0.214
0.214
0.214
0.214
0.214
0.214
0.214
0.214
0.214
0.214
0.214
0.214
0.214
0.214
0.214
0.214
0.214
0.214
0.214
0.214
0.214
0.214
0.214
0.214
0.214
0.214
0.214
0.215
0.215
0.215
0.215
0.215
0.215
0.215
0.215
0.215
0.215
0.215
0.215
0.215
0.215
0.215
0.215
0.215
0.215
0.215
0.215
0.215
0.215
0.215
0.215
0.215
0.215
0.215
0.215
0.215
0.215
0.215
0.215
0.215
0.215
0.215
0.215
0.215
0.215
0.215
0.215
0.215
0.215
0.215
0.215
0.215
0.215
0.215
0.215
0.215
0.215
0.215
0.216
0.216
0.216
0.216
0.216
0.216
0.216
0.216
0.216
0.216
0.216
0.216
0.216
0.216
0.216
0.216
0.216
0.216
0.216
0.216
0.216
0.216
0.216
0.216
0.216
0.216
0.216
0.216
0.216
0.216
0.216
0.216
0.216
0.216
0.216
0.216
0.216
0.216
0.216
0.216
0.216
0.216
0.216
0.216
0.216
0.216
0.216
0.216
0.216
0.216
0.216
0.216
0.216
0.216
0.216
0.216
0.217
0.217
0.217
0.217
0.217
0.217
0.217
0.217
0.217
0.217
0.217
0.217
0.217
0.217
0.217
0.217
0.217
0.217
0.217
0.217
0.217
0.217
0.217
0.217
0.217
0.217
0.217
0.217
0.217
0.217
0.217
0.217
0.218
0.218
0.218
0.218
0.218
0.218
0.218
0.218
0.218
0.218
0.218
0.218
0.218
0.218
0.218
0.218
0.218
0.218
0.218
0.218
0.218
0.218
0.218
0.218
0.218
0.218
0.219
0.219
0.219
0.219
0.219
0.219
0.219
0.219
0.219
0.219
0.219
0.219
0.219
0.219
0.219
0.219
0.219
0.219
0.219
0.219
0.219
0.219
0.219
0.219
0.219
0.219
0.219
0.219
0.219
0.219
0.219
0.219
0.22
0.22
0.22
0.22
0.22
0.22
0.22
0.22
0.22
0.22
0.22
0.22
0.22
0.22
0.22
0.22
0.22
0.22
0.22
0.22
0.221
0.221
0.221
0.221
0.221
0.221
0.221
0.221
0.221
0.221
0.221
0.221
0.221
0.221
0.221
0.221
0.221
0.221
0.221
0.221
0.221
0.222
0.222
0.222
0.222
0.222
0.222
0.222
0.222
0.222
0.222
0.222
0.222
0.222
0.222
0.222
0.222
0.222
0.222
0.222
0.222
0.222
0.222
0.222
0.222
0.222
0.222
0.223
0.223
0.223
0.223
0.223
0.223
0.223
0.223
0.223
0.223
0.223
0.223
0.223
0.223
0.223
0.223
0.224
0.224
0.224
0.224
0.224
0.224
0.224
0.224
0.224
0.224
0.224
0.224
0.224
0.224
0.224
0.224
0.225
0.225
0.225
0.225
0.225
0.225
0.225
0.225
0.225
0.225
0.225
0.225
0.225
0.225
0.225
0.225
0.225
0.225
0.225
0.225
0.225
0.225
0.225
0.226
0.226
0.226
0.226
0.226
0.226
0.226
0.226
0.226
0.226
0.226
0.226
0.226
0.227
0.227
0.227
0.227
0.227
0.227
0.227
0.227
0.227
0.227
0.227
0.228
0.228
0.228
0.228
0.228
0.228
0.228
0.228
0.228
0.228
0.228
0.228
0.229
0.229
0.229
0.229
0.229
0.229
0.23
0.23
0.23
0.23
0.23
0.23
0.23
0.23
0.23
0.231
0.231
0.231
0.231
0.231
0.231
0.231
0.231
0.231
0.231
0.231
0.231
0.231
0.232
0.232
0.232
0.232
0.232
0.233
0.233
0.233
0.234
0.234
0.234
0.234
0.234
0.234
0.235
0.235
0.235
0.235
0.235
0.235
0.235
0.235
0.235
0.235
0.236
0.236
0.236
0.236
0.236
0.236
0.236
0.237
0.237
0.237
0.237
0.237
0.237
0.237
0.237
0.237
0.238
0.238
0.238
0.238
0.239
0.239
0.239
0.239
0.239
0.239
0.239
0.24
0.24
0.24
0.24
0.24
0.24
0.24
0.241
0.241
0.241
0.241
0.241
0.241
0.241
0.241
0.241
0.241
0.241
0.241
0.241
0.242
0.243
0.243
0.244
0.244
0.244
0.244
0.244
0.244
0.244
0.244
0.246
0.246
0.246
0.246
0.246
0.247
0.247
0.247
0.247
0.247
0.248
0.248
0.248
0.248
0.248
0.25
0.25
0.25
0.251
0.252
0.252
0.252
0.252
0.253
0.253
0.253
0.254
0.254
0.255
0.255
0.255
0.255
0.255
0.255
0.256
0.256
0.256
0.256
0.257
0.257
0.258
0.258
0.258
0.258
0.259
0.259
0.259
0.26
0.261
0.261
0.262
0.262
0.263
0.264
0.265
0.265
0.265
0.265
0.265
0.266
0.266
0.266
0.266
0.267
0.267
0.268
0.269
0.269
0.27
0.27
0.27
0.27
0.271
0.271
0.271
0.271
0.272
0.272
0.273
0.273
0.273
0.274
0.274
0.274
0.274
0.275
0.276
0.276
0.276
0.276
0.277
0.277
0.277
0.277
0.278
0.278
0.279
0.279
0.28
0.28
0.281
0.283
0.284
0.285
0.285
0.286
0.287
0.287
0.287
0.287
0.287
0.288
0.289
0.289
0.289
0.29
0.291
0.291
0.292
0.293
0.293
0.293
0.294
0.294
0.295
0.295
0.297
0.298
0.298
0.298
0.298
0.298
0.299
0.299
0.3
0.301
0.301
0.301
0.302
0.303
0.304
0.304
0.305
0.306
0.311
0.311
0.311
0.311
0.312
0.312
0.317
0.318
0.318
0.318
0.321
0.321
0.322
0.322
0.323
0.325
0.325
0.325
0.326
0.326
0.33
0.331
0.331
0.334
0.334
0.335
0.335
0.335
0.338
0.343
0.346
0.348
0.349
0.349
0.35
0.351
0.352
0.355
0.357
0.36
0.361
0.361
0.365
0.366
0.367
0.369
0.369
0.372
0.373
0.375
0.376
0.377
0.38
0.393
0.401
0.401
0.404
0.404
0.405
0.407
0.414
0.414
0.415
0.415
0.419
0.423
0.425
0.429
0.432
0.433
0.439
0.442
0.443
0.444
0.445
0.448
0.449
0.452
0.46
0.464
0.481
0.484
0.491
0.494
0.496
0.499
0.52
0.521
0.521
0.522
0.524
0.539
0.55
0.557
0.572
0.591
0.593
0.597
0.607
0.644
0.7
0.718
0.732
