0.206
0.207
0.207
0.207
0.207
0.207
0.208
0.208
0.208
0.208
0.208
0.209
0.209
0.209
0.209
0.209
0.209
0.209
0.209
0.209
0.209
0.21
0.21
0.21
0.21
0.21
0.21
0.21
0.21
0.21
0.21
0.21
0.21
0.21
0.21
0.21
0.21
0.21
0.21
0.21
0.21
0.21
0.21
0.21
0.21
0.21
0.211
0.211
0.211
0.211
0.211
0.211
0.211
0.211
0.211
0.211
0.211
0.211
0.211
0.211
0.211
0.211
0.211
0.211
0.211
0.211
0.211
0.211
0.211
0.211
0.211
0.211
0.211
0.211
0.211
0.211
0.211
0.211
0.211
0.212
0.212
0.212
0.212
0.212
0.212
0.212
0.212
0.212
0.212
0.212
0.212
0.212
0.212
0.212
0.212
0.212
0.212
0.212
0.212
0.212
0.212
0.212
0.212
0.212
0.212
0.212
0.212
0.212
0.212
0.212
0.212
0.212
0.212
0.212
0.212
0.212
0.212
0.212
0.212
0.212
0.212
0.212
0.212
0.212
0.212
0.212
0.212
0.212
0.212
0.212
0.212
0.212
0.212
0.212
0.212
0.212
0.212
0.212
0.212
0.213
0.213
0.213
0.213
0.213
0.213
0.213
0.213
0.213
0.213
0.213
0.213
0.213
0.213
0.213
0.213
0.213
0.213
0.213
0.213
0.213
0.213
0.213
0.213
0.213
0.213
0.213
0.213
0.213
0.213
0.213
0.213
0.213
0.213
0.213
0.213
0.213
0.213
0.213
0.213
0.213
0.213
0.213
0.213
0.213
0.213
0.213
0.213
0.213
0.213
0.213
0.213
0.213
0.213
0.213
0.213
0.213
0.213
0.213
0.213
0.213
0.213
0.214
0.214
0.214
0.214
0.214
0.214
0.214
0.214
0.214
0.214
0.214
0.214
0.214
0.214
0.214
0.214
0.214
0.214
0.214
0.214
0.214
0.214
0.214
0.214
0.214
0.214
0.214
0.214
0.214
0.214
0.214
0.214
0.214
0.214
0.214
0.214
0.214
0.214
0.214
0.214
0.214
0.214
0.214
0.215
0.215
0.215
0.215
0.215
0.215
0.215
0.215
0.215
0.215
0.215
0.215
0.215
0.215
0.215
0.215
0.215
0.215
0.215
0.215
0.215
0.215
0.215
0.215
0.215
0.215
0.215
0.215
0.215
0.215
0.215
0.215
0.215
0.215
0.215
0.215
0.215
0.215
0.215
0.215
0.215
0.215
0.215
0.215
0.215
0.215
0.215
0.215
0.215
0.215
0.215
0.215
0.215
0.215
0.215
0.215
0.215
0.216
0.216
0.216
0.216
0.216
0.216
0.216
0.216
0.216
0.216
0.216
0.216
0.216
0.216
0.216
0.216
0.216
0.216
0.216
0.216
0.216
0.216
0.216
0.216
0.216
0.216
0.216
0.216
0.216
0.216
0.216
0.216
0.216
0.216
0.216
0.216
0.216
0.217
0.217
0.217
0.217
0.217
0.217
0.217
0.217
0.217
0.217
0.217
0.217
0.217
0.217
0.217
0.217
0.217
0.217
0.217
0.217
0.217
0.217
0.217
0.217
0.217
0.217
0.217
0.217
0.217
0.217
0.217
0.217
0.217
0.217
0.217
0.217
0.217
0.217
0.217
0.217
0.217
0.217
0.217
0.218
0.218
0.218
0.218
0.218
0.218
0.218
0.218
0.218
0.218
0.218
0.218
0.218
0.218
0.218
0.218
0.218
0.218
0.218
0.218
0.218
0.218
0.218
0.218
0.218
0.218
0.218
0.218
0.219
0.219
0.219
0.219
0.219
0.219
0.219
0.219
0.219
0.219
0.219
0.219
0.219
0.219
0.219
0.219
0.219
0.219
0.219
0.219
0.219
0.219
0.219
0.219
0.219
0.219
0.219
0.219
0.22
0.22
0.22
0.22
0.22
0.22
0.22
0.22
0.22
0.22
0.22
0.22
0.22
0.22
0.22
0.22
0.22
0.22
0.22
0.22
0.22
0.22
0.22
0.221
0.221
0.221
0.221
0.221
0.221
0.221
0.221
0.221
0.221
0.221
0.221
0.221
0.221
0.221
0.221
0.222
0.222
0.222
0.222
0.222
0.222
0.222
0.222
0.222
0.222
0.222
0.222
0.222
0.223
0.223
0.223
0.223
0.223
0.223
0.223
0.223
0.223
0.223
0.223
0.223
0.223
0.223
0.223
0.223
0.223
0.223
0.224
0.224
0.224
0.224
0.224
0.224
0.224
0.224
0.224
0.224
0.224
0.224
0.224
0.224
0.224
0.225
0.225
0.225
0.225
0.225
0.225
0.225
0.225
0.225
0.225
0.225
0.225
0.225
0.225
0.226
0.226
0.226
0.226
0.226
0.226
0.226
0.226
0.227
0.227
0.227
0.227
0.227
0.227
0.227
0.227
0.227
0.227
0.227
0.227
0.227
0.227
0.227
0.228
0.228
0.228
0.228
0.228
0.228
0.228
0.228
0.228
0.228
0.228
0.229
0.229
0.229
0.229
0.229
0.229
0.229
0.229
0.229
0.229
0.229
0.229
0.229
0.23
0.23
0.23
0.23
0.23
0.23
0.23
0.23
0.23
0.23
0.23
0.23
0.23
0.23
0.231
0.231
0.231
0.231
0.231
0.231
0.231
0.231
0.232
0.232
0.232
0.232
0.232
0.232
0.232
0.232
0.232
0.232
0.232
0.232
0.232
0.232
0.232
0.232
0.232
0.232
0.233
0.233
0.233
0.233
0.233
0.233
0.233
0.233
0.233
0.233
0.234
0.234
0.234
0.234
0.234
0.234
0.234
0.234
0.234
0.234
0.234
0.234
0.234
0.235
0.235
0.235
0.235
0.235
0.235
0.235
0.235
0.235
0.235
0.236
0.236
0.236
0.236
0.236
0.236
0.237
0.237
0.237
0.237
0.237
0.237
0.237
0.237
0.238
0.238
0.238
0.238
0.238
0.238
0.238
0.238
0.238
0.239
0.239
0.239
0.239
0.24
0.24
0.24
0.24
0.24
0.24
0.24
0.24
0.241
0.241
0.241
0.241
0.241
0.241
0.241
0.241
0.241
0.241
0.241
0.242
0.242
0.242
0.242
0.242
0.242
0.243
0.243
0.243
0.243
0.243
0.243
0.244
0.244
0.244
0.244
0.245
0.245
0.245
0.245
0.245
0.245
0.245
0.245
0.245
0.245
0.245
0.246
0.246
0.246
0.246
0.246
0.246
0.246
0.247
0.247
0.247
0.247
0.248
0.248
0.248
0.249
0.249
0.249
0.25
0.25
0.25
0.25
0.251
0.251
0.251
0.251
0.251
0.252
0.252
0.252
0.253
0.254
0.254
0.255
0.255
0.255
0.256
0.256
0.256
0.257
0.257
0.257
0.258
0.258
0.258
0.258
0.259
0.259
0.259
0.259
0.26
0.26
0.26
0.26
0.26
0.261
0.261
0.261
0.261
0.262
0.262
0.264
0.265
0.265
0.266
0.266
0.266
0.267
0.268
0.268
0.268
0.268
0.268
0.268
0.269
0.269
0.271
0.271
0.271
0.271
0.272
0.272
0.272
0.272
0.273
0.273
0.273
0.273
0.274
0.274
0.274
0.274
0.275
0.275
0.276
0.276
0.277
0.277
0.277
0.277
0.278
0.278
0.279
0.279
0.279
0.279
0.28
0.28
0.28
0.28
0.28
0.281
0.281
0.282
0.283
0.285
0.285
0.285
0.286
0.286
0.286
0.287
0.288
0.289
0.289
0.289
0.289
0.29
0.29
0.29
0.291
0.291
0.292
0.292
0.293
0.294
0.294
0.295
0.295
0.295
0.295
0.297
0.298
0.298
0.299
0.3
0.3
0.3
0.3
0.301
0.303
0.305
0.305
0.306
0.307
0.307
0.308
0.308
0.308
0.308
0.31
0.31
0.31
0.311
0.311
0.311
0.312
0.312
0.313
0.314
0.314
0.317
0.318
0.32
0.321
0.321
0.321
0.323
0.323
0.324
0.324
0.324
0.324
0.327
0.327
0.327
0.329
0.329
0.33
0.33
0.33
0.334
0.337
0.339
0.339
0.34
0.34
0.342
0.343
0.345
0.348
0.349
0.352
0.353
0.358
0.363
0.367
0.368
0.373
0.378
0.381
0.388
0.388
0.388
0.391
0.392
0.396
0.4
0.401
0.401
0.403
0.403
0.408
0.41
0.412
0.414
0.414
0.415
0.416
0.418
0.422
0.427
0.429
0.429
0.438
0.442
0.443
0.444
0.447
0.448
0.455
0.455
0.464
0.467
0.468
0.468
0.471
0.478
0.485
0.491
0.518
0.526
0.531
0.534
0.541
0.543
0.55
0.552
0.555
0.562
0.565
0.568
0.576
0.579
0.589
0.59
0.59
0.609
0.627
0.64
0.651
0.889
