0.257
0.264
0.272
0.273
0.274
0.275
0.276
0.276
0.277
0.279
0.279
0.28
0.28
0.28
0.281
0.281
0.282
0.283
0.283
0.283
0.285
0.286
0.286
0.286
0.286
0.286
0.286
0.287
0.287
0.289
0.289
0.289
0.289
0.291
0.291
0.291
0.291
0.291
0.291
0.292
0.292
0.292
0.292
0.292
0.292
0.293
0.293
0.293
0.293
0.294
0.294
0.294
0.294
0.294
0.294
0.294
0.294
0.295
0.295
0.295
0.295
0.295
0.295
0.296
0.296
0.296
0.296
0.296
0.297
0.297
0.297
0.297
0.298
0.298
0.298
0.298
0.298
0.298
0.298
0.299
0.299
0.299
0.299
0.299
0.299
0.299
0.299
0.299
0.299
0.3
0.3
0.3
0.3
0.3
0.3
0.3
0.3
0.301
0.301
0.301
0.301
0.302
0.302
0.302
0.302
0.302
0.302
0.302
0.302
0.302
0.303
0.303
0.303
0.303
0.303
0.303
0.304
0.304
0.304
0.304
0.304
0.304
0.304
0.304
0.305
0.305
0.305
0.305
0.305
0.305
0.305
0.305
0.305
0.305
0.305
0.305
0.305
0.306
0.306
0.306
0.306
0.306
0.306
0.306
0.306
0.307
0.307
0.307
0.307
0.307
0.307
0.307
0.308
0.308
0.308
0.308
0.308
0.309
0.309
0.309
0.309
0.309
0.309
0.309
0.309
0.309
0.31
0.31
0.31
0.31
0.31
0.31
0.31
0.31
0.31
0.31
0.31
0.31
0.31
0.31
0.31
0.311
0.311
0.311
0.311
0.311
0.311
0.311
0.311
0.311
0.311
0.311
0.311
0.311
0.311
0.312
0.312
0.312
0.312
0.312
0.312
0.312
0.312
0.313
0.313
0.313
0.313
0.313
0.313
0.313
0.313
0.313
0.313
0.313
0.313
0.313
0.314
0.314
0.314
0.314
0.314
0.314
0.314
0.314
0.314
0.315
0.315
0.315
0.315
0.315
0.315
0.315
0.315
0.315
0.315
0.315
0.315
0.315
0.316
0.316
0.316
0.316
0.316
0.316
0.316
0.316
0.316
0.316
0.316
0.316
0.316
0.316
0.316
0.317
0.317
0.317
0.317
0.317
0.317
0.317
0.318
0.318
0.318
0.318
0.318
0.318
0.318
0.318
0.318
0.318
0.318
0.319
0.319
0.319
0.319
0.319
0.319
0.319
0.319
0.319
0.32
0.32
0.32
0.32
0.32
0.32
0.32
0.32
0.32
0.32
0.32
0.32
0.32
0.32
0.32
0.321
0.321
0.321
0.321
0.321
0.321
0.321
0.321
0.321
0.321
0.321
0.321
0.322
0.322
0.322
0.322
0.322
0.322
0.322
0.322
0.322
0.322
0.322
0.322
0.322
0.322
0.322
0.323
0.323
0.323
0.323
0.323
0.323
0.323
0.323
0.323
0.323
0.323
0.324
0.324
0.324
0.325
0.325
0.325
0.325
0.325
0.325
0.325
0.325
0.325
0.325
0.325
0.325
0.325
0.325
0.326
0.326
0.326
0.326
0.326
0.326
0.326
0.326
0.326
0.326
0.326
0.326
0.326
0.326
0.326
0.326
0.326
0.326
0.327
0.327
0.327
0.327
0.327
0.327
0.327
0.327
0.327
0.327
0.327
0.327
0.328
0.328
0.328
0.328
0.328
0.328
0.328
0.328
0.328
0.328
0.328
0.328
0.328
0.328
0.328
0.328
0.328
0.328
0.328
0.329
0.329
0.329
0.329
0.329
0.329
0.329
0.329
0.329
0.33
0.33
0.33
0.33
0.33
0.33
0.33
0.33
0.33
0.33
0.33
0.33
0.33
0.33
0.331
0.331
0.331
0.331
0.331
0.332
0.332
0.332
0.332
0.332
0.332
0.332
0.332
0.332
0.332
0.333
0.333
0.333
0.333
0.333
0.333
0.333
0.333
0.333
0.333
0.333
0.333
0.333
0.334
0.334
0.334
0.334
0.334
0.334
0.334
0.334
0.334
0.334
0.334
0.334
0.334
0.334
0.334
0.334
0.334
0.335
0.335
0.335
0.335
0.335
0.335
0.335
0.335
0.335
0.335
0.335
0.335
0.335
0.335
0.336
0.336
0.336
0.336
0.336
0.336
0.336
0.336
0.336
0.336
0.336
0.336
0.336
0.337
0.337
0.337
0.337
0.337
0.337
0.337
0.337
0.337
0.337
0.337
0.337
0.337
0.337
0.337
0.338
0.338
0.338
0.338
0.338
0.338
0.338
0.338
0.339
0.339
0.339
0.339
0.339
0.339
0.339
0.339
0.339
0.339
0.34
0.34
0.34
0.34
0.34
0.34
0.341
0.341
0.341
0.341
0.341
0.341
0.341
0.341
0.341
0.341
0.341
0.342
0.342
0.342
0.342
0.342
0.342
0.342
0.342
0.342
0.342
0.343
0.343
0.343
0.343
0.343
0.343
0.343
0.343
0.344
0.344
0.344
0.344
0.344
0.344
0.344
0.344
0.344
0.344
0.344
0.345
0.345
0.345
0.345
0.345
0.345
0.345
0.346
0.346
0.346
0.346
0.346
0.346
0.346
0.346
0.347
0.347
0.347
0.347
0.347
0.347
0.347
0.347
0.347
0.348
0.348
0.348
0.348
0.348
0.348
0.349
0.349
0.349
0.349
0.349
0.349
0.35
0.35
0.35
0.35
0.35
0.35
0.35
0.35
0.351
0.351
0.351
0.351
0.351
0.352
0.352
0.352
0.352
0.352
0.352
0.352
0.352
0.353
0.353
0.353
0.353
0.353
0.354
0.354
0.354
0.354
0.354
0.354
0.354
0.355
0.355
0.355
0.355
0.355
0.355
0.355
0.355
0.355
0.355
0.356
0.357
0.357
0.357
0.357
0.357
0.357
0.358
0.358
0.358
0.358
0.358
0.358
0.359
0.359
0.359
0.359
0.359
0.359
0.359
0.359
0.359
0.359
0.359
0.36
0.36
0.36
0.36
0.36
0.36
0.361
0.361
0.361
0.361
0.362
0.362
0.362
0.362
0.363
0.363
0.363
0.363
0.363
0.363
0.364
0.364
0.364
0.365
0.365
0.365
0.366
0.366
0.367
0.367
0.367
0.367
0.367
0.368
0.368
0.368
0.368
0.368
0.368
0.369
0.369
0.369
0.369
0.369
0.37
0.37
0.37
0.37
0.371
0.371
0.371
0.371
0.371
0.371
0.371
0.372
0.372
0.372
0.373
0.373
0.373
0.373
0.373
0.373
0.373
0.374
0.374
0.374
0.375
0.375
0.375
0.375
0.375
0.375
0.376
0.376
0.376
0.377
0.377
0.377
0.377
0.377
0.377
0.377
0.378
0.378
0.379
0.379
0.379
0.38
0.38
0.38
0.38
0.381
0.381
0.381
0.381
0.381
0.382
0.382
0.383
0.384
0.384
0.385
0.386
0.386
0.386
0.386
0.387
0.387
0.387
0.388
0.388
0.389
0.389
0.39
0.39
0.39
0.391
0.391
0.391
0.392
0.392
0.393
0.393
0.394
0.395
0.395
0.396
0.397
0.398
0.398
0.399
0.399
0.399
0.399
0.399
0.399
0.401
0.401
0.402
0.404
0.404
0.404
0.405
0.405
0.405
0.405
0.406
0.406
0.406
0.407
0.407
0.407
0.408
0.408
0.409
0.409
0.409
0.41
0.41
0.41
0.411
0.411
0.411
0.412
0.412
0.412
0.413
0.413
0.413
0.413
0.414
0.414
0.415
0.416
0.416
0.417
0.417
0.418
0.418
0.419
0.42
0.42
0.42
0.421
0.421
0.424
0.424
0.426
0.426
0.427
0.427
0.427
0.428
0.428
0.429
0.432
0.433
0.433
0.434
0.439
0.44
0.441
0.441
0.442
0.443
0.444
0.444
0.446
0.448
0.448
0.449
0.449
0.45
0.451
0.453
0.453
0.454
0.459
0.464
0.464
0.465
0.466
0.471
0.471
0.472
0.472
0.472
0.475
0.477
0.477
0.478
0.478
0.48
0.48
0.482
0.482
0.483
0.484
0.489
0.49
0.49
0.491
0.491
0.491
0.492
0.493
0.493
0.493
0.494
0.496
0.499
0.499
0.501
0.504
0.505
0.507
0.51
0.512
0.513
0.514
0.514
0.516
0.517
0.521
0.523
0.523
0.524
0.526
0.527
0.527
0.528
0.528
0.529
0.531
0.531
0.533
0.534
0.534
0.535
0.538
0.542
0.546
0.555
0.557
0.56
0.561
0.562
0.572
0.579
0.582
0.585
0.588
0.59
0.595
0.61
0.612
0.622
0.626
0.631
0.632
0.637
0.642
0.643
0.645
0.658
0.675
0.676
0.677
0.678
0.679
0.686
0.691
0.709
0.726
0.727
0.751
0.761
0.773
0.774
0.778
0.78
0.856
