0.249
0.262
0.263
0.265
0.266
0.273
0.273
0.273
0.277
0.278
0.281
0.281
0.282
0.282
0.283
0.283
0.283
0.285
0.285
0.285
0.286
0.286
0.287
0.287
0.288
0.29
0.29
0.291
0.291
0.291
0.292
0.292
0.292
0.292
0.293
0.293
0.293
0.294
0.294
0.294
0.295
0.295
0.295
0.296
0.296
0.296
0.297
0.297
0.297
0.297
0.297
0.297
0.297
0.298
0.298
0.298
0.298
0.298
0.299
0.299
0.299
0.3
0.3
0.3
0.3
0.3
0.301
0.301
0.301
0.301
0.301
0.301
0.301
0.302
0.302
0.302
0.302
0.302
0.302
0.302
0.302
0.302
0.302
0.302
0.303
0.303
0.303
0.303
0.303
0.304
0.304
0.304
0.304
0.304
0.304
0.304
0.304
0.304
0.304
0.305
0.305
0.305
0.305
0.305
0.305
0.305
0.305
0.305
0.305
0.305
0.306
0.306
0.306
0.306
0.306
0.306
0.306
0.306
0.306
0.306
0.306
0.307
0.307
0.307
0.307
0.307
0.307
0.307
0.307
0.307
0.307
0.307
0.307
0.307
0.308
0.308
0.308
0.308
0.308
0.308
0.308
0.308
0.308
0.308
0.308
0.308
0.308
0.308
0.308
0.309
0.309
0.309
0.309
0.309
0.309
0.309
0.31
0.31
0.31
0.31
0.31
0.31
0.31
0.31
0.31
0.31
0.31
0.31
0.31
0.31
0.31
0.31
0.311
0.311
0.311
0.311
0.311
0.311
0.311
0.311
0.312
0.312
0.312
0.312
0.312
0.312
0.312
0.312
0.312
0.312
0.312
0.313
0.313
0.313
0.313
0.313
0.313
0.313
0.313
0.313
0.313
0.313
0.314
0.314
0.314
0.314
0.314
0.314
0.314
0.314
0.314
0.314
0.314
0.314
0.315
0.315
0.315
0.315
0.315
0.315
0.315
0.315
0.315
0.315
0.315
0.316
0.316
0.316
0.316
0.316
0.316
0.316
0.316
0.316
0.316
0.316
0.317
0.317
0.317
0.317
0.317
0.317
0.317
0.317
0.317
0.317
0.317
0.317
0.317
0.317
0.317
0.317
0.317
0.317
0.317
0.318
0.318
0.318
0.318
0.318
0.318
0.318
0.318
0.318
0.318
0.318
0.318
0.318
0.318
0.318
0.318
0.318
0.319
0.319
0.319
0.319
0.319
0.319
0.319
0.319
0.319
0.319
0.319
0.319
0.319
0.32
0.32
0.32
0.32
0.32
0.32
0.32
0.32
0.32
0.32
0.32
0.321
0.321
0.321
0.321
0.321
0.321
0.321
0.321
0.321
0.322
0.322
0.322
0.322
0.322
0.322
0.322
0.322
0.322
0.322
0.322
0.322
0.322
0.322
0.322
0.322
0.322
0.323
0.323
0.323
0.323
0.323
0.323
0.323
0.323
0.323
0.323
0.323
0.323
0.323
0.323
0.323
0.323
0.323
0.323
0.323
0.323
0.324
0.324
0.324
0.324
0.324
0.324
0.324
0.324
0.324
0.325
0.325
0.325
0.325
0.325
0.325
0.325
0.325
0.325
0.325
0.325
0.325
0.325
0.325
0.325
0.325
0.326
0.326
0.326
0.326
0.326
0.326
0.326
0.326
0.326
0.326
0.326
0.326
0.326
0.327
0.327
0.327
0.327
0.327
0.327
0.327
0.327
0.327
0.327
0.327
0.328
0.328
0.328
0.328
0.328
0.328
0.328
0.328
0.328
0.328
0.328
0.328
0.328
0.329
0.329
0.329
0.329
0.329
0.329
0.329
0.329
0.329
0.329
0.329
0.329
0.329
0.33
0.33
0.33
0.33
0.33
0.33
0.33
0.33
0.33
0.33
0.33
0.33
0.33
0.33
0.33
0.331
0.331
0.331
0.331
0.331
0.332
0.332
0.332
0.332
0.332
0.332
0.332
0.332
0.332
0.333
0.333
0.333
0.333
0.333
0.333
0.333
0.333
0.333
0.333
0.334
0.334
0.334
0.334
0.334
0.334
0.334
0.334
0.334
0.334
0.334
0.334
0.334
0.335
0.335
0.335
0.335
0.335
0.335
0.335
0.335
0.336
0.336
0.336
0.336
0.336
0.336
0.336
0.336
0.337
0.337
0.337
0.337
0.337
0.337
0.337
0.337
0.337
0.337
0.337
0.337
0.337
0.337
0.337
0.338
0.338
0.338
0.338
0.338
0.338
0.338
0.338
0.338
0.338
0.338
0.338
0.338
0.338
0.339
0.339
0.339
0.339
0.339
0.339
0.339
0.339
0.339
0.339
0.339
0.339
0.339
0.34
0.34
0.34
0.34
0.34
0.34
0.34
0.34
0.34
0.34
0.34
0.341
0.341
0.341
0.341
0.341
0.341
0.342
0.342
0.342
0.342
0.342
0.342
0.343
0.343
0.343
0.343
0.343
0.343
0.344
0.344
0.344
0.344
0.344
0.344
0.345
0.345
0.345
0.345
0.345
0.345
0.345
0.345
0.345
0.345
0.346
0.346
0.346
0.346
0.346
0.346
0.346
0.346
0.346
0.346
0.346
0.346
0.347
0.347
0.347
0.347
0.347
0.347
0.347
0.348
0.348
0.348
0.348
0.348
0.348
0.348
0.348
0.349
0.349
0.349
0.349
0.349
0.35
0.35
0.35
0.35
0.35
0.351
0.351
0.351
0.351
0.351
0.351
0.351
0.352
0.352
0.352
0.352
0.352
0.352
0.352
0.352
0.353
0.353
0.353
0.353
0.353
0.353
0.353
0.353
0.353
0.354
0.354
0.354
0.354
0.354
0.354
0.354
0.355
0.355
0.355
0.355
0.355
0.355
0.355
0.356
0.356
0.356
0.356
0.356
0.356
0.357
0.357
0.357
0.357
0.357
0.357
0.358
0.358
0.358
0.358
0.358
0.358
0.358
0.358
0.359
0.359
0.359
0.359
0.359
0.36
0.36
0.36
0.36
0.36
0.36
0.36
0.36
0.36
0.36
0.361
0.361
0.361
0.362
0.362
0.362
0.362
0.362
0.362
0.362
0.362
0.362
0.362
0.363
0.363
0.363
0.364
0.364
0.365
0.365
0.365
0.365
0.365
0.365
0.365
0.365
0.365
0.366
0.366
0.366
0.366
0.367
0.367
0.368
0.368
0.368
0.368
0.368
0.369
0.37
0.37
0.37
0.37
0.37
0.37
0.371
0.371
0.371
0.371
0.372
0.372
0.372
0.373
0.373
0.373
0.373
0.373
0.373
0.374
0.374
0.374
0.374
0.374
0.374
0.374
0.375
0.375
0.375
0.376
0.376
0.376
0.376
0.376
0.377
0.377
0.377
0.377
0.378
0.379
0.379
0.379
0.379
0.38
0.38
0.38
0.38
0.38
0.381
0.382
0.383
0.384
0.384
0.384
0.385
0.385
0.385
0.385
0.386
0.387
0.387
0.388
0.388
0.388
0.388
0.389
0.389
0.39
0.39
0.391
0.391
0.391
0.391
0.391
0.392
0.392
0.392
0.392
0.394
0.394
0.394
0.394
0.395
0.395
0.396
0.396
0.396
0.397
0.397
0.398
0.398
0.402
0.403
0.403
0.403
0.403
0.404
0.404
0.405
0.405
0.405
0.406
0.407
0.41
0.41
0.41
0.41
0.411
0.411
0.412
0.413
0.413
0.413
0.414
0.414
0.415
0.415
0.416
0.418
0.418
0.419
0.419
0.419
0.42
0.42
0.421
0.422
0.423
0.423
0.424
0.425
0.425
0.426
0.426
0.428
0.428
0.428
0.428
0.429
0.43
0.43
0.43
0.43
0.431
0.431
0.431
0.431
0.433
0.434
0.435
0.435
0.436
0.436
0.437
0.437
0.438
0.439
0.439
0.44
0.44
0.441
0.443
0.443
0.443
0.445
0.446
0.447
0.449
0.452
0.454
0.455
0.457
0.458
0.462
0.463
0.463
0.464
0.467
0.468
0.469
0.471
0.473
0.473
0.477
0.477
0.478
0.479
0.479
0.481
0.482
0.482
0.483
0.483
0.484
0.486
0.487
0.49
0.49
0.491
0.492
0.492
0.492
0.493
0.495
0.496
0.497
0.498
0.502
0.502
0.505
0.505
0.505
0.506
0.507
0.508
0.509
0.509
0.51
0.51
0.511
0.513
0.514
0.516
0.521
0.521
0.523
0.523
0.524
0.526
0.529
0.531
0.532
0.533
0.536
0.538
0.539
0.543
0.544
0.544
0.548
0.551
0.556
0.561
0.563
0.564
0.566
0.566
0.572
0.573
0.579
0.585
0.586
0.586
0.588
0.592
0.608
0.609
0.61
0.623
0.625
0.625
0.63
0.641
0.645
0.649
0.649
0.657
0.666
0.693
0.717
0.734
0.735
0.736
0.745
0.758
0.762
0.797
0.804
0.875
