0.202
0.206
0.207
0.207
0.207
0.208
0.209
0.21
0.21
0.211
0.211
0.211
0.211
0.211
0.211
0.211
0.211
0.212
0.212
0.212
0.212
0.213
0.213
0.213
0.214
0.215
0.215
0.215
0.215
0.215
0.216
0.216
0.216
0.216
0.217
0.217
0.217
0.217
0.217
0.217
0.217
0.218
0.218
0.218
0.218
0.218
0.218
0.219
0.219
0.22
0.22
0.22
0.22
0.22
0.22
0.221
0.221
0.221
0.221
0.222
0.222
0.222
0.222
0.222
0.222
0.222
0.222
0.222
0.223
0.223
0.223
0.223
0.223
0.223
0.223
0.223
0.224
0.224
0.224
0.224
0.224
0.224
0.224
0.225
0.225
0.225
0.225
0.225
0.225
0.226
0.226
0.226
0.226
0.226
0.227
0.227
0.227
0.227
0.227
0.227
0.227
0.227
0.227
0.227
0.228
0.228
0.228
0.228
0.228
0.228
0.228
0.228
0.228
0.229
0.229
0.229
0.229
0.229
0.229
0.229
0.229
0.229
0.23
0.23
0.23
0.23
0.23
0.231
0.231
0.231
0.232
0.232
0.232
0.232
0.232
0.232
0.232
0.233
0.233
0.233
0.233
0.233
0.233
0.233
0.234
0.234
0.234
0.235
0.235
0.235
0.235
0.235
0.235
0.235
0.235
0.235
0.235
0.236
0.236
0.236
0.236
0.236
0.236
0.236
0.236
0.236
0.237
0.237
0.237
0.237
0.237
0.238
0.238
0.238
0.238
0.238
0.239
0.239
0.239
0.239
0.239
0.239
0.239
0.24
0.24
0.24
0.24
0.24
0.241
0.241
0.241
0.241
0.241
0.242
0.242
0.242
0.242
0.242
0.242
0.243
0.243
0.243
0.243
0.243
0.243
0.243
0.243
0.244
0.244
0.244
0.244
0.244
0.244
0.244
0.244
0.244
0.245
0.245
0.245
0.245
0.245
0.245
0.245
0.245
0.245
0.245
0.246
0.246
0.246
0.246
0.246
0.246
0.246
0.246
0.246
0.247
0.247
0.247
0.247
0.247
0.247
0.247
0.247
0.247
0.248
0.248
0.248
0.248
0.248
0.248
0.248
0.249
0.249
0.249
0.249
0.249
0.249
0.249
0.249
0.249
0.25
0.25
0.25
0.25
0.251
0.251
0.252
0.252
0.252
0.252
0.252
0.253
0.253
0.253
0.253
0.253
0.253
0.253
0.253
0.253
0.254
0.254
0.254
0.254
0.254
0.254
0.254
0.255
0.255
0.255
0.255
0.255
0.255
0.255
0.255
0.255
0.256
0.256
0.256
0.256
0.256
0.257
0.257
0.257
0.257
0.258
0.258
0.259
0.259
0.259
0.259
0.259
0.259
0.259
0.259
0.259
0.259
0.26
0.26
0.26
0.26
0.26
0.26
0.26
0.26
0.26
0.261
0.261
0.261
0.261
0.261
0.261
0.261
0.261
0.262
0.262
0.262
0.262
0.263
0.263
0.263
0.263
0.263
0.263
0.263
0.263
0.264
0.264
0.264
0.264
0.264
0.264
0.264
0.265
0.265
0.265
0.265
0.265
0.265
0.265
0.265
0.265
0.265
0.265
0.265
0.266
0.266
0.266
0.266
0.266
0.267
0.267
0.267
0.267
0.267
0.268
0.268
0.268
0.268
0.268
0.269
0.269
0.269
0.269
0.269
0.269
0.27
0.27
0.27
0.27
0.271
0.271
0.271
0.271
0.271
0.271
0.271
0.271
0.271
0.272
0.272
0.272
0.272
0.272
0.272
0.273
0.273
0.273
0.273
0.273
0.274
0.274
0.274
0.274
0.275
0.275
0.275
0.276
0.276
0.276
0.276
0.277
0.277
0.277
0.277
0.278
0.278
0.278
0.28
0.28
0.28
0.28
0.28
0.28
0.281
0.281
0.281
0.281
0.281
0.281
0.281
0.282
0.282
0.282
0.282
0.282
0.282
0.282
0.283
0.283
0.283
0.283
0.283
0.283
0.283
0.284
0.284
0.284
0.285
0.285
0.285
0.285
0.285
0.286
0.287
0.287
0.287
0.288
0.288
0.288
0.288
0.288
0.288
0.288
0.289
0.289
0.29
0.29
0.29
0.29
0.291
0.291
0.291
0.292
0.292
0.292
0.292
0.292
0.293
0.293
0.293
0.293
0.293
0.293
0.294
0.294
0.294
0.294
0.294
0.294
0.295
0.295
0.295
0.295
0.295
0.295
0.296
0.296
0.296
0.296
0.296
0.296
0.297
0.298
0.298
0.299
0.299
0.299
0.299
0.299
0.299
0.3
0.3
0.3
0.3
0.3
0.301
0.302
0.302
0.303
0.303
0.303
0.303
0.304
0.304
0.304
0.304
0.304
0.304
0.305
0.305
0.305
0.306
0.307
0.307
0.308
0.308
0.308
0.308
0.308
0.308
0.309
0.309
0.309
0.31
0.31
0.31
0.31
0.311
0.312
0.312
0.312
0.312
0.312
0.313
0.313
0.314
0.314
0.314
0.314
0.315
0.315
0.315
0.315
0.315
0.316
0.316
0.317
0.317
0.317
0.318
0.318
0.318
0.318
0.319
0.319
0.319
0.319
0.319
0.32
0.32
0.32
0.32
0.32
0.32
0.32
0.321
0.321
0.321
0.321
0.321
0.321
0.322
0.322
0.322
0.323
0.324
0.324
0.325
0.325
0.325
0.325
0.326
0.326
0.326
0.327
0.327
0.328
0.328
0.328
0.329
0.329
0.329
0.329
0.329
0.329
0.329
0.33
0.33
0.331
0.331
0.333
0.333
0.333
0.334
0.335
0.335
0.335
0.336
0.336
0.336
0.337
0.337
0.337
0.337
0.337
0.337
0.338
0.338
0.338
0.338
0.338
0.338
0.339
0.34
0.34
0.34
0.34
0.34
0.341
0.341
0.341
0.341
0.341
0.342
0.342
0.342
0.343
0.343
0.343
0.343
0.344
0.344
0.344
0.344
0.345
0.346
0.347
0.347
0.347
0.347
0.347
0.348
0.348
0.349
0.349
0.349
0.349
0.349
0.35
0.351
0.351
0.352
0.353
0.353
0.353
0.353
0.354
0.354
0.354
0.354
0.355
0.355
0.356
0.356
0.357
0.357
0.358
0.359
0.359
0.36
0.36
0.36
0.36
0.361
0.362
0.362
0.362
0.363
0.363
0.363
0.364
0.365
0.366
0.366
0.366
0.367
0.367
0.367
0.367
0.367
0.367
0.368
0.368
0.37
0.37
0.37
0.372
0.372
0.373
0.374
0.377
0.378
0.378
0.378
0.378
0.378
0.379
0.38
0.38
0.381
0.381
0.381
0.382
0.382
0.383
0.383
0.384
0.385
0.385
0.385
0.386
0.387
0.388
0.388
0.388
0.389
0.389
0.389
0.39
0.39
0.39
0.391
0.391
0.391
0.393
0.394
0.394
0.394
0.394
0.394
0.395
0.396
0.397
0.398
0.398
0.398
0.398
0.399
0.399
0.399
0.4
0.4
0.402
0.402
0.404
0.404
0.404
0.406
0.406
0.407
0.408
0.409
0.409
0.409
0.41
0.411
0.411
0.411
0.413
0.414
0.414
0.414
0.416
0.417
0.418
0.418
0.419
0.421
0.421
0.421
0.422
0.423
0.423
0.423
0.424
0.424
0.428
0.429
0.43
0.43
0.431
0.431
0.431
0.431
0.433
0.433
0.433
0.435
0.435
0.435
0.436
0.437
0.438
0.438
0.44
0.441
0.441
0.443
0.444
0.445
0.446
0.446
0.448
0.448
0.448
0.448
0.448
0.448
0.449
0.449
0.449
0.45
0.45
0.451
0.451
0.452
0.452
0.453
0.453
0.453
0.453
0.455
0.455
0.456
0.457
0.458
0.459
0.459
0.46
0.46
0.46
0.462
0.464
0.465
0.465
0.465
0.467
0.468
0.468
0.471
0.471
0.471
0.471
0.472
0.472
0.473
0.474
0.474
0.474
0.474
0.476
0.476
0.478
0.478
0.478
0.48
0.481
0.481
0.482
0.484
0.484
0.484
0.486
0.486
0.486
0.488
0.49
0.491
0.494
0.498
0.498
0.498
0.499
0.499
0.501
0.502
0.507
0.507
0.511
0.511
0.512
0.513
0.514
0.514
0.517
0.518
0.52
0.52
0.522
0.523
0.523
0.524
0.525
0.528
0.531
0.533
0.535
0.535
0.535
0.538
0.539
0.541
0.542
0.547
0.548
0.549
0.551
0.552
0.553
0.554
0.554
0.557
0.557
0.561
0.561
0.562
0.564
0.565
0.566
0.567
0.569
0.574
0.575
0.579
0.579
0.585
0.593
0.596
0.598
0.598
0.599
0.601
0.604
0.605
0.611
0.613
0.618
0.623
0.625
0.639
0.645
0.654
0.655
0.658
0.66
0.662
0.688
0.69
0.696
