0.585
0.586
0.59
0.591
0.596
0.596
0.597
0.597
0.599
0.6
0.6
0.6
0.6
0.6
0.601
0.601
0.601
0.601
0.601
0.601
0.602
0.602
0.603
0.603
0.603
0.603
0.603
0.603
0.603
0.603
0.604
0.605
0.605
0.606
0.606
0.606
0.606
0.606
0.606
0.606
0.607
0.607
0.608
0.608
0.609
0.609
0.609
0.609
0.61
0.61
0.61
0.61
0.61
0.61
0.61
0.61
0.611
0.611
0.611
0.611
0.612
0.612
0.612
0.612
0.613
0.613
0.613
0.613
0.613
0.613
0.613
0.613
0.614
0.614
0.614
0.614
0.614
0.614
0.615
0.615
0.615
0.615
0.615
0.615
0.615
0.616
0.616
0.616
0.616
0.616
0.616
0.616
0.616
0.616
0.616
0.616
0.616
0.617
0.617
0.617
0.618
0.618
0.618
0.618
0.618
0.618
0.618
0.618
0.618
0.618
0.618
0.618
0.618
0.619
0.619
0.619
0.619
0.619
0.619
0.619
0.619
0.619
0.619
0.619
0.62
0.62
0.62
0.62
0.62
0.62
0.62
0.62
0.62
0.621
0.621
0.621
0.621
0.621
0.621
0.621
0.621
0.621
0.621
0.621
0.622
0.622
0.622
0.622
0.622
0.622
0.622
0.622
0.622
0.622
0.622
0.623
0.623
0.623
0.623
0.623
0.623
0.623
0.623
0.623
0.623
0.624
0.624
0.624
0.624
0.624
0.624
0.624
0.624
0.624
0.625
0.625
0.625
0.625
0.625
0.625
0.625
0.626
0.626
0.626
0.626
0.626
0.626
0.626
0.626
0.626
0.626
0.627
0.627
0.627
0.627
0.627
0.627
0.627
0.627
0.627
0.627
0.628
0.628
0.628
0.628
0.628
0.628
0.628
0.628
0.628
0.628
0.628
0.628
0.628
0.629
0.629
0.629
0.629
0.629
0.629
0.629
0.629
0.629
0.63
0.63
0.63
0.63
0.63
0.63
0.63
0.63
0.63
0.63
0.63
0.63
0.63
0.63
0.631
0.631
0.631
0.631
0.631
0.632
0.632
0.632
0.632
0.632
0.632
0.632
0.632
0.632
0.632
0.633
0.633
0.633
0.633
0.633
0.633
0.633
0.633
0.633
0.633
0.633
0.633
0.634
0.634
0.634
0.634
0.634
0.634
0.634
0.634
0.634
0.635
0.635
0.635
0.635
0.635
0.635
0.635
0.635
0.635
0.635
0.635
0.635
0.636
0.636
0.636
0.636
0.636
0.636
0.637
0.637
0.637
0.637
0.637
0.637
0.637
0.637
0.637
0.637
0.638
0.638
0.638
0.638
0.638
0.638
0.638
0.638
0.638
0.638
0.638
0.639
0.639
0.639
0.639
0.639
0.639
0.639
0.639
0.639
0.639
0.64
0.64
0.64
0.64
0.64
0.64
0.64
0.64
0.641
0.641
0.641
0.641
0.641
0.641
0.641
0.641
0.641
0.641
0.641
0.641
0.641
0.641
0.641
0.641
0.641
0.642
0.642
0.642
0.642
0.642
0.642
0.642
0.642
0.642
0.642
0.642
0.643
0.643
0.643
0.643
0.643
0.643
0.643
0.643
0.643
0.644
0.644
0.644
0.644
0.644
0.644
0.645
0.645
0.645
0.645
0.645
0.645
0.645
0.645
0.646
0.646
0.646
0.646
0.646
0.646
0.646
0.646
0.646
0.647
0.647
0.647
0.647
0.647
0.648
0.648
0.648
0.648
0.648
0.649
0.649
0.649
0.649
0.649
0.649
0.649
0.649
0.649
0.649
0.65
0.65
0.65
0.65
0.65
0.65
0.65
0.65
0.651
0.651
0.651
0.651
0.651
0.651
0.651
0.651
0.651
0.651
0.652
0.652
0.652
0.652
0.652
0.652
0.652
0.653
0.653
0.653
0.653
0.653
0.653
0.653
0.653
0.654
0.654
0.654
0.654
0.654
0.654
0.654
0.654
0.655
0.655
0.655
0.655
0.655
0.655
0.655
0.655
0.656
0.656
0.656
0.657
0.657
0.657
0.657
0.657
0.657
0.657
0.657
0.657
0.658
0.658
0.658
0.658
0.658
0.658
0.658
0.658
0.658
0.658
0.659
0.659
0.659
0.659
0.659
0.66
0.66
0.66
0.66
0.66
0.66
0.661
0.661
0.661
0.661
0.661
0.661
0.661
0.661
0.661
0.662
0.662
0.662
0.662
0.662
0.662
0.663
0.663
0.663
0.663
0.664
0.664
0.664
0.664
0.664
0.665
0.665
0.665
0.666
0.666
0.666
0.666
0.666
0.666
0.666
0.666
0.666
0.667
0.667
0.667
0.667
0.668
0.668
0.668
0.668
0.668
0.668
0.668
0.669
0.669
0.669
0.669
0.67
0.67
0.67
0.671
0.671
0.671
0.672
0.672
0.672
0.672
0.672
0.673
0.673
0.673
0.673
0.674
0.674
0.675
0.675
0.675
0.675
0.675
0.676
0.676
0.677
0.677
0.677
0.679
0.679
0.68
0.68
0.681
0.681
0.681
0.681
0.681
0.682
0.682
0.682
0.682
0.682
0.683
0.683
0.683
0.683
0.684
0.685
0.685
0.685
0.686
0.686
0.687
0.687
0.687
0.688
0.688
0.688
0.689
0.689
0.689
0.69
0.69
0.69
0.69
0.691
0.692
0.693
0.693
0.693
0.693
0.694
0.694
0.694
0.694
0.694
0.694
0.694
0.696
0.696
0.697
0.697
0.698
0.698
0.699
0.7
0.7
0.701
0.701
0.701
0.701
0.702
0.703
0.703
0.704
0.704
0.704
0.705
0.706
0.707
0.708
0.708
0.708
0.708
0.708
0.708
0.709
0.709
0.709
0.71
0.712
0.712
0.712
0.712
0.713
0.713
0.714
0.714
0.714
0.714
0.715
0.715
0.715
0.715
0.716
0.717
0.718
0.719
0.719
0.72
0.72
0.72
0.72
0.72
0.721
0.722
0.722
0.722
0.723
0.723
0.724
0.725
0.725
0.728
0.729
0.73
0.73
0.731
0.733
0.733
0.734
0.734
0.734
0.736
0.736
0.736
0.737
0.737
0.737
0.738
0.738
0.738
0.738
0.739
0.739
0.74
0.741
0.741
0.742
0.743
0.745
0.745
0.747
0.748
0.748
0.749
0.75
0.752
0.752
0.752
0.752
0.753
0.753
0.754
0.755
0.756
0.757
0.758
0.759
0.761
0.763
0.765
0.765
0.768
0.768
0.769
0.77
0.77
0.771
0.771
0.771
0.772
0.772
0.775
0.775
0.775
0.779
0.782
0.782
0.783
0.784
0.785
0.786
0.787
0.788
0.79
0.791
0.796
0.8
0.8
0.801
0.801
0.803
0.805
0.806
0.806
0.806
0.807
0.807
0.808
0.808
0.81
0.81
0.813
0.815
0.815
0.816
0.817
0.818
0.819
0.819
0.82
0.824
0.824
0.826
0.828
0.829
0.829
0.83
0.831
0.832
0.833
0.835
0.835
0.838
0.84
0.84
0.842
0.843
0.844
0.844
0.847
0.848
0.849
0.85
0.85
0.85
0.852
0.854
0.858
0.859
0.859
0.861
0.864
0.866
0.868
0.869
0.871
0.871
0.875
0.876
0.876
0.881
0.881
0.882
0.883
0.883
0.884
0.884
0.889
0.89
0.895
0.896
0.896
0.898
0.902
0.902
0.905
0.907
0.91
0.911
0.913
0.919
0.92
0.921
0.921
0.922
0.923
0.923
0.925
0.927
0.929
0.932
0.933
0.935
0.936
0.938
0.938
0.939
0.942
0.944
0.956
0.964
0.964
0.965
0.966
0.969
0.972
0.973
0.979
0.985
0.991
0.993
1
1
1
1
1
1
1
1
1
1
1
1
1
1
1
1
1
1
1
1
1
1
1
1
1
1
1
1
1
1
1
1
1
1
1
1
1
1
1
1
1
1
1
1
1
1
1
1
1
1
1
1
1
1
1
1
1
1
1
1
1
1
1
1
1
1
1
1
1
1
1
1
1
1
1
1
1
1
1
1
1
1
1
1
1
1
1
1
1
1
1
1
1
1
1
1
1
1
1
1
1
1
1
1
1
1
1
1
1
1
1
1
1
1
1
1
1
1
1
1
1
1
1
1
1
