0.574
0.589
0.59
0.591
0.591
0.591
0.591
0.591
0.593
0.593
0.595
0.596
0.596
0.596
0.597
0.597
0.597
0.597
0.598
0.598
0.599
0.6
0.6
0.601
0.601
0.601
0.602
0.602
0.602
0.602
0.603
0.603
0.603
0.604
0.604
0.604
0.604
0.605
0.605
0.605
0.605
0.606
0.606
0.606
0.607
0.607
0.607
0.608
0.608
0.608
0.608
0.608
0.608
0.608
0.608
0.609
0.609
0.609
0.609
0.61
0.61
0.61
0.61
0.61
0.61
0.611
0.611
0.611
0.611
0.612
0.612
0.612
0.612
0.612
0.612
0.613
0.613
0.613
0.613
0.613
0.613
0.613
0.613
0.614
0.614
0.614
0.614
0.614
0.614
0.614
0.614
0.614
0.614
0.614
0.615
0.615
0.615
0.615
0.615
0.615
0.615
0.616
0.616
0.616
0.616
0.616
0.616
0.616
0.616
0.616
0.616
0.616
0.616
0.616
0.617
0.617
0.617
0.617
0.618
0.618
0.618
0.618
0.618
0.618
0.619
0.619
0.619
0.619
0.62
0.62
0.62
0.62
0.62
0.62
0.62
0.62
0.62
0.621
0.621
0.621
0.621
0.621
0.621
0.621
0.621
0.621
0.622
0.622
0.622
0.622
0.622
0.622
0.623
0.623
0.623
0.623
0.623
0.623
0.624
0.624
0.624
0.624
0.624
0.624
0.624
0.624
0.624
0.624
0.625
0.625
0.625
0.625
0.626
0.626
0.626
0.626
0.626
0.626
0.626
0.626
0.626
0.626
0.626
0.627
0.627
0.627
0.627
0.627
0.628
0.628
0.628
0.628
0.628
0.629
0.629
0.629
0.629
0.629
0.629
0.629
0.629
0.629
0.629
0.629
0.629
0.629
0.63
0.63
0.63
0.63
0.63
0.63
0.63
0.63
0.63
0.63
0.63
0.63
0.631
0.631
0.631
0.631
0.631
0.631
0.631
0.631
0.631
0.631
0.631
0.631
0.631
0.631
0.632
0.632
0.632
0.632
0.632
0.632
0.632
0.632
0.632
0.632
0.632
0.632
0.632
0.632
0.632
0.632
0.633
0.633
0.633
0.633
0.633
0.633
0.633
0.633
0.633
0.633
0.633
0.633
0.633
0.633
0.633
0.633
0.633
0.634
0.634
0.634
0.634
0.634
0.634
0.634
0.635
0.635
0.635
0.635
0.635
0.635
0.635
0.635
0.635
0.636
0.636
0.636
0.636
0.636
0.636
0.636
0.636
0.636
0.636
0.637
0.637
0.637
0.637
0.637
0.637
0.637
0.637
0.638
0.638
0.638
0.638
0.638
0.638
0.638
0.638
0.638
0.638
0.638
0.639
0.639
0.639
0.639
0.639
0.639
0.639
0.639
0.639
0.639
0.639
0.64
0.64
0.64
0.64
0.641
0.641
0.641
0.641
0.641
0.641
0.641
0.641
0.642
0.642
0.642
0.642
0.642
0.642
0.642
0.643
0.643
0.643
0.643
0.643
0.643
0.643
0.644
0.644
0.644
0.644
0.644
0.644
0.644
0.644
0.645
0.645
0.645
0.645
0.645
0.645
0.645
0.645
0.646
0.646
0.646
0.646
0.646
0.646
0.646
0.646
0.646
0.647
0.647
0.647
0.647
0.647
0.647
0.647
0.647
0.647
0.647
0.647
0.647
0.648
0.648
0.648
0.648
0.648
0.648
0.648
0.648
0.648
0.649
0.649
0.649
0.649
0.649
0.649
0.649
0.649
0.649
0.65
0.65
0.65
0.65
0.65
0.65
0.651
0.651
0.651
0.651
0.651
0.651
0.651
0.652
0.652
0.652
0.652
0.652
0.652
0.652
0.652
0.652
0.653
0.653
0.653
0.653
0.653
0.653
0.654
0.654
0.654
0.654
0.654
0.654
0.654
0.654
0.654
0.655
0.655
0.655
0.655
0.655
0.655
0.655
0.656
0.656
0.656
0.656
0.656
0.656
0.656
0.657
0.657
0.657
0.657
0.657
0.658
0.658
0.658
0.658
0.658
0.658
0.658
0.658
0.658
0.659
0.659
0.659
0.659
0.66
0.66
0.66
0.661
0.661
0.661
0.661
0.661
0.661
0.662
0.662
0.662
0.662
0.662
0.662
0.662
0.663
0.663
0.663
0.663
0.663
0.663
0.663
0.664
0.664
0.664
0.664
0.664
0.664
0.664
0.665
0.665
0.665
0.665
0.666
0.666
0.667
0.668
0.668
0.668
0.668
0.668
0.668
0.669
0.669
0.669
0.669
0.669
0.669
0.669
0.67
0.67
0.67
0.67
0.671
0.671
0.672
0.672
0.672
0.672
0.672
0.672
0.672
0.673
0.674
0.674
0.674
0.674
0.675
0.676
0.676
0.676
0.676
0.676
0.676
0.677
0.678
0.678
0.678
0.678
0.678
0.678
0.679
0.679
0.679
0.679
0.679
0.679
0.68
0.68
0.681
0.681
0.681
0.681
0.682
0.682
0.682
0.683
0.683
0.683
0.683
0.683
0.683
0.683
0.683
0.684
0.684
0.684
0.684
0.685
0.685
0.685
0.685
0.685
0.685
0.686
0.686
0.687
0.687
0.687
0.687
0.688
0.688
0.689
0.689
0.689
0.69
0.69
0.69
0.691
0.691
0.691
0.691
0.691
0.691
0.691
0.691
0.692
0.693
0.693
0.694
0.695
0.695
0.695
0.695
0.696
0.696
0.696
0.696
0.698
0.698
0.699
0.701
0.701
0.701
0.702
0.702
0.703
0.704
0.706
0.706
0.707
0.707
0.708
0.708
0.708
0.709
0.709
0.71
0.71
0.711
0.712
0.712
0.713
0.713
0.713
0.714
0.714
0.714
0.715
0.715
0.715
0.716
0.716
0.717
0.718
0.718
0.722
0.723
0.724
0.725
0.725
0.725
0.726
0.726
0.726
0.727
0.728
0.729
0.729
0.729
0.73
0.73
0.73
0.73
0.731
0.732
0.733
0.734
0.734
0.737
0.738
0.738
0.739
0.739
0.739
0.74
0.741
0.741
0.743
0.745
0.746
0.746
0.748
0.749
0.749
0.749
0.75
0.751
0.751
0.752
0.752
0.753
0.754
0.754
0.755
0.755
0.755
0.755
0.756
0.757
0.758
0.759
0.76
0.76
0.76
0.762
0.762
0.763
0.764
0.764
0.767
0.77
0.77
0.771
0.774
0.775
0.775
0.776
0.777
0.778
0.778
0.778
0.778
0.778
0.78
0.78
0.781
0.784
0.784
0.785
0.785
0.786
0.786
0.786
0.787
0.787
0.789
0.79
0.791
0.793
0.796
0.796
0.796
0.796
0.797
0.797
0.797
0.799
0.799
0.8
0.801
0.801
0.802
0.803
0.804
0.804
0.805
0.806
0.806
0.807
0.809
0.81
0.811
0.814
0.815
0.818
0.819
0.822
0.822
0.822
0.823
0.823
0.824
0.825
0.826
0.826
0.827
0.828
0.833
0.834
0.836
0.839
0.839
0.841
0.841
0.842
0.844
0.845
0.846
0.848
0.85
0.854
0.859
0.859
0.859
0.86
0.861
0.862
0.865
0.866
0.866
0.866
0.868
0.869
0.869
0.871
0.873
0.879
0.88
0.881
0.883
0.888
0.888
0.89
0.892
0.893
0.895
0.907
0.908
0.909
0.914
0.916
0.917
0.919
0.92
0.922
0.927
0.927
0.927
0.93
0.932
0.933
0.934
0.935
0.937
0.94
0.942
0.943
0.952
0.953
0.954
0.958
0.958
0.958
0.96
0.962
0.962
0.963
0.967
0.969
0.969
0.978
0.979
0.984
0.986
0.988
0.992
0.994
0.994
0.995
0.995
0.998
0.999
1
1
1
1
1
1
1
1
1
1
1
1
1
1
1
1
1
1
1
1
1
1
1
1
1
1
1
1
1
1
1
1
1
1
1
1
1
1
1
1
1
1
1
1
1
1
1
1
1
1
1
1
1
1
1
1
1
1
1
1
1
1
1
1
1
1
1
1
1
1
1
1
1
1
1
1
1
1
1
1
1
1
1
1
1
1
1
1
1
1
1
1
1
1
1
1
1
1
1
1
1
1
1
1
1
1
1
1
1
1
1
1
1
1
1
1
1
1
1
1
1
1
1
1
1
