0.211
0.211
0.211
0.211
0.211
0.211
0.211
0.211
0.211
0.211
0.211
0.212
0.212
0.212
0.212
0.212
0.212
0.212
0.212
0.212
0.212
0.212
0.212
0.212
0.212
0.212
0.212
0.212
0.212
0.212
0.213
0.213
0.213
0.213
0.213
0.213
0.213
0.213
0.213
0.213
0.213
0.214
0.214
0.214
0.214
0.214
0.214
0.214
0.214
0.214
0.214
0.214
0.214
0.214
0.214
0.214
0.214
0.215
0.215
0.215
0.215
0.215
0.215
0.215
0.215
0.215
0.215
0.215
0.215
0.215
0.215
0.215
0.215
0.215
0.216
0.216
0.216
0.216
0.216
0.216
0.216
0.216
0.216
0.217
0.217
0.217
0.217
0.217
0.217
0.217
0.217
0.217
0.217
0.217
0.217
0.217
0.217
0.218
0.218
0.218
0.218
0.218
0.218
0.218
0.218
0.218
0.218
0.218
0.218
0.218
0.218
0.218
0.218
0.218
0.219
0.219
0.219
0.219
0.219
0.219
0.219
0.219
0.219
0.219
0.219
0.219
0.219
0.219
0.22
0.22
0.22
0.22
0.22
0.22
0.22
0.22
0.22
0.22
0.22
0.22
0.22
0.22
0.22
0.22
0.221
0.221
0.221
0.221
0.221
0.221
0.221
0.221
0.221
0.222
0.222
0.222
0.222
0.222
0.222
0.222
0.222
0.222
0.222
0.222
0.222
0.222
0.222
0.222
0.223
0.223
0.223
0.223
0.223
0.223
0.223
0.223
0.223
0.224
0.224
0.224
0.224
0.224
0.224
0.224
0.224
0.224
0.224
0.224
0.224
0.224
0.224
0.225
0.225
0.225
0.225
0.225
0.225
0.225
0.225
0.225
0.225
0.226
0.226
0.226
0.226
0.226
0.226
0.226
0.227
0.227
0.227
0.227
0.227
0.227
0.227
0.227
0.227
0.227
0.227
0.227
0.228
0.228
0.228
0.228
0.228
0.228
0.228
0.228
0.228
0.228
0.228
0.228
0.228
0.229
0.229
0.229
0.229
0.229
0.229
0.229
0.229
0.23
0.23
0.23
0.23
0.23
0.23
0.23
0.231
0.231
0.231
0.231
0.231
0.231
0.231
0.231
0.232
0.232
0.232
0.232
0.232
0.232
0.232
0.232
0.232
0.232
0.232
0.233
0.233
0.233
0.233
0.233
0.233
0.233
0.233
0.233
0.233
0.234
0.234
0.234
0.234
0.234
0.234
0.234
0.234
0.234
0.234
0.234
0.234
0.234
0.235
0.235
0.235
0.235
0.235
0.235
0.235
0.235
0.235
0.236
0.236
0.236
0.236
0.236
0.236
0.236
0.237
0.237
0.237
0.237
0.237
0.237
0.237
0.237
0.237
0.238
0.238
0.238
0.238
0.238
0.238
0.238
0.238
0.238
0.238
0.238
0.238
0.239
0.239
0.239
0.24
0.24
0.24
0.24
0.24
0.24
0.24
0.24
0.24
0.24
0.24
0.241
0.241
0.241
0.241
0.241
0.241
0.241
0.241
0.241
0.242
0.242
0.242
0.242
0.242
0.242
0.242
0.242
0.242
0.242
0.243
0.243
0.243
0.243
0.243
0.243
0.243
0.243
0.244
0.244
0.244
0.244
0.244
0.244
0.244
0.244
0.244
0.244
0.245
0.245
0.245
0.245
0.245
0.245
0.245
0.245
0.245
0.245
0.245
0.245
0.245
0.246
0.246
0.246
0.246
0.246
0.246
0.246
0.246
0.246
0.247
0.247
0.247
0.247
0.247
0.247
0.247
0.247
0.247
0.248
0.248
0.248
0.248
0.248
0.248
0.248
0.249
0.249
0.249
0.249
0.249
0.249
0.249
0.249
0.249
0.249
0.249
0.25
0.25
0.25
0.25
0.25
0.25
0.25
0.25
0.25
0.25
0.25
0.25
0.25
0.251
0.251
0.251
0.251
0.251
0.251
0.252
0.252
0.252
0.252
0.252
0.252
0.252
0.252
0.252
0.252
0.253
0.253
0.253
0.253
0.253
0.253
0.253
0.253
0.254
0.254
0.254
0.254
0.254
0.254
0.255
0.255
0.255
0.255
0.255
0.255
0.255
0.255
0.255
0.256
0.256
0.256
0.257
0.257
0.257
0.257
0.257
0.258
0.259
0.259
0.259
0.259
0.259
0.26
0.26
0.26
0.26
0.26
0.26
0.26
0.261
0.261
0.261
0.261
0.261
0.261
0.261
0.261
0.262
0.262
0.262
0.262
0.262
0.263
0.263
0.263
0.263
0.263
0.263
0.263
0.263
0.263
0.263
0.264
0.264
0.264
0.264
0.265
0.265
0.265
0.265
0.265
0.266
0.266
0.266
0.267
0.267
0.267
0.267
0.267
0.267
0.268
0.268
0.268
0.269
0.269
0.269
0.269
0.27
0.27
0.27
0.27
0.271
0.271
0.271
0.271
0.271
0.271
0.271
0.271
0.271
0.271
0.271
0.272
0.272
0.272
0.272
0.273
0.273
0.273
0.273
0.274
0.274
0.274
0.274
0.274
0.274
0.274
0.275
0.275
0.275
0.276
0.276
0.276
0.276
0.277
0.277
0.278
0.278
0.279
0.279
0.279
0.279
0.279
0.279
0.28
0.28
0.28
0.28
0.28
0.28
0.281
0.281
0.281
0.281
0.282
0.282
0.282
0.283
0.283
0.283
0.284
0.284
0.284
0.285
0.285
0.285
0.285
0.285
0.286
0.286
0.286
0.286
0.286
0.286
0.288
0.288
0.288
0.289
0.289
0.289
0.29
0.29
0.29
0.29
0.29
0.29
0.291
0.291
0.292
0.292
0.292
0.292
0.292
0.292
0.292
0.293
0.293
0.293
0.293
0.294
0.294
0.294
0.294
0.294
0.295
0.296
0.296
0.296
0.296
0.297
0.297
0.297
0.298
0.298
0.298
0.299
0.299
0.299
0.3
0.3
0.3
0.3
0.301
0.301
0.301
0.301
0.302
0.302
0.303
0.303
0.303
0.303
0.303
0.303
0.303
0.304
0.304
0.305
0.305
0.305
0.306
0.306
0.308
0.308
0.309
0.309
0.31
0.31
0.31
0.31
0.311
0.312
0.312
0.313
0.313
0.313
0.313
0.313
0.314
0.314
0.314
0.314
0.314
0.315
0.315
0.315
0.316
0.316
0.317
0.318
0.318
0.319
0.319
0.319
0.319
0.32
0.32
0.32
0.32
0.321
0.322
0.322
0.322
0.323
0.323
0.323
0.323
0.323
0.323
0.324
0.324
0.324
0.325
0.325
0.326
0.326
0.326
0.326
0.327
0.327
0.327
0.327
0.328
0.328
0.328
0.328
0.329
0.329
0.33
0.33
0.331
0.331
0.331
0.331
0.332
0.333
0.333
0.334
0.334
0.335
0.335
0.335
0.336
0.337
0.337
0.339
0.339
0.34
0.341
0.341
0.341
0.342
0.342
0.344
0.344
0.344
0.345
0.345
0.345
0.345
0.346
0.349
0.349
0.35
0.351
0.351
0.351
0.352
0.352
0.354
0.355
0.356
0.357
0.357
0.358
0.358
0.359
0.359
0.36
0.361
0.361
0.362
0.362
0.363
0.364
0.365
0.365
0.365
0.366
0.366
0.366
0.366
0.367
0.367
0.367
0.368
0.369
0.369
0.37
0.37
0.37
0.371
0.371
0.373
0.374
0.375
0.376
0.376
0.377
0.378
0.379
0.38
0.382
0.382
0.382
0.385
0.385
0.386
0.388
0.388
0.389
0.39
0.39
0.39
0.39
0.391
0.394
0.394
0.395
0.398
0.398
0.402
0.402
0.403
0.404
0.404
0.404
0.405
0.407
0.407
0.408
0.409
0.411
0.411
0.413
0.415
0.416
0.417
0.419
0.42
0.421
0.422
0.422
0.424
0.425
0.426
0.429
0.43
0.43
0.431
0.432
0.432
0.436
0.437
0.441
0.441
0.445
0.445
0.446
0.448
0.448
0.449
0.451
0.452
0.457
0.458
0.458
0.46
0.462
0.465
0.467
0.469
0.47
0.471
0.471
0.472
0.483
0.483
0.485
0.486
0.49
0.491
0.492
0.493
0.495
0.497
0.502
0.509
0.511
0.512
0.513
0.514
0.516
0.516
0.518
0.52
0.523
0.534
0.535
0.539
0.539
0.541
0.542
0.542
0.545
0.549
0.554
0.556
0.557
0.56
0.562
0.563
0.564
0.564
0.572
0.576
0.576
0.577
0.578
0.58
0.59
0.594
0.595
0.597
0.599
0.603
0.608
0.614
0.614
0.616
0.617
0.617
0.618
0.624
0.629
0.631
0.642
0.643
0.647
0.65
0.653
0.661
0.673
0.685
0.699
0.7
0.716
0.717
0.72
0.721
0.731
0.733
0.75
0.77
0.774
0.817
0.823
0.834
0.881
