0.209
0.21
0.21
0.211
0.211
0.211
0.211
0.211
0.211
0.211
0.211
0.211
0.211
0.211
0.211
0.211
0.211
0.211
0.211
0.212
0.212
0.212
0.212
0.212
0.212
0.212
0.212
0.212
0.212
0.212
0.212
0.212
0.212
0.212
0.213
0.213
0.213
0.213
0.213
0.213
0.213
0.213
0.213
0.213
0.213
0.213
0.213
0.213
0.213
0.213
0.214
0.214
0.214
0.214
0.214
0.214
0.214
0.214
0.214
0.214
0.214
0.214
0.214
0.214
0.215
0.215
0.215
0.215
0.215
0.215
0.215
0.215
0.215
0.215
0.215
0.215
0.215
0.215
0.215
0.216
0.216
0.216
0.216
0.216
0.216
0.216
0.216
0.216
0.216
0.216
0.217
0.217
0.217
0.217
0.217
0.217
0.217
0.217
0.217
0.217
0.217
0.217
0.217
0.217
0.217
0.218
0.218
0.218
0.218
0.218
0.218
0.218
0.218
0.218
0.218
0.219
0.219
0.219
0.219
0.219
0.219
0.219
0.219
0.219
0.219
0.219
0.22
0.22
0.22
0.22
0.22
0.22
0.22
0.22
0.22
0.22
0.22
0.22
0.221
0.221
0.221
0.221
0.221
0.221
0.221
0.221
0.221
0.221
0.221
0.221
0.221
0.221
0.221
0.222
0.222
0.222
0.222
0.222
0.222
0.222
0.222
0.222
0.222
0.222
0.222
0.222
0.222
0.223
0.223
0.223
0.223
0.223
0.223
0.223
0.223
0.223
0.224
0.224
0.224
0.224
0.224
0.224
0.224
0.224
0.224
0.224
0.225
0.225
0.225
0.225
0.225
0.225
0.225
0.226
0.226
0.226
0.226
0.226
0.226
0.226
0.226
0.226
0.226
0.226
0.226
0.226
0.227
0.227
0.227
0.227
0.227
0.227
0.227
0.228
0.228
0.228
0.228
0.228
0.228
0.229
0.229
0.229
0.229
0.229
0.229
0.229
0.229
0.229
0.23
0.23
0.23
0.23
0.23
0.23
0.23
0.23
0.23
0.23
0.23
0.23
0.23
0.23
0.23
0.231
0.231
0.231
0.231
0.231
0.231
0.231
0.231
0.231
0.231
0.231
0.231
0.232
0.232
0.232
0.232
0.232
0.232
0.232
0.232
0.232
0.233
0.233
0.233
0.233
0.233
0.233
0.234
0.234
0.234
0.234
0.234
0.234
0.234
0.235
0.235
0.235
0.235
0.235
0.235
0.235
0.235
0.235
0.235
0.235
0.235
0.235
0.236
0.236
0.236
0.236
0.236
0.236
0.236
0.236
0.237
0.237
0.237
0.237
0.237
0.237
0.237
0.238
0.238
0.238
0.238
0.238
0.238
0.238
0.238
0.238
0.238
0.238
0.238
0.239
0.239
0.239
0.239
0.239
0.24
0.24
0.24
0.24
0.24
0.24
0.24
0.24
0.24
0.24
0.24
0.241
0.241
0.242
0.242
0.242
0.242
0.242
0.242
0.242
0.242
0.242
0.242
0.242
0.242
0.242
0.243
0.243
0.243
0.243
0.243
0.243
0.243
0.243
0.243
0.243
0.244
0.244
0.244
0.244
0.244
0.244
0.245
0.245
0.245
0.245
0.246
0.246
0.246
0.246
0.246
0.246
0.246
0.246
0.246
0.246
0.247
0.247
0.247
0.247
0.247
0.248
0.248
0.248
0.248
0.248
0.248
0.248
0.248
0.249
0.249
0.249
0.249
0.249
0.249
0.249
0.249
0.25
0.25
0.25
0.25
0.251
0.251
0.251
0.251
0.251
0.251
0.251
0.251
0.251
0.252
0.252
0.252
0.252
0.252
0.253
0.253
0.253
0.253
0.253
0.253
0.253
0.253
0.254
0.254
0.254
0.254
0.254
0.254
0.254
0.255
0.255
0.255
0.256
0.256
0.256
0.256
0.256
0.257
0.257
0.257
0.257
0.257
0.258
0.258
0.258
0.258
0.258
0.259
0.259
0.259
0.259
0.259
0.259
0.259
0.259
0.26
0.26
0.26
0.26
0.26
0.26
0.261
0.261
0.261
0.261
0.261
0.261
0.261
0.261
0.262
0.262
0.262
0.262
0.262
0.263
0.263
0.264
0.264
0.264
0.264
0.264
0.264
0.264
0.265
0.265
0.265
0.265
0.265
0.265
0.266
0.266
0.266
0.267
0.267
0.267
0.267
0.267
0.268
0.268
0.268
0.268
0.269
0.269
0.269
0.269
0.269
0.269
0.269
0.269
0.269
0.27
0.27
0.27
0.27
0.27
0.271
0.271
0.271
0.272
0.272
0.272
0.272
0.272
0.272
0.273
0.273
0.273
0.273
0.273
0.274
0.274
0.274
0.274
0.274
0.275
0.275
0.275
0.275
0.276
0.276
0.276
0.276
0.276
0.277
0.277
0.277
0.277
0.277
0.277
0.277
0.277
0.277
0.278
0.278
0.278
0.278
0.278
0.278
0.278
0.279
0.279
0.279
0.279
0.28
0.28
0.28
0.281
0.281
0.281
0.282
0.282
0.282
0.282
0.282
0.283
0.283
0.283
0.283
0.283
0.283
0.283
0.283
0.284
0.284
0.285
0.285
0.285
0.285
0.285
0.285
0.285
0.285
0.285
0.285
0.286
0.286
0.286
0.286
0.287
0.287
0.287
0.287
0.287
0.287
0.288
0.288
0.288
0.288
0.289
0.289
0.289
0.289
0.289
0.289
0.29
0.29
0.29
0.291
0.291
0.291
0.292
0.293
0.293
0.293
0.294
0.294
0.294
0.295
0.295
0.295
0.295
0.295
0.296
0.297
0.297
0.298
0.298
0.298
0.298
0.299
0.299
0.3
0.3
0.301
0.301
0.301
0.301
0.301
0.301
0.301
0.302
0.302
0.302
0.302
0.303
0.303
0.303
0.304
0.304
0.304
0.304
0.304
0.304
0.305
0.305
0.305
0.305
0.306
0.306
0.306
0.306
0.306
0.307
0.307
0.307
0.308
0.308
0.308
0.308
0.309
0.309
0.309
0.31
0.31
0.31
0.31
0.31
0.311
0.311
0.311
0.311
0.311
0.312
0.312
0.312
0.313
0.313
0.313
0.313
0.313
0.314
0.315
0.315
0.316
0.316
0.316
0.317
0.317
0.318
0.318
0.318
0.319
0.319
0.319
0.319
0.319
0.32
0.321
0.321
0.321
0.321
0.321
0.321
0.321
0.322
0.322
0.323
0.323
0.323
0.325
0.325
0.325
0.326
0.327
0.328
0.328
0.328
0.329
0.329
0.33
0.331
0.331
0.331
0.331
0.331
0.331
0.333
0.333
0.334
0.334
0.335
0.335
0.335
0.336
0.337
0.337
0.337
0.337
0.338
0.338
0.339
0.339
0.339
0.34
0.341
0.341
0.342
0.342
0.342
0.342
0.343
0.343
0.344
0.344
0.345
0.345
0.345
0.345
0.346
0.346
0.346
0.346
0.346
0.347
0.347
0.347
0.348
0.349
0.349
0.352
0.352
0.352
0.352
0.354
0.354
0.355
0.356
0.356
0.356
0.356
0.357
0.357
0.357
0.357
0.358
0.359
0.36
0.36
0.36
0.362
0.362
0.364
0.365
0.366
0.367
0.368
0.37
0.371
0.371
0.371
0.372
0.372
0.372
0.373
0.374
0.374
0.374
0.376
0.376
0.376
0.378
0.378
0.378
0.378
0.379
0.381
0.381
0.382
0.383
0.384
0.387
0.387
0.387
0.388
0.389
0.391
0.392
0.392
0.393
0.394
0.397
0.397
0.398
0.399
0.399
0.4
0.4
0.4
0.4
0.402
0.403
0.404
0.405
0.406
0.406
0.406
0.407
0.407
0.41
0.411
0.412
0.413
0.414
0.414
0.414
0.415
0.416
0.417
0.417
0.417
0.42
0.421
0.421
0.424
0.425
0.427
0.427
0.428
0.428
0.432
0.433
0.434
0.434
0.437
0.438
0.438
0.44
0.442
0.443
0.444
0.447
0.447
0.449
0.45
0.452
0.453
0.453
0.453
0.453
0.455
0.455
0.461
0.463
0.466
0.468
0.47
0.471
0.471
0.472
0.472
0.474
0.476
0.476
0.478
0.479
0.481
0.485
0.486
0.486
0.487
0.488
0.499
0.5
0.504
0.504
0.506
0.507
0.508
0.51
0.51
0.511
0.512
0.516
0.519
0.52
0.52
0.522
0.523
0.527
0.531
0.532
0.535
0.535
0.54
0.542
0.546
0.547
0.549
0.549
0.55
0.553
0.559
0.564
0.566
0.566
0.568
0.576
0.588
0.589
0.591
0.595
0.598
0.598
0.606
0.611
0.612
0.618
0.622
0.624
0.637
0.64
0.641
0.656
0.677
0.681
0.687
0.697
0.739
0.743
0.747
0.75
0.753
0.756
0.816
0.842
0.894
0.903
