0.157
0.16
0.165
0.165
0.166
0.172
0.174
0.175
0.176
0.176
0.178
0.178
0.178
0.179
0.179
0.179
0.179
0.18
0.18
0.181
0.181
0.182
0.182
0.182
0.183
0.184
0.184
0.184
0.184
0.184
0.185
0.185
0.185
0.185
0.186
0.186
0.186
0.186
0.186
0.186
0.187
0.187
0.187
0.187
0.187
0.187
0.187
0.187
0.187
0.188
0.188
0.188
0.188
0.188
0.188
0.189
0.189
0.189
0.189
0.189
0.189
0.189
0.189
0.19
0.19
0.19
0.19
0.19
0.19
0.19
0.19
0.19
0.191
0.192
0.192
0.192
0.192
0.192
0.192
0.193
0.193
0.193
0.193
0.193
0.193
0.193
0.193
0.193
0.193
0.194
0.194
0.194
0.194
0.194
0.194
0.194
0.194
0.194
0.194
0.195
0.195
0.195
0.195
0.195
0.195
0.196
0.196
0.196
0.196
0.196
0.196
0.196
0.196
0.196
0.196
0.196
0.196
0.196
0.196
0.197
0.197
0.197
0.197
0.197
0.197
0.197
0.197
0.197
0.197
0.197
0.197
0.197
0.197
0.198
0.198
0.198
0.198
0.198
0.198
0.198
0.198
0.198
0.198
0.198
0.198
0.198
0.198
0.198
0.199
0.199
0.199
0.199
0.199
0.199
0.199
0.199
0.199
0.199
0.199
0.199
0.199
0.199
0.199
0.2
0.2
0.2
0.2
0.2
0.2
0.2
0.2
0.2
0.2
0.2
0.2
0.2
0.2
0.2
0.201
0.201
0.201
0.201
0.201
0.201
0.201
0.201
0.201
0.201
0.201
0.201
0.201
0.201
0.201
0.201
0.201
0.201
0.202
0.202
0.202
0.202
0.202
0.202
0.202
0.202
0.202
0.202
0.202
0.202
0.202
0.203
0.203
0.203
0.203
0.203
0.203
0.203
0.203
0.203
0.203
0.203
0.203
0.203
0.203
0.203
0.203
0.203
0.203
0.203
0.203
0.203
0.203
0.203
0.204
0.204
0.204
0.204
0.204
0.204
0.204
0.204
0.204
0.204
0.204
0.204
0.204
0.204
0.204
0.204
0.204
0.205
0.205
0.205
0.205
0.205
0.205
0.205
0.205
0.205
0.205
0.205
0.205
0.205
0.205
0.206
0.206
0.206
0.206
0.206
0.206
0.206
0.206
0.206
0.206
0.206
0.206
0.207
0.207
0.207
0.207
0.207
0.207
0.207
0.207
0.207
0.207
0.207
0.207
0.207
0.207
0.207
0.207
0.207
0.207
0.208
0.208
0.208
0.208
0.208
0.208
0.208
0.208
0.208
0.208
0.208
0.208
0.208
0.208
0.208
0.208
0.208
0.209
0.209
0.209
0.209
0.209
0.209
0.209
0.209
0.209
0.209
0.209
0.209
0.209
0.209
0.209
0.209
0.209
0.209
0.209
0.21
0.21
0.21
0.21
0.21
0.21
0.21
0.21
0.21
0.21
0.21
0.21
0.21
0.21
0.21
0.21
0.21
0.21
0.211
0.211
0.211
0.211
0.211
0.211
0.211
0.211
0.211
0.211
0.211
0.211
0.211
0.211
0.211
0.211
0.211
0.211
0.211
0.212
0.212
0.212
0.212
0.212
0.212
0.212
0.212
0.212
0.212
0.212
0.212
0.212
0.212
0.212
0.212
0.212
0.212
0.212
0.212
0.212
0.212
0.212
0.212
0.212
0.213
0.213
0.213
0.213
0.213
0.213
0.213
0.213
0.213
0.213
0.213
0.213
0.213
0.213
0.214
0.214
0.214
0.214
0.214
0.214
0.214
0.214
0.214
0.214
0.214
0.214
0.214
0.214
0.214
0.214
0.214
0.214
0.214
0.214
0.215
0.215
0.215
0.215
0.215
0.215
0.215
0.215
0.215
0.215
0.215
0.215
0.215
0.215
0.216
0.216
0.216
0.216
0.216
0.216
0.216
0.216
0.216
0.216
0.216
0.216
0.217
0.217
0.217
0.217
0.217
0.217
0.217
0.217
0.217
0.217
0.217
0.217
0.218
0.218
0.218
0.218
0.218
0.218
0.218
0.218
0.218
0.218
0.218
0.218
0.218
0.218
0.218
0.218
0.218
0.218
0.218
0.219
0.219
0.219
0.219
0.219
0.219
0.219
0.219
0.219
0.219
0.219
0.219
0.219
0.219
0.219
0.219
0.219
0.22
0.22
0.22
0.22
0.22
0.22
0.22
0.22
0.22
0.22
0.221
0.221
0.221
0.221
0.221
0.221
0.221
0.221
0.221
0.221
0.221
0.221
0.221
0.221
0.221
0.221
0.221
0.221
0.221
0.221
0.222
0.222
0.222
0.222
0.222
0.222
0.222
0.222
0.222
0.222
0.222
0.223
0.223
0.223
0.223
0.223
0.223
0.223
0.224
0.224
0.224
0.224
0.224
0.224
0.224
0.224
0.224
0.224
0.224
0.224
0.225
0.225
0.225
0.225
0.225
0.225
0.225
0.225
0.225
0.225
0.226
0.226
0.226
0.226
0.226
0.226
0.226
0.226
0.226
0.226
0.226
0.226
0.226
0.226
0.227
0.227
0.227
0.227
0.227
0.227
0.227
0.227
0.227
0.227
0.227
0.227
0.228
0.228
0.228
0.228
0.228
0.228
0.228
0.228
0.228
0.228
0.229
0.229
0.229
0.229
0.229
0.229
0.229
0.23
0.23
0.23
0.23
0.23
0.23
0.23
0.23
0.23
0.23
0.23
0.231
0.231
0.231
0.231
0.231
0.231
0.232
0.232
0.232
0.232
0.232
0.232
0.232
0.232
0.232
0.232
0.232
0.233
0.233
0.233
0.233
0.233
0.233
0.233
0.233
0.233
0.234
0.234
0.234
0.234
0.234
0.234
0.234
0.235
0.235
0.235
0.235
0.235
0.235
0.235
0.235
0.235
0.236
0.236
0.236
0.236
0.236
0.236
0.236
0.236
0.236
0.236
0.237
0.237
0.237
0.237
0.237
0.238
0.238
0.238
0.238
0.238
0.238
0.238
0.238
0.239
0.239
0.239
0.239
0.239
0.24
0.24
0.24
0.24
0.24
0.24
0.241
0.241
0.241
0.241
0.242
0.242
0.242
0.242
0.242
0.243
0.243
0.243
0.243
0.243
0.243
0.243
0.243
0.243
0.243
0.244
0.244
0.244
0.244
0.244
0.244
0.245
0.245
0.245
0.245
0.245
0.246
0.246
0.246
0.246
0.246
0.247
0.247
0.247
0.247
0.247
0.247
0.248
0.248
0.248
0.248
0.249
0.249
0.249
0.249
0.249
0.249
0.25
0.25
0.251
0.251
0.251
0.251
0.251
0.251
0.252
0.252
0.252
0.252
0.252
0.252
0.252
0.252
0.253
0.253
0.253
0.253
0.253
0.253
0.254
0.254
0.254
0.254
0.255
0.255
0.255
0.256
0.256
0.256
0.257
0.257
0.259
0.26
0.261
0.261
0.262
0.262
0.262
0.263
0.263
0.263
0.263
0.264
0.264
0.264
0.265
0.265
0.265
0.265
0.265
0.265
0.265
0.265
0.266
0.266
0.267
0.267
0.267
0.267
0.268
0.268
0.268
0.268
0.268
0.269
0.269
0.269
0.27
0.27
0.27
0.271
0.271
0.272
0.273
0.273
0.274
0.274
0.274
0.275
0.275
0.276
0.277
0.277
0.277
0.278
0.279
0.279
0.279
0.28
0.28
0.28
0.283
0.283
0.285
0.286
0.286
0.286
0.287
0.289
0.29
0.29
0.291
0.291
0.292
0.292
0.293
0.294
0.294
0.294
0.296
0.298
0.298
0.299
0.3
0.3
0.301
0.302
0.305
0.305
0.305
0.307
0.307
0.307
0.307
0.307
0.307
0.308
0.308
0.31
0.31
0.311
0.312
0.313
0.314
0.316
0.316
0.316
0.317
0.317
0.319
0.319
0.32
0.32
0.322
0.323
0.323
0.324
0.325
0.326
0.327
0.328
0.33
0.331
0.331
0.331
0.332
0.333
0.333
0.335
0.335
0.336
0.337
0.341
0.343
0.348
0.351
0.351
0.356
0.358
0.359
0.359
0.359
0.361
0.362
0.368
0.369
0.37
0.373
0.373
0.375
0.378
0.379
0.381
0.383
0.386
0.391
0.391
0.394
0.397
0.401
0.402
0.403
0.404
0.405
0.407
0.417
0.42
0.424
0.428
0.43
0.431
0.433
0.434
0.447
0.448
0.449
0.451
0.452
0.452
0.458
0.459
0.464
0.466
0.471
0.481
0.481
0.481
0.485
0.493
0.498
0.502
0.507
0.508
0.512
0.519
0.519
0.528
0.536
0.536
0.558
0.558
0.564
0.578
0.58
0.583
0.584
0.585
0.6
0.612
0.616
0.634
0.646
0.652
0.659
0.68
0.7
0.724
