0.211
0.211
0.211
0.211
0.211
0.211
0.211
0.211
0.211
0.211
0.212
0.212
0.212
0.212
0.212
0.212
0.212
0.212
0.212
0.212
0.212
0.212
0.213
0.213
0.213
0.213
0.213
0.213
0.213
0.213
0.213
0.213
0.213
0.213
0.213
0.214
0.214
0.214
0.214
0.214
0.214
0.214
0.214
0.214
0.214
0.214
0.214
0.214
0.215
0.215
0.215
0.215
0.215
0.215
0.216
0.216
0.216
0.216
0.216
0.216
0.216
0.216
0.216
0.216
0.216
0.216
0.216
0.216
0.216
0.216
0.217
0.217
0.217
0.217
0.217
0.217
0.217
0.217
0.217
0.217
0.217
0.217
0.217
0.217
0.217
0.217
0.217
0.217
0.217
0.217
0.217
0.218
0.218
0.218
0.218
0.218
0.218
0.218
0.218
0.219
0.219
0.219
0.219
0.219
0.219
0.219
0.219
0.219
0.219
0.219
0.219
0.219
0.219
0.219
0.219
0.219
0.22
0.22
0.22
0.22
0.22
0.22
0.22
0.22
0.22
0.22
0.221
0.221
0.221
0.221
0.221
0.221
0.221
0.221
0.222
0.222
0.222
0.222
0.222
0.222
0.222
0.222
0.222
0.222
0.222
0.222
0.222
0.222
0.223
0.223
0.223
0.223
0.223
0.223
0.223
0.223
0.223
0.223
0.223
0.223
0.223
0.223
0.223
0.223
0.224
0.224
0.224
0.224
0.224
0.224
0.224
0.224
0.224
0.224
0.224
0.224
0.225
0.225
0.225
0.225
0.225
0.225
0.225
0.225
0.225
0.225
0.226
0.226
0.226
0.226
0.226
0.226
0.226
0.226
0.226
0.226
0.226
0.226
0.226
0.226
0.226
0.227
0.227
0.227
0.227
0.227
0.227
0.227
0.227
0.227
0.227
0.227
0.227
0.228
0.228
0.228
0.228
0.228
0.228
0.228
0.228
0.228
0.229
0.229
0.229
0.229
0.229
0.229
0.229
0.229
0.229
0.229
0.229
0.229
0.229
0.229
0.229
0.229
0.229
0.23
0.23
0.23
0.23
0.23
0.23
0.23
0.231
0.231
0.231
0.231
0.231
0.231
0.231
0.231
0.231
0.231
0.231
0.232
0.232
0.232
0.232
0.232
0.232
0.232
0.232
0.232
0.232
0.232
0.232
0.232
0.232
0.232
0.232
0.232
0.232
0.232
0.233
0.233
0.233
0.233
0.233
0.233
0.233
0.233
0.233
0.233
0.233
0.234
0.234
0.234
0.234
0.234
0.234
0.234
0.234
0.234
0.234
0.234
0.234
0.234
0.234
0.234
0.235
0.235
0.235
0.235
0.235
0.235
0.235
0.235
0.235
0.235
0.236
0.236
0.236
0.236
0.236
0.236
0.236
0.236
0.236
0.236
0.236
0.237
0.237
0.237
0.237
0.237
0.238
0.238
0.238
0.238
0.238
0.238
0.238
0.238
0.238
0.239
0.239
0.239
0.239
0.239
0.24
0.24
0.24
0.24
0.24
0.24
0.24
0.24
0.24
0.24
0.24
0.241
0.241
0.241
0.241
0.241
0.241
0.241
0.241
0.242
0.242
0.242
0.242
0.242
0.242
0.242
0.242
0.242
0.243
0.243
0.243
0.243
0.243
0.243
0.243
0.244
0.244
0.244
0.244
0.245
0.245
0.245
0.246
0.246
0.246
0.246
0.246
0.246
0.246
0.246
0.247
0.247
0.248
0.248
0.248
0.248
0.248
0.248
0.249
0.249
0.249
0.249
0.249
0.249
0.249
0.249
0.249
0.25
0.25
0.25
0.25
0.25
0.25
0.25
0.25
0.251
0.251
0.251
0.251
0.252
0.252
0.252
0.252
0.252
0.252
0.253
0.253
0.253
0.253
0.253
0.253
0.253
0.254
0.254
0.254
0.254
0.254
0.254
0.254
0.254
0.255
0.255
0.255
0.255
0.255
0.255
0.255
0.256
0.256
0.257
0.257
0.257
0.257
0.257
0.257
0.257
0.257
0.257
0.258
0.258
0.258
0.259
0.259
0.259
0.26
0.26
0.26
0.26
0.26
0.26
0.26
0.26
0.26
0.261
0.261
0.261
0.261
0.261
0.261
0.261
0.261
0.261
0.262
0.262
0.262
0.262
0.262
0.262
0.262
0.263
0.263
0.263
0.263
0.263
0.263
0.263
0.264
0.264
0.264
0.264
0.264
0.265
0.265
0.265
0.266
0.266
0.266
0.266
0.267
0.267
0.267
0.267
0.268
0.268
0.268
0.269
0.269
0.269
0.269
0.269
0.27
0.27
0.27
0.271
0.271
0.272
0.272
0.272
0.272
0.273
0.273
0.273
0.273
0.273
0.274
0.274
0.275
0.275
0.275
0.276
0.276
0.276
0.276
0.277
0.278
0.278
0.278
0.278
0.278
0.278
0.278
0.278
0.279
0.279
0.279
0.279
0.279
0.28
0.28
0.28
0.281
0.281
0.281
0.281
0.282
0.282
0.282
0.282
0.282
0.283
0.283
0.284
0.284
0.285
0.285
0.285
0.285
0.286
0.286
0.286
0.286
0.287
0.287
0.287
0.288
0.289
0.289
0.289
0.289
0.29
0.29
0.29
0.29
0.291
0.291
0.291
0.292
0.292
0.292
0.293
0.293
0.293
0.293
0.293
0.294
0.294
0.294
0.294
0.295
0.295
0.296
0.296
0.296
0.296
0.297
0.297
0.297
0.297
0.297
0.298
0.298
0.298
0.298
0.299
0.299
0.299
0.299
0.299
0.299
0.299
0.3
0.3
0.301
0.301
0.302
0.302
0.302
0.302
0.302
0.302
0.303
0.303
0.303
0.303
0.303
0.304
0.304
0.304
0.304
0.305
0.305
0.305
0.306
0.306
0.306
0.307
0.308
0.309
0.309
0.309
0.309
0.31
0.31
0.311
0.311
0.312
0.312
0.312
0.312
0.312
0.312
0.312
0.313
0.313
0.314
0.314
0.314
0.315
0.315
0.315
0.315
0.315
0.316
0.316
0.316
0.316
0.316
0.316
0.316
0.316
0.317
0.318
0.318
0.318
0.318
0.318
0.318
0.319
0.319
0.32
0.32
0.321
0.321
0.321
0.321
0.321
0.321
0.321
0.321
0.321
0.322
0.323
0.323
0.324
0.324
0.324
0.325
0.325
0.325
0.326
0.326
0.326
0.326
0.326
0.329
0.329
0.329
0.33
0.33
0.33
0.33
0.33
0.33
0.331
0.331
0.331
0.331
0.331
0.331
0.332
0.332
0.332
0.332
0.333
0.334
0.334
0.334
0.334
0.334
0.334
0.335
0.336
0.336
0.336
0.338
0.338
0.339
0.34
0.34
0.34
0.341
0.341
0.342
0.342
0.342
0.343
0.343
0.344
0.344
0.344
0.344
0.344
0.345
0.345
0.345
0.346
0.346
0.347
0.347
0.347
0.348
0.35
0.35
0.35
0.35
0.352
0.352
0.353
0.353
0.353
0.353
0.353
0.354
0.354
0.355
0.355
0.355
0.356
0.356
0.357
0.358
0.358
0.359
0.359
0.359
0.36
0.36
0.36
0.362
0.363
0.365
0.365
0.365
0.366
0.366
0.368
0.368
0.368
0.37
0.37
0.37
0.372
0.372
0.374
0.374
0.374
0.374
0.375
0.376
0.377
0.379
0.38
0.38
0.381
0.381
0.381
0.381
0.382
0.382
0.382
0.383
0.384
0.385
0.387
0.388
0.388
0.389
0.389
0.391
0.391
0.393
0.393
0.394
0.394
0.394
0.396
0.398
0.399
0.399
0.399
0.4
0.4
0.403
0.404
0.404
0.405
0.405
0.406
0.407
0.41
0.41
0.411
0.412
0.413
0.413
0.413
0.414
0.415
0.416
0.417
0.418
0.42
0.421
0.422
0.425
0.43
0.431
0.432
0.433
0.434
0.434
0.436
0.439
0.439
0.442
0.443
0.444
0.446
0.447
0.447
0.447
0.448
0.448
0.453
0.455
0.456
0.456
0.458
0.459
0.46
0.461
0.461
0.461
0.462
0.462
0.462
0.464
0.466
0.469
0.481
0.482
0.484
0.488
0.494
0.494
0.495
0.496
0.496
0.497
0.498
0.501
0.504
0.508
0.508
0.509
0.51
0.518
0.521
0.521
0.521
0.525
0.526
0.526
0.529
0.529
0.53
0.531
0.536
0.537
0.55
0.551
0.553
0.556
0.556
0.564
0.567
0.575
0.577
0.578
0.578
0.589
0.589
0.59
0.603
0.604
0.605
0.606
0.607
0.608
0.608
0.611
0.612
0.614
0.615
0.616
0.623
0.624
0.625
0.633
0.638
0.641
0.646
0.652
0.652
0.656
0.666
0.671
0.673
0.691
0.701
0.711
0.728
0.732
0.733
0.771
0.848
0.888
0.904
0.211
0.211
0.211
0.211
0.211
0.211
0.211
0.211
0.211
0.211
0.211
0.211
0.211
0.211
0.212
0.212
0.212
0.212
0.212
0.212
0.212
0.212
0.212
0.212
0.212
0.212
0.212
0.212
0.212
0.212
0.213
0.213
0.213
0.213
0.213
0.213
0.213
0.213
0.214
0.214
0.214
0.214
0.214
0.214
0.214
0.214
0.214
0.214
0.214
0.214
0.215
0.215
0.215
0.215
0.215
0.215
0.215
0.215
0.215
0.215
0.215
0.215
0.216
0.216
0.216
0.216
0.216
0.216
0.216
0.216
0.216
0.216
0.216
0.216
0.217
0.217
0.217
0.217
0.217
0.217
0.217
0.217
0.217
0.217
0.217
0.218
0.218
0.218
0.218
0.218
0.218
0.218
0.218
0.218
0.218
0.218
0.218
0.218
0.218
0.219
0.219
0.219
0.219
0.219
0.219
0.219
0.219
0.219
0.219
0.219
0.219
0.219
0.219
0.219
0.219
0.219
0.22
0.22
0.22
0.22
0.22
0.22
0.22
0.22
0.22
0.221
0.221
0.221
0.221
0.221
0.221
0.221
0.221
0.221
0.221
0.221
0.222
0.222
0.222
0.222
0.222
0.222
0.222
0.222
0.222
0.222
0.222
0.222
0.222
0.222
0.223
0.223
0.223
0.223
0.223
0.223
0.223
0.223
0.223
0.223
0.223
0.223
0.223
0.223
0.223
0.223
0.224
0.224
0.224
0.224
0.224
0.224
0.224
0.224
0.224
0.224
0.225
0.225
0.225
0.225
0.225
0.225
0.225
0.225
0.225
0.226
0.226
0.226
0.226
0.226
0.226
0.226
0.226
0.226
0.227
0.227
0.227
0.227
0.227
0.227
0.227
0.227
0.227
0.227
0.228
0.228
0.228
0.228
0.228
0.228
0.228
0.228
0.228
0.228
0.228
0.228
0.228
0.228
0.228
0.228
0.228
0.229
0.229
0.229
0.229
0.229
0.229
0.229
0.229
0.229
0.229
0.229
0.229
0.229
0.229
0.229
0.229
0.229
0.23
0.23
0.23
0.23
0.23
0.23
0.23
0.23
0.23
0.23
0.23
0.23
0.23
0.23
0.23
0.231
0.231
0.231
0.231
0.231
0.231
0.231
0.231
0.232
0.232
0.232
0.232
0.232
0.232
0.232
0.232
0.232
0.232
0.232
0.232
0.232
0.233
0.233
0.233
0.233
0.233
0.233
0.233
0.233
0.233
0.233
0.233
0.234
0.234
0.234
0.234
0.234
0.234
0.234
0.234
0.234
0.235
0.235
0.235
0.235
0.235
0.235
0.235
0.235
0.235
0.235
0.235
0.235
0.235
0.236
0.236
0.236
0.236
0.236
0.236
0.236
0.236
0.236
0.236
0.236
0.236
0.236
0.236
0.236
0.237
0.237
0.237
0.237
0.237
0.237
0.237
0.238
0.238
0.238
0.238
0.238
0.238
0.238
0.238
0.239
0.239
0.239
0.239
0.239
0.239
0.239
0.239
0.239
0.239
0.24
0.24
0.24
0.24
0.24
0.241
0.241
0.241
0.241
0.241
0.241
0.241
0.241
0.241
0.241
0.241
0.241
0.242
0.242
0.242
0.242
0.242
0.242
0.243
0.243
0.243
0.243
0.243
0.243
0.243
0.243
0.244
0.244
0.244
0.244
0.244
0.244
0.244
0.245
0.245
0.245
0.245
0.246
0.246
0.246
0.246
0.246
0.246
0.246
0.246
0.246
0.246
0.247
0.247
0.248
0.248
0.248
0.248
0.248
0.248
0.248
0.249
0.249
0.249
0.249
0.249
0.249
0.249
0.249
0.249
0.249
0.249
0.25
0.25
0.25
0.25
0.25
0.25
0.25
0.251
0.251
0.251
0.252
0.252
0.252
0.252
0.252
0.253
0.253
0.253
0.253
0.253
0.253
0.254
0.254
0.254
0.254
0.255
0.255
0.255
0.255
0.255
0.255
0.256
0.256
0.256
0.256
0.257
0.257
0.257
0.257
0.257
0.257
0.257
0.257
0.257
0.257
0.257
0.258
0.258
0.258
0.258
0.258
0.258
0.259
0.259
0.259
0.259
0.259
0.259
0.259
0.26
0.26
0.26
0.26
0.26
0.26
0.26
0.26
0.261
0.261
0.261
0.261
0.261
0.261
0.262
0.262
0.262
0.262
0.263
0.263
0.263
0.263
0.263
0.263
0.264
0.264
0.264
0.264
0.265
0.265
0.265
0.265
0.265
0.265
0.266
0.266
0.266
0.267
0.267
0.267
0.267
0.268
0.268
0.268
0.268
0.269
0.269
0.269
0.269
0.269
0.269
0.27
0.27
0.27
0.27
0.27
0.27
0.27
0.27
0.271
0.271
0.271
0.271
0.271
0.271
0.272
0.272
0.272
0.272
0.273
0.273
0.273
0.273
0.274
0.274
0.274
0.274
0.274
0.274
0.275
0.275
0.275
0.275
0.276
0.276
0.276
0.276
0.276
0.276
0.277
0.277
0.277
0.277
0.278
0.278
0.279
0.279
0.279
0.279
0.28
0.28
0.28
0.28
0.28
0.281
0.281
0.281
0.281
0.282
0.282
0.282
0.282
0.282
0.283
0.283
0.283
0.284
0.284
0.284
0.284
0.285
0.285
0.285
0.285
0.285
0.285
0.285
0.285
0.285
0.285
0.286
0.286
0.286
0.287
0.287
0.287
0.288
0.288
0.288
0.288
0.288
0.288
0.289
0.289
0.289
0.289
0.289
0.289
0.289
0.29
0.29
0.29
0.29
0.29
0.29
0.29
0.29
0.29
0.291
0.291
0.291
0.292
0.292
0.292
0.292
0.292
0.292
0.294
0.295
0.295
0.296
0.296
0.296
0.296
0.297
0.299
0.299
0.299
0.299
0.299
0.299
0.299
0.3
0.3
0.301
0.301
0.301
0.302
0.302
0.302
0.302
0.302
0.302
0.303
0.303
0.303
0.303
0.303
0.304
0.304
0.304
0.304
0.304
0.305
0.305
0.305
0.305
0.305
0.305
0.306
0.306
0.307
0.308
0.308
0.308
0.308
0.308
0.308
0.309
0.309
0.31
0.31
0.311
0.311
0.312
0.312
0.312
0.312
0.312
0.312
0.312
0.313
0.313
0.313
0.313
0.313
0.313
0.314
0.314
0.314
0.315
0.315
0.315
0.315
0.315
0.315
0.317
0.317
0.317
0.317
0.317
0.317
0.317
0.318
0.318
0.319
0.32
0.321
0.321
0.322
0.322
0.323
0.323
0.324
0.324
0.324
0.325
0.325
0.326
0.326
0.326
0.326
0.327
0.327
0.327
0.327
0.328
0.328
0.328
0.328
0.33
0.331
0.331
0.331
0.332
0.332
0.332
0.333
0.333
0.333
0.333
0.334
0.334
0.334
0.335
0.335
0.335
0.335
0.335
0.337
0.338
0.338
0.338
0.339
0.339
0.341
0.341
0.342
0.342
0.342
0.343
0.343
0.344
0.345
0.346
0.346
0.347
0.347
0.348
0.349
0.35
0.35
0.351
0.351
0.351
0.351
0.353
0.353
0.353
0.354
0.354
0.355
0.355
0.355
0.355
0.356
0.356
0.356
0.357
0.357
0.361
0.362
0.363
0.365
0.365
0.365
0.365
0.366
0.367
0.367
0.367
0.367
0.368
0.368
0.369
0.369
0.369
0.37
0.37
0.371
0.371
0.371
0.372
0.373
0.373
0.374
0.375
0.375
0.377
0.379
0.38
0.38
0.382
0.382
0.383
0.384
0.384
0.385
0.385
0.386
0.387
0.387
0.387
0.389
0.391
0.392
0.394
0.394
0.395
0.399
0.4
0.4
0.401
0.402
0.402
0.403
0.407
0.408
0.41
0.412
0.413
0.414
0.414
0.414
0.416
0.416
0.416
0.417
0.422
0.422
0.425
0.426
0.426
0.427
0.43
0.431
0.433
0.434
0.434
0.435
0.435
0.435
0.437
0.437
0.438
0.438
0.439
0.44
0.44
0.441
0.444
0.448
0.449
0.451
0.452
0.453
0.457
0.459
0.462
0.466
0.466
0.468
0.47
0.472
0.473
0.474
0.475
0.475
0.476
0.476
0.478
0.478
0.481
0.484
0.484
0.486
0.487
0.489
0.494
0.494
0.498
0.506
0.508
0.509
0.511
0.512
0.513
0.518
0.518
0.525
0.529
0.531
0.531
0.532
0.535
0.54
0.542
0.545
0.55
0.551
0.556
0.568
0.569
0.57
0.57
0.573
0.575
0.583
0.585
0.587
0.588
0.588
0.597
0.597
0.601
0.601
0.603
0.606
0.607
0.61
0.618
0.62
0.623
0.627
0.632
0.634
0.635
0.641
0.644
0.648
0.66
0.673
0.678
0.684
0.69
0.691
0.754
0.774
0.774
0.781
0.788
0.796
0.211
0.211
0.211
0.211
0.211
0.211
0.211
0.211
0.211
0.211
0.211
0.212
0.212
0.212
0.212
0.212
0.212
0.212
0.212
0.212
0.212
0.212
0.212
0.212
0.212
0.212
0.212
0.212
0.212
0.212
0.212
0.213
0.213
0.213
0.213
0.213
0.213
0.213
0.213
0.213
0.213
0.213
0.213
0.213
0.213
0.213
0.213
0.214
0.214
0.214
0.214
0.214
0.214
0.214
0.214
0.214
0.214
0.214
0.214
0.215
0.215
0.215
0.215
0.215
0.215
0.215
0.215
0.215
0.215
0.215
0.215
0.215
0.215
0.216
0.216
0.216
0.216
0.216
0.216
0.216
0.216
0.216
0.216
0.216
0.216
0.216
0.216
0.216
0.216
0.216
0.216
0.217
0.217
0.217
0.217
0.217
0.217
0.217
0.218
0.218
0.218
0.218
0.218
0.218
0.218
0.218
0.218
0.218
0.218
0.218
0.218
0.219
0.219
0.219
0.219
0.219
0.219
0.219
0.219
0.219
0.219
0.219
0.219
0.219
0.219
0.219
0.219
0.219
0.219
0.219
0.22
0.22
0.22
0.22
0.22
0.22
0.22
0.22
0.22
0.22
0.22
0.22
0.22
0.22
0.22
0.22
0.221
0.221
0.221
0.221
0.221
0.221
0.221
0.221
0.221
0.221
0.221
0.221
0.221
0.221
0.221
0.221
0.221
0.222
0.222
0.222
0.222
0.222
0.222
0.222
0.222
0.222
0.222
0.222
0.223
0.223
0.223
0.223
0.223
0.223
0.223
0.223
0.223
0.223
0.223
0.223
0.223
0.223
0.224
0.224
0.224
0.224
0.224
0.224
0.224
0.225
0.225
0.225
0.225
0.225
0.225
0.225
0.225
0.225
0.225
0.225
0.225
0.225
0.225
0.225
0.225
0.225
0.226
0.226
0.226
0.226
0.226
0.226
0.226
0.226
0.226
0.226
0.226
0.226
0.226
0.226
0.227
0.227
0.227
0.227
0.227
0.227
0.227
0.227
0.227
0.227
0.227
0.227
0.228
0.228
0.228
0.228
0.228
0.228
0.228
0.228
0.228
0.228
0.229
0.229
0.229
0.229
0.229
0.229
0.229
0.229
0.229
0.23
0.23
0.23
0.23
0.23
0.23
0.23
0.23
0.231
0.231
0.231
0.231
0.231
0.231
0.231
0.231
0.231
0.232
0.232
0.232
0.232
0.232
0.232
0.232
0.232
0.232
0.232
0.232
0.232
0.233
0.233
0.233
0.233
0.233
0.233
0.233
0.233
0.233
0.233
0.234
0.234
0.234
0.234
0.234
0.234
0.234
0.234
0.234
0.234
0.234
0.234
0.234
0.235
0.235
0.235
0.235
0.235
0.235
0.235
0.235
0.236
0.236
0.236
0.236
0.236
0.236
0.237
0.237
0.237
0.237
0.237
0.237
0.237
0.237
0.237
0.237
0.238
0.238
0.238
0.238
0.238
0.238
0.238
0.238
0.238
0.239
0.239
0.239
0.239
0.239
0.239
0.239
0.239
0.24
0.24
0.24
0.24
0.24
0.241
0.241
0.241
0.241
0.241
0.241
0.241
0.242
0.242
0.242
0.242
0.242
0.242
0.243
0.243
0.243
0.243
0.243
0.243
0.243
0.243
0.243
0.243
0.244
0.244
0.244
0.244
0.244
0.244
0.244
0.244
0.244
0.244
0.244
0.244
0.245
0.245
0.245
0.245
0.245
0.245
0.245
0.245
0.246
0.246
0.246
0.246
0.246
0.246
0.246
0.246
0.247
0.247
0.247
0.247
0.247
0.248
0.248
0.248
0.248
0.248
0.248
0.249
0.249
0.249
0.249
0.249
0.249
0.249
0.25
0.25
0.25
0.25
0.251
0.251
0.251
0.251
0.251
0.251
0.251
0.251
0.252
0.252
0.252
0.252
0.253
0.253
0.253
0.253
0.254
0.254
0.254
0.254
0.254
0.254
0.254
0.254
0.255
0.255
0.255
0.255
0.256
0.256
0.256
0.256
0.256
0.256
0.257
0.257
0.257
0.257
0.257
0.257
0.257
0.257
0.257
0.257
0.257
0.258
0.258
0.258
0.258
0.258
0.258
0.258
0.258
0.258
0.259
0.259
0.259
0.259
0.26
0.26
0.26
0.26
0.26
0.26
0.261
0.261
0.261
0.261
0.261
0.262
0.262
0.262
0.262
0.262
0.263
0.263
0.263
0.264
0.264
0.264
0.264
0.264
0.265
0.265
0.265
0.265
0.265
0.265
0.266
0.266
0.266
0.266
0.267
0.267
0.267
0.268
0.268
0.268
0.268
0.268
0.268
0.269
0.269
0.269
0.269
0.269
0.269
0.269
0.269
0.27
0.27
0.27
0.271
0.271
0.271
0.271
0.271
0.271
0.272
0.272
0.273
0.273
0.273
0.274
0.274
0.274
0.274
0.275
0.275
0.275
0.275
0.275
0.276
0.276
0.276
0.276
0.276
0.276
0.277
0.277
0.277
0.277
0.277
0.277
0.277
0.277
0.277
0.278
0.278
0.278
0.278
0.278
0.278
0.279
0.279
0.279
0.28
0.28
0.28
0.28
0.281
0.281
0.281
0.281
0.281
0.281
0.282
0.282
0.282
0.282
0.282
0.283
0.283
0.283
0.283
0.283
0.283
0.283
0.283
0.283
0.284
0.284
0.285
0.285
0.285
0.285
0.285
0.285
0.286
0.286
0.286
0.286
0.287
0.287
0.287
0.287
0.287
0.287
0.287
0.288
0.288
0.288
0.288
0.289
0.289
0.289
0.289
0.29
0.29
0.29
0.292
0.292
0.292
0.292
0.292
0.293
0.293
0.293
0.293
0.293
0.293
0.293
0.293
0.294
0.294
0.294
0.294
0.294
0.296
0.296
0.296
0.297
0.297
0.298
0.298
0.299
0.299
0.299
0.299
0.299
0.3
0.3
0.3
0.3
0.3
0.3
0.301
0.301
0.302
0.302
0.302
0.303
0.303
0.304
0.304
0.304
0.305
0.305
0.305
0.305
0.305
0.305
0.305
0.305
0.306
0.306
0.307
0.307
0.307
0.308
0.308
0.308
0.308
0.309
0.309
0.31
0.31
0.311
0.311
0.312
0.312
0.312
0.312
0.312
0.313
0.313
0.313
0.314
0.314
0.314
0.315
0.315
0.315
0.315
0.315
0.316
0.318
0.319
0.32
0.321
0.321
0.322
0.322
0.323
0.324
0.325
0.325
0.325
0.325
0.326
0.326
0.326
0.326
0.326
0.327
0.328
0.328
0.328
0.329
0.329
0.329
0.329
0.331
0.331
0.331
0.332
0.332
0.332
0.333
0.333
0.334
0.334
0.335
0.335
0.336
0.337
0.337
0.338
0.338
0.339
0.339
0.339
0.339
0.34
0.34
0.34
0.341
0.342
0.342
0.342
0.342
0.343
0.343
0.343
0.343
0.344
0.344
0.345
0.345
0.345
0.346
0.346
0.346
0.346
0.347
0.347
0.349
0.349
0.35
0.35
0.351
0.352
0.352
0.353
0.353
0.353
0.355
0.355
0.355
0.356
0.359
0.359
0.362
0.362
0.363
0.363
0.365
0.365
0.365
0.365
0.365
0.365
0.366
0.366
0.367
0.367
0.368
0.368
0.368
0.369
0.369
0.369
0.371
0.372
0.372
0.373
0.374
0.374
0.377
0.377
0.377
0.378
0.378
0.379
0.38
0.381
0.382
0.383
0.383
0.386
0.386
0.387
0.387
0.387
0.388
0.389
0.39
0.392
0.393
0.394
0.396
0.399
0.401
0.401
0.401
0.403
0.404
0.405
0.406
0.407
0.408
0.409
0.411
0.412
0.413
0.414
0.415
0.416
0.416
0.417
0.418
0.421
0.424
0.428
0.428
0.435
0.437
0.437
0.437
0.438
0.438
0.439
0.439
0.441
0.443
0.443
0.443
0.445
0.445
0.446
0.447
0.448
0.448
0.452
0.453
0.453
0.454
0.456
0.457
0.459
0.46
0.46
0.461
0.462
0.464
0.466
0.466
0.467
0.467
0.469
0.47
0.47
0.472
0.472
0.475
0.476
0.477
0.478
0.482
0.485
0.488
0.49
0.493
0.493
0.5
0.503
0.509
0.511
0.513
0.515
0.517
0.518
0.523
0.527
0.533
0.534
0.542
0.544
0.546
0.55
0.55
0.55
0.553
0.556
0.559
0.559
0.56
0.565
0.574
0.578
0.584
0.59
0.595
0.595
0.603
0.604
0.607
0.609
0.616
0.621
0.627
0.628
0.63
0.634
0.643
0.643
0.644
0.649
0.649
0.65
0.659
0.66
0.664
0.676
0.678
0.679
0.68
0.689
0.689
0.697
0.699
0.7
0.701
0.708
0.714
0.717
0.724
0.724
0.757
0.797
0.824
0.902
0.211
0.211
0.211
0.211
0.211
0.211
0.211
0.211
0.211
0.211
0.211
0.211
0.211
0.211
0.211
0.212
0.212
0.212
0.212
0.212
0.212
0.212
0.212
0.212
0.212
0.212
0.212
0.213
0.213
0.213
0.213
0.213
0.213
0.213
0.213
0.213
0.213
0.213
0.213
0.213
0.214
0.214
0.214
0.214
0.214
0.214
0.214
0.214
0.214
0.214
0.214
0.214
0.214
0.214
0.214
0.214
0.214
0.215
0.215
0.215
0.215
0.215
0.215
0.215
0.215
0.215
0.215
0.215
0.216
0.216
0.216
0.216
0.216
0.216
0.216
0.216
0.216
0.216
0.216
0.216
0.216
0.216
0.217
0.217
0.217
0.217
0.217
0.217
0.217
0.217
0.217
0.217
0.217
0.218
0.218
0.218
0.218
0.218
0.218
0.218
0.218
0.218
0.218
0.218
0.218
0.218
0.218
0.218
0.218
0.218
0.218
0.219
0.219
0.219
0.219
0.219
0.219
0.219
0.219
0.219
0.219
0.219
0.219
0.219
0.219
0.219
0.219
0.219
0.22
0.22
0.22
0.22
0.22
0.22
0.22
0.22
0.22
0.22
0.22
0.22
0.22
0.22
0.22
0.22
0.22
0.22
0.22
0.22
0.22
0.22
0.221
0.221
0.221
0.221
0.221
0.221
0.222
0.222
0.222
0.222
0.222
0.222
0.222
0.222
0.222
0.222
0.222
0.222
0.222
0.223
0.223
0.223
0.223
0.223
0.223
0.223
0.223
0.223
0.223
0.223
0.223
0.223
0.223
0.223
0.223
0.224
0.224
0.224
0.224
0.224
0.224
0.224
0.224
0.224
0.224
0.224
0.225
0.225
0.225
0.225
0.225
0.225
0.225
0.225
0.225
0.225
0.225
0.225
0.226
0.226
0.226
0.226
0.226
0.226
0.226
0.226
0.226
0.226
0.226
0.226
0.226
0.226
0.226
0.227
0.227
0.227
0.227
0.227
0.227
0.227
0.227
0.227
0.227
0.227
0.227
0.227
0.227
0.227
0.228
0.228
0.228
0.228
0.228
0.228
0.228
0.228
0.228
0.228
0.228
0.228
0.228
0.229
0.229
0.229
0.229
0.229
0.229
0.23
0.23
0.23
0.23
0.23
0.23
0.23
0.23
0.231
0.231
0.231
0.231
0.231
0.231
0.231
0.231
0.232
0.232
0.232
0.232
0.232
0.232
0.232
0.232
0.232
0.232
0.232
0.232
0.233
0.233
0.233
0.233
0.233
0.233
0.233
0.233
0.233
0.233
0.233
0.233
0.234
0.234
0.234
0.234
0.234
0.234
0.234
0.234
0.234
0.234
0.234
0.234
0.234
0.235
0.235
0.235
0.235
0.235
0.235
0.235
0.235
0.235
0.235
0.235
0.235
0.236
0.236
0.236
0.236
0.236
0.236
0.236
0.236
0.236
0.236
0.236
0.236
0.237
0.237
0.237
0.237
0.237
0.237
0.237
0.237
0.237
0.237
0.237
0.237
0.237
0.238
0.238
0.238
0.238
0.238
0.238
0.238
0.238
0.238
0.238
0.238
0.238
0.238
0.239
0.239
0.239
0.24
0.24
0.24
0.24
0.24
0.24
0.241
0.241
0.241
0.241
0.242
0.242
0.242
0.242
0.242
0.242
0.242
0.242
0.243
0.243
0.243
0.243
0.243
0.243
0.243
0.243
0.244
0.244
0.244
0.244
0.244
0.244
0.244
0.244
0.245
0.245
0.245
0.245
0.245
0.245
0.245
0.246
0.247
0.247
0.247
0.247
0.247
0.247
0.247
0.247
0.248
0.248
0.248
0.248
0.248
0.248
0.248
0.248
0.248
0.248
0.249
0.249
0.249
0.249
0.249
0.249
0.249
0.249
0.25
0.25
0.25
0.25
0.25
0.25
0.25
0.25
0.251
0.251
0.251
0.251
0.251
0.251
0.251
0.252
0.252
0.252
0.252
0.252
0.252
0.252
0.253
0.253
0.253
0.253
0.253
0.253
0.253
0.253
0.253
0.253
0.253
0.254
0.254
0.254
0.254
0.254
0.255
0.255
0.255
0.255
0.256
0.256
0.256
0.256
0.256
0.257
0.257
0.257
0.257
0.257
0.257
0.257
0.257
0.257
0.257
0.257
0.257
0.258
0.258
0.258
0.258
0.258
0.258
0.258
0.258
0.258
0.259
0.259
0.259
0.259
0.259
0.26
0.26
0.261
0.261
0.261
0.261
0.261
0.261
0.262
0.262
0.262
0.262
0.262
0.262
0.262
0.263
0.263
0.263
0.263
0.264
0.264
0.264
0.264
0.264
0.265
0.265
0.265
0.266
0.266
0.266
0.266
0.266
0.266
0.266
0.266
0.267
0.267
0.267
0.267
0.268
0.268
0.269
0.269
0.269
0.269
0.269
0.269
0.269
0.269
0.269
0.27
0.27
0.27
0.27
0.27
0.271
0.271
0.271
0.272
0.272
0.272
0.272
0.272
0.272
0.272
0.272
0.273
0.274
0.274
0.274
0.274
0.274
0.274
0.274
0.275
0.275
0.275
0.275
0.276
0.276
0.276
0.277
0.277
0.277
0.278
0.278
0.278
0.278
0.278
0.278
0.278
0.28
0.28
0.28
0.281
0.281
0.281
0.282
0.282
0.282
0.283
0.283
0.283
0.283
0.283
0.284
0.284
0.285
0.285
0.285
0.286
0.286
0.286
0.286
0.287
0.287
0.287
0.287
0.287
0.287
0.287
0.287
0.288
0.288
0.288
0.288
0.288
0.288
0.288
0.288
0.288
0.289
0.289
0.289
0.289
0.289
0.289
0.29
0.29
0.291
0.291
0.291
0.292
0.292
0.292
0.293
0.293
0.293
0.293
0.293
0.294
0.294
0.294
0.294
0.294
0.294
0.295
0.295
0.295
0.296
0.296
0.296
0.297
0.297
0.297
0.297
0.298
0.298
0.299
0.299
0.299
0.3
0.3
0.3
0.301
0.301
0.301
0.301
0.302
0.302
0.302
0.303
0.303
0.303
0.304
0.305
0.305
0.305
0.306
0.307
0.307
0.308
0.308
0.308
0.308
0.309
0.309
0.31
0.31
0.31
0.31
0.31
0.31
0.311
0.311
0.311
0.311
0.312
0.313
0.313
0.314
0.314
0.315
0.315
0.315
0.316
0.316
0.316
0.317
0.317
0.317
0.317
0.319
0.319
0.319
0.319
0.32
0.32
0.321
0.321
0.322
0.322
0.322
0.322
0.322
0.322
0.322
0.323
0.323
0.323
0.323
0.323
0.324
0.325
0.325
0.325
0.326
0.326
0.326
0.326
0.327
0.327
0.327
0.328
0.328
0.329
0.329
0.329
0.33
0.33
0.33
0.332
0.332
0.333
0.333
0.333
0.334
0.334
0.334
0.334
0.335
0.335
0.335
0.336
0.336
0.336
0.336
0.338
0.338
0.339
0.339
0.339
0.339
0.34
0.34
0.34
0.341
0.341
0.342
0.342
0.342
0.343
0.343
0.344
0.345
0.346
0.346
0.346
0.347
0.347
0.347
0.347
0.348
0.349
0.349
0.35
0.351
0.352
0.352
0.352
0.352
0.353
0.353
0.353
0.355
0.356
0.357
0.357
0.357
0.357
0.358
0.358
0.358
0.359
0.359
0.361
0.361
0.361
0.361
0.362
0.363
0.364
0.364
0.364
0.366
0.366
0.366
0.366
0.367
0.368
0.368
0.369
0.369
0.37
0.37
0.371
0.372
0.374
0.376
0.377
0.377
0.377
0.378
0.38
0.381
0.382
0.382
0.383
0.384
0.387
0.387
0.387
0.388
0.388
0.388
0.389
0.389
0.39
0.39
0.394
0.395
0.396
0.396
0.399
0.399
0.4
0.4
0.4
0.4
0.4
0.403
0.403
0.405
0.406
0.408
0.409
0.41
0.41
0.411
0.413
0.413
0.416
0.42
0.42
0.421
0.421
0.423
0.424
0.424
0.425
0.425
0.426
0.426
0.427
0.429
0.429
0.43
0.433
0.435
0.437
0.438
0.441
0.442
0.443
0.444
0.445
0.445
0.445
0.447
0.45
0.453
0.453
0.454
0.455
0.455
0.456
0.458
0.462
0.469
0.472
0.477
0.477
0.478
0.479
0.479
0.482
0.484
0.485
0.487
0.487
0.489
0.49
0.494
0.497
0.499
0.502
0.503
0.504
0.504
0.504
0.507
0.51
0.512
0.52
0.52
0.521
0.521
0.523
0.534
0.539
0.548
0.549
0.551
0.555
0.556
0.564
0.58
0.58
0.585
0.586
0.588
0.59
0.595
0.597
0.598
0.601
0.602
0.603
0.605
0.605
0.607
0.618
0.619
0.622
0.622
0.635
0.64
0.645
0.647
0.654
0.658
0.686
0.711
0.727
0.728
0.747
0.211
0.211
0.211
0.211
0.211
0.211
0.211
0.211
0.211
0.211
0.211
0.211
0.212
0.212
0.212
0.212
0.212
0.212
0.212
0.212
0.212
0.212
0.212
0.212
0.212
0.212
0.212
0.213
0.213
0.213
0.213
0.213
0.213
0.213
0.213
0.213
0.213
0.213
0.213
0.213
0.213
0.213
0.213
0.213
0.213
0.213
0.213
0.213
0.214
0.214
0.214
0.214
0.214
0.214
0.214
0.214
0.214
0.214
0.214
0.214
0.214
0.214
0.214
0.214
0.215
0.215
0.215
0.215
0.215
0.215
0.215
0.215
0.215
0.215
0.215
0.215
0.215
0.215
0.215
0.215
0.215
0.215
0.215
0.215
0.216
0.216
0.216
0.216
0.216
0.216
0.216
0.216
0.216
0.216
0.216
0.216
0.217
0.217
0.217
0.217
0.217
0.217
0.217
0.217
0.217
0.217
0.217
0.217
0.217
0.218
0.218
0.218
0.218
0.218
0.218
0.218
0.218
0.218
0.218
0.218
0.218
0.218
0.219
0.219
0.219
0.219
0.219
0.219
0.219
0.219
0.219
0.219
0.219
0.219
0.219
0.219
0.219
0.219
0.219
0.22
0.22
0.22
0.22
0.22
0.22
0.22
0.22
0.22
0.22
0.221
0.221
0.221
0.221
0.221
0.221
0.221
0.221
0.221
0.221
0.221
0.221
0.221
0.221
0.221
0.222
0.222
0.222
0.222
0.222
0.222
0.222
0.222
0.222
0.222
0.223
0.223
0.223
0.223
0.223
0.224
0.224
0.224
0.224
0.224
0.224
0.224
0.224
0.224
0.224
0.224
0.225
0.225
0.225
0.225
0.225
0.225
0.225
0.225
0.225
0.225
0.225
0.225
0.225
0.225
0.225
0.225
0.225
0.226
0.226
0.226
0.226
0.226
0.226
0.226
0.226
0.226
0.226
0.226
0.226
0.226
0.227
0.227
0.227
0.227
0.227
0.227
0.227
0.227
0.227
0.227
0.227
0.228
0.228
0.228
0.228
0.228
0.228
0.228
0.228
0.228
0.229
0.229
0.229
0.229
0.229
0.229
0.229
0.229
0.229
0.229
0.229
0.229
0.23
0.23
0.23
0.23
0.23
0.23
0.23
0.23
0.23
0.23
0.231
0.231
0.231
0.231
0.231
0.231
0.231
0.231
0.232
0.232
0.232
0.232
0.232
0.232
0.232
0.233
0.233
0.233
0.233
0.233
0.233
0.233
0.233
0.234
0.234
0.234
0.234
0.234
0.235
0.235
0.235
0.235
0.235
0.235
0.235
0.235
0.235
0.235
0.235
0.236
0.236
0.236
0.236
0.236
0.236
0.236
0.236
0.237
0.237
0.237
0.237
0.237
0.237
0.237
0.237
0.238
0.238
0.238
0.238
0.238
0.238
0.238
0.238
0.238
0.239
0.239
0.239
0.239
0.239
0.239
0.24
0.24
0.24
0.24
0.24
0.24
0.24
0.24
0.24
0.24
0.24
0.241
0.241
0.241
0.241
0.241
0.241
0.241
0.241
0.241
0.241
0.241
0.241
0.242
0.242
0.242
0.242
0.242
0.242
0.242
0.243
0.243
0.243
0.243
0.244
0.244
0.244
0.244
0.244
0.244
0.244
0.245
0.245
0.245
0.245
0.245
0.246
0.246
0.246
0.246
0.246
0.246
0.247
0.247
0.247
0.247
0.247
0.247
0.247
0.247
0.247
0.247
0.247
0.247
0.247
0.247
0.248
0.248
0.248
0.248
0.248
0.248
0.248
0.248
0.249
0.249
0.249
0.249
0.249
0.249
0.249
0.249
0.249
0.249
0.249
0.249
0.25
0.25
0.25
0.251
0.251
0.251
0.251
0.251
0.251
0.251
0.251
0.251
0.251
0.252
0.252
0.252
0.252
0.253
0.253
0.253
0.253
0.254
0.254
0.254
0.254
0.254
0.254
0.254
0.255
0.255
0.255
0.255
0.255
0.255
0.255
0.255
0.255
0.255
0.256
0.256
0.256
0.256
0.256
0.256
0.256
0.257
0.257
0.257
0.257
0.257
0.257
0.257
0.257
0.258
0.259
0.259
0.259
0.259
0.259
0.259
0.259
0.259
0.259
0.259
0.259
0.26
0.26
0.26
0.26
0.26
0.26
0.26
0.26
0.26
0.26
0.261
0.261
0.261
0.261
0.261
0.262
0.262
0.262
0.262
0.262
0.262
0.262
0.263
0.263
0.263
0.263
0.264
0.264
0.264
0.264
0.264
0.264
0.264
0.264
0.264
0.264
0.265
0.265
0.265
0.265
0.265
0.265
0.265
0.266
0.266
0.266
0.267
0.267
0.267
0.267
0.267
0.267
0.267
0.268
0.268
0.268
0.268
0.269
0.269
0.269
0.269
0.269
0.27
0.27
0.27
0.27
0.27
0.27
0.271
0.271
0.271
0.271
0.272
0.272
0.272
0.272
0.272
0.273
0.273
0.273
0.274
0.274
0.274
0.274
0.275
0.275
0.275
0.275
0.275
0.275
0.275
0.276
0.276
0.277
0.277
0.277
0.278
0.278
0.278
0.278
0.278
0.278
0.279
0.279
0.279
0.279
0.279
0.279
0.279
0.28
0.28
0.28
0.28
0.28
0.281
0.281
0.281
0.281
0.281
0.282
0.282
0.283
0.283
0.283
0.283
0.283
0.284
0.284
0.284
0.284
0.285
0.285
0.286
0.286
0.286
0.286
0.286
0.286
0.287
0.287
0.287
0.287
0.288
0.288
0.289
0.289
0.289
0.289
0.29
0.29
0.29
0.291
0.291
0.291
0.291
0.291
0.291
0.292
0.292
0.293
0.293
0.293
0.293
0.294
0.294
0.294
0.294
0.295
0.295
0.295
0.296
0.296
0.296
0.297
0.297
0.297
0.298
0.298
0.298
0.299
0.299
0.299
0.3
0.3
0.3
0.3
0.301
0.301
0.301
0.302
0.302
0.302
0.303
0.303
0.303
0.304
0.304
0.305
0.305
0.305
0.305
0.306
0.306
0.307
0.307
0.308
0.308
0.308
0.308
0.309
0.309
0.31
0.31
0.31
0.311
0.311
0.311
0.311
0.311
0.311
0.312
0.312
0.312
0.312
0.312
0.313
0.313
0.313
0.314
0.315
0.315
0.315
0.315
0.315
0.316
0.316
0.316
0.317
0.317
0.317
0.317
0.318
0.318
0.318
0.319
0.319
0.319
0.32
0.32
0.321
0.322
0.322
0.322
0.322
0.323
0.323
0.323
0.324
0.324
0.325
0.325
0.325
0.326
0.328
0.328
0.328
0.328
0.329
0.329
0.329
0.331
0.332
0.332
0.332
0.333
0.333
0.334
0.334
0.334
0.334
0.335
0.335
0.335
0.336
0.336
0.337
0.337
0.338
0.338
0.338
0.341
0.342
0.343
0.344
0.344
0.344
0.344
0.344
0.345
0.345
0.345
0.345
0.346
0.346
0.347
0.347
0.347
0.348
0.349
0.35
0.35
0.352
0.353
0.353
0.354
0.355
0.355
0.357
0.357
0.359
0.36
0.361
0.362
0.363
0.363
0.364
0.364
0.365
0.365
0.365
0.365
0.365
0.366
0.366
0.367
0.367
0.368
0.369
0.369
0.369
0.37
0.371
0.372
0.372
0.372
0.372
0.373
0.373
0.374
0.374
0.376
0.377
0.377
0.377
0.378
0.381
0.382
0.382
0.383
0.383
0.384
0.385
0.385
0.386
0.387
0.387
0.387
0.387
0.387
0.387
0.389
0.394
0.394
0.395
0.396
0.396
0.396
0.396
0.397
0.397
0.398
0.398
0.4
0.4
0.401
0.402
0.402
0.404
0.405
0.406
0.406
0.406
0.406
0.407
0.408
0.408
0.409
0.411
0.414
0.415
0.415
0.415
0.416
0.417
0.418
0.419
0.42
0.42
0.423
0.423
0.427
0.428
0.431
0.431
0.431
0.431
0.434
0.439
0.439
0.442
0.446
0.448
0.449
0.451
0.452
0.456
0.457
0.46
0.461
0.467
0.469
0.47
0.47
0.474
0.475
0.476
0.484
0.485
0.486
0.486
0.491
0.497
0.501
0.502
0.507
0.508
0.511
0.511
0.513
0.514
0.515
0.515
0.52
0.523
0.524
0.529
0.53
0.531
0.536
0.541
0.541
0.543
0.546
0.549
0.551
0.558
0.563
0.567
0.569
0.569
0.574
0.576
0.579
0.581
0.581
0.594
0.594
0.596
0.6
0.602
0.605
0.606
0.609
0.609
0.611
0.614
0.624
0.631
0.632
0.633
0.639
0.642
0.642
0.644
0.647
0.65
0.659
0.67
0.673
0.673
0.676
0.678
0.687
0.692
0.7
0.711
0.717
0.73
0.734
0.736
0.745
0.767
0.783
0.796
0.803
0.866
0.913
0.211
0.211
0.211
0.211
0.211
0.211
0.211
0.211
0.211
0.211
0.211
0.211
0.211
0.212
0.212
0.212
0.212
0.212
0.212
0.212
0.212
0.212
0.212
0.212
0.212
0.212
0.212
0.212
0.212
0.212
0.212
0.213
0.213
0.213
0.213
0.213
0.213
0.213
0.213
0.213
0.214
0.214
0.214
0.214
0.214
0.214
0.214
0.214
0.214
0.214
0.214
0.214
0.214
0.214
0.214
0.214
0.215
0.215
0.215
0.215
0.215
0.215
0.215
0.215
0.215
0.215
0.215
0.215
0.215
0.215
0.215
0.215
0.216
0.216
0.216
0.216
0.216
0.216
0.216
0.216
0.216
0.216
0.216
0.216
0.216
0.216
0.217
0.217
0.217
0.217
0.217
0.217
0.217
0.217
0.217
0.217
0.217
0.217
0.217
0.217
0.218
0.218
0.218
0.218
0.218
0.218
0.218
0.218
0.218
0.218
0.218
0.218
0.218
0.218
0.218
0.218
0.219
0.219
0.219
0.219
0.219
0.219
0.219
0.219
0.219
0.219
0.219
0.219
0.22
0.22
0.22
0.22
0.22
0.22
0.22
0.22
0.22
0.22
0.22
0.22
0.22
0.22
0.22
0.221
0.221
0.221
0.221
0.221
0.221
0.221
0.221
0.221
0.221
0.221
0.221
0.222
0.222
0.222
0.222
0.222
0.222
0.222
0.222
0.222
0.222
0.222
0.223
0.223
0.223
0.223
0.223
0.223
0.223
0.223
0.223
0.223
0.224
0.224
0.224
0.224
0.224
0.224
0.224
0.224
0.224
0.225
0.225
0.225
0.225
0.225
0.225
0.225
0.225
0.225
0.225
0.226
0.226
0.226
0.226
0.226
0.226
0.226
0.226
0.226
0.226
0.226
0.226
0.226
0.227
0.227
0.227
0.227
0.227
0.227
0.227
0.227
0.228
0.228
0.228
0.228
0.228
0.228
0.229
0.229
0.229
0.229
0.229
0.229
0.229
0.229
0.23
0.23
0.23
0.23
0.23
0.23
0.231
0.231
0.231
0.231
0.231
0.231
0.232
0.232
0.232
0.232
0.232
0.232
0.232
0.232
0.232
0.232
0.233
0.233
0.233
0.233
0.233
0.233
0.233
0.233
0.233
0.233
0.234
0.234
0.234
0.234
0.234
0.234
0.234
0.234
0.234
0.234
0.234
0.235
0.235
0.235
0.235
0.235
0.235
0.235
0.235
0.235
0.235
0.236
0.236
0.236
0.236
0.236
0.237
0.237
0.237
0.237
0.237
0.237
0.238
0.238
0.238
0.238
0.238
0.238
0.238
0.238
0.239
0.239
0.239
0.24
0.24
0.24
0.24
0.24
0.241
0.241
0.241
0.241
0.241
0.242
0.242
0.242
0.242
0.242
0.242
0.243
0.243
0.243
0.243
0.243
0.244
0.244
0.244
0.244
0.244
0.244
0.244
0.244
0.244
0.244
0.244
0.245
0.245
0.245
0.245
0.245
0.245
0.245
0.245
0.246
0.246
0.246
0.246
0.247
0.247
0.247
0.247
0.247
0.248
0.248
0.248
0.248
0.248
0.248
0.248
0.248
0.248
0.248
0.248
0.248
0.249
0.249
0.249
0.249
0.249
0.249
0.249
0.249
0.25
0.25
0.25
0.25
0.25
0.25
0.25
0.25
0.25
0.25
0.25
0.25
0.25
0.25
0.251
0.251
0.251
0.251
0.251
0.251
0.252
0.252
0.252
0.252
0.252
0.252
0.252
0.253
0.253
0.254
0.254
0.254
0.254
0.254
0.254
0.255
0.255
0.255
0.255
0.255
0.256
0.256
0.256
0.256
0.256
0.256
0.256
0.257
0.257
0.257
0.257
0.258
0.258
0.258
0.258
0.258
0.258
0.258
0.258
0.258
0.259
0.259
0.259
0.259
0.26
0.26
0.26
0.26
0.261
0.261
0.261
0.261
0.261
0.261
0.261
0.261
0.262
0.262
0.262
0.262
0.262
0.262
0.262
0.262
0.262
0.263
0.263
0.263
0.263
0.263
0.263
0.264
0.264
0.264
0.264
0.265
0.265
0.265
0.265
0.266
0.266
0.266
0.266
0.267
0.267
0.267
0.267
0.267
0.267
0.267
0.267
0.267
0.268
0.268
0.268
0.268
0.268
0.268
0.269
0.269
0.269
0.269
0.27
0.27
0.27
0.27
0.27
0.27
0.27
0.27
0.271
0.271
0.271
0.271
0.271
0.271
0.271
0.271
0.271
0.271
0.272
0.272
0.272
0.272
0.272
0.272
0.272
0.273
0.273
0.273
0.273
0.273
0.274
0.274
0.274
0.274
0.275
0.275
0.275
0.275
0.275
0.275
0.276
0.276
0.276
0.276
0.276
0.277
0.277
0.278
0.278
0.279
0.279
0.279
0.279
0.279
0.279
0.279
0.279
0.28
0.28
0.281
0.281
0.281
0.281
0.281
0.282
0.282
0.282
0.282
0.283
0.283
0.283
0.283
0.283
0.283
0.283
0.283
0.284
0.284
0.284
0.284
0.284
0.284
0.284
0.284
0.284
0.284
0.284
0.285
0.285
0.285
0.285
0.285
0.285
0.286
0.286
0.286
0.286
0.286
0.287
0.287
0.287
0.287
0.287
0.287
0.288
0.288
0.288
0.288
0.288
0.288
0.289
0.289
0.289
0.289
0.29
0.29
0.291
0.291
0.291
0.291
0.292
0.292
0.292
0.292
0.292
0.292
0.292
0.293
0.293
0.293
0.293
0.293
0.293
0.294
0.294
0.294
0.295
0.295
0.296
0.297
0.297
0.298
0.298
0.298
0.299
0.299
0.299
0.299
0.299
0.299
0.3
0.3
0.3
0.301
0.301
0.302
0.302
0.303
0.304
0.304
0.304
0.304
0.304
0.305
0.305
0.306
0.306
0.306
0.306
0.307
0.307
0.307
0.307
0.307
0.307
0.307
0.308
0.308
0.308
0.309
0.309
0.31
0.31
0.31
0.311
0.311
0.311
0.311
0.311
0.311
0.312
0.312
0.312
0.313
0.313
0.313
0.313
0.314
0.314
0.314
0.314
0.315
0.316
0.317
0.318
0.318
0.319
0.319
0.319
0.32
0.32
0.32
0.321
0.322
0.322
0.322
0.322
0.323
0.323
0.323
0.324
0.324
0.325
0.325
0.326
0.326
0.326
0.327
0.327
0.328
0.328
0.328
0.329
0.329
0.329
0.33
0.331
0.331
0.331
0.331
0.331
0.331
0.332
0.332
0.333
0.334
0.334
0.334
0.334
0.335
0.335
0.335
0.335
0.335
0.336
0.337
0.338
0.338
0.339
0.339
0.339
0.34
0.34
0.343
0.343
0.343
0.343
0.343
0.343
0.343
0.344
0.344
0.344
0.344
0.344
0.344
0.345
0.345
0.346
0.346
0.346
0.346
0.346
0.347
0.347
0.348
0.348
0.348
0.348
0.348
0.348
0.35
0.351
0.351
0.351
0.352
0.353
0.354
0.354
0.354
0.355
0.356
0.356
0.357
0.357
0.358
0.358
0.359
0.359
0.359
0.36
0.36
0.36
0.361
0.361
0.362
0.362
0.362
0.362
0.364
0.365
0.365
0.365
0.365
0.366
0.367
0.367
0.367
0.367
0.369
0.369
0.37
0.37
0.371
0.371
0.372
0.373
0.373
0.373
0.373
0.374
0.374
0.377
0.377
0.378
0.381
0.381
0.381
0.384
0.384
0.385
0.385
0.386
0.386
0.386
0.387
0.389
0.389
0.391
0.391
0.391
0.393
0.393
0.393
0.393
0.394
0.395
0.395
0.395
0.398
0.398
0.399
0.403
0.404
0.405
0.405
0.405
0.406
0.406
0.406
0.408
0.411
0.411
0.412
0.412
0.413
0.414
0.416
0.416
0.418
0.418
0.419
0.42
0.423
0.424
0.426
0.427
0.427
0.427
0.427
0.427
0.428
0.432
0.434
0.435
0.436
0.437
0.438
0.444
0.446
0.45
0.452
0.456
0.459
0.462
0.462
0.463
0.464
0.469
0.469
0.47
0.473
0.473
0.477
0.478
0.479
0.482
0.482
0.483
0.484
0.486
0.487
0.489
0.49
0.491
0.493
0.497
0.502
0.503
0.504
0.506
0.506
0.507
0.512
0.513
0.514
0.515
0.516
0.516
0.518
0.522
0.522
0.522
0.523
0.524
0.524
0.525
0.536
0.544
0.544
0.544
0.545
0.55
0.553
0.554
0.555
0.555
0.564
0.566
0.572
0.573
0.574
0.576
0.577
0.581
0.582
0.592
0.595
0.595
0.599
0.605
0.614
0.637
0.638
0.644
0.664
0.67
0.682
0.684
0.684
0.685
0.692
0.693
0.695
0.696
0.711
0.711
0.731
0.761
0.766
0.785
0.796
0.822
0.873
0.211
0.211
0.211
0.211
0.211
0.211
0.211
0.211
0.211
0.211
0.211
0.211
0.211
0.212
0.212
0.212
0.212
0.212
0.212
0.212
0.212
0.212
0.212
0.212
0.212
0.212
0.212
0.212
0.212
0.213
0.213
0.213
0.213
0.213
0.213
0.213
0.213
0.213
0.214
0.214
0.214
0.214
0.214
0.214
0.214
0.214
0.214
0.214
0.214
0.214
0.215
0.215
0.215
0.215
0.215
0.215
0.215
0.215
0.215
0.215
0.215
0.215
0.215
0.215
0.215
0.215
0.215
0.216
0.216
0.216
0.216
0.216
0.216
0.216
0.216
0.216
0.216
0.217
0.217
0.217
0.217
0.217
0.217
0.217
0.217
0.217
0.217
0.217
0.217
0.217
0.217
0.217
0.217
0.217
0.217
0.217
0.218
0.218
0.218
0.218
0.218
0.218
0.218
0.218
0.218
0.218
0.218
0.218
0.218
0.218
0.218
0.218
0.218
0.218
0.218
0.219
0.219
0.219
0.219
0.219
0.219
0.219
0.219
0.219
0.219
0.219
0.219
0.219
0.219
0.22
0.22
0.22
0.22
0.22
0.22
0.22
0.22
0.221
0.221
0.221
0.221
0.221
0.221
0.221
0.221
0.222
0.222
0.222
0.222
0.222
0.222
0.222
0.222
0.222
0.222
0.222
0.222
0.222
0.222
0.222
0.223
0.223
0.223
0.223
0.223
0.223
0.223
0.223
0.223
0.223
0.224
0.224
0.224
0.224
0.224
0.224
0.224
0.224
0.224
0.224
0.224
0.225
0.225
0.225
0.225
0.225
0.225
0.225
0.225
0.225
0.225
0.225
0.226
0.226
0.226
0.226
0.226
0.226
0.226
0.226
0.227
0.227
0.227
0.227
0.227
0.227
0.227
0.227
0.227
0.228
0.228
0.228
0.228
0.228
0.228
0.228
0.228
0.228
0.228
0.229
0.229
0.229
0.229
0.229
0.229
0.229
0.229
0.229
0.229
0.229
0.229
0.23
0.23
0.23
0.23
0.23
0.23
0.23
0.23
0.23
0.23
0.23
0.23
0.23
0.23
0.23
0.231
0.231
0.231
0.231
0.231
0.231
0.231
0.231
0.231
0.231
0.231
0.231
0.232
0.232
0.232
0.232
0.232
0.232
0.232
0.233
0.233
0.233
0.233
0.233
0.233
0.233
0.233
0.233
0.234
0.234
0.234
0.234
0.234
0.234
0.234
0.234
0.235
0.235
0.235
0.235
0.235
0.235
0.235
0.235
0.235
0.235
0.235
0.235
0.235
0.235
0.236
0.236
0.236
0.236
0.236
0.236
0.236
0.236
0.236
0.236
0.237
0.237
0.237
0.237
0.237
0.237
0.237
0.237
0.237
0.237
0.237
0.237
0.237
0.237
0.237
0.237
0.238
0.238
0.238
0.238
0.238
0.238
0.238
0.238
0.239
0.239
0.239
0.239
0.239
0.239
0.239
0.24
0.24
0.24
0.24
0.24
0.24
0.24
0.24
0.24
0.241
0.241
0.241
0.241
0.241
0.242
0.242
0.242
0.242
0.242
0.242
0.242
0.242
0.242
0.243
0.243
0.243
0.243
0.243
0.243
0.243
0.244
0.244
0.244
0.244
0.245
0.245
0.245
0.245
0.245
0.245
0.245
0.246
0.246
0.246
0.246
0.246
0.246
0.246
0.246
0.246
0.246
0.246
0.246
0.246
0.246
0.247
0.247
0.247
0.247
0.247
0.247
0.247
0.248
0.248
0.248
0.248
0.248
0.248
0.249
0.249
0.249
0.249
0.249
0.249
0.249
0.249
0.249
0.249
0.25
0.25
0.25
0.25
0.25
0.25
0.25
0.25
0.25
0.25
0.25
0.25
0.25
0.251
0.251
0.251
0.251
0.251
0.251
0.251
0.251
0.251
0.251
0.251
0.251
0.252
0.252
0.252
0.252
0.252
0.252
0.252
0.252
0.252
0.253
0.253
0.253
0.253
0.253
0.253
0.253
0.253
0.253
0.254
0.254
0.254
0.254
0.254
0.254
0.254
0.254
0.254
0.255
0.255
0.255
0.255
0.255
0.256
0.256
0.256
0.256
0.256
0.256
0.257
0.257
0.257
0.257
0.257
0.257
0.257
0.257
0.257
0.257
0.258
0.258
0.258
0.258
0.258
0.258
0.258
0.259
0.259
0.259
0.259
0.259
0.259
0.259
0.259
0.26
0.26
0.26
0.261
0.261
0.261
0.261
0.261
0.261
0.261
0.262
0.262
0.262
0.262
0.262
0.262
0.262
0.263
0.263
0.263
0.263
0.263
0.263
0.263
0.263
0.263
0.264
0.264
0.264
0.264
0.264
0.264
0.264
0.264
0.264
0.265
0.265
0.267
0.267
0.267
0.267
0.268
0.268
0.268
0.269
0.269
0.269
0.27
0.27
0.27
0.27
0.27
0.27
0.271
0.271
0.271
0.271
0.271
0.271
0.271
0.271
0.271
0.272
0.272
0.272
0.272
0.272
0.272
0.273
0.273
0.273
0.273
0.273
0.273
0.274
0.274
0.274
0.274
0.274
0.275
0.275
0.275
0.275
0.275
0.276
0.276
0.276
0.277
0.278
0.278
0.278
0.279
0.279
0.279
0.279
0.279
0.28
0.28
0.28
0.28
0.281
0.281
0.281
0.282
0.282
0.282
0.282
0.282
0.282
0.282
0.282
0.282
0.282
0.283
0.283
0.283
0.283
0.283
0.283
0.283
0.284
0.284
0.284
0.284
0.285
0.285
0.285
0.285
0.285
0.285
0.285
0.285
0.286
0.286
0.287
0.287
0.287
0.287
0.288
0.288
0.289
0.289
0.289
0.289
0.289
0.289
0.289
0.289
0.29
0.291
0.291
0.291
0.291
0.291
0.292
0.292
0.292
0.292
0.292
0.292
0.293
0.294
0.294
0.294
0.294
0.294
0.294
0.295
0.295
0.295
0.296
0.296
0.296
0.296
0.297
0.297
0.297
0.297
0.298
0.298
0.298
0.298
0.299
0.299
0.299
0.299
0.299
0.299
0.299
0.3
0.3
0.3
0.3
0.3
0.3
0.3
0.3
0.301
0.301
0.301
0.304
0.304
0.304
0.305
0.306
0.306
0.306
0.306
0.307
0.308
0.308
0.308
0.309
0.309
0.31
0.311
0.312
0.312
0.312
0.312
0.312
0.312
0.312
0.312
0.313
0.313
0.313
0.313
0.313
0.314
0.314
0.314
0.315
0.315
0.316
0.316
0.316
0.317
0.317
0.317
0.318
0.318
0.319
0.319
0.319
0.32
0.32
0.32
0.32
0.32
0.322
0.322
0.323
0.323
0.324
0.324
0.325
0.325
0.326
0.327
0.327
0.328
0.328
0.328
0.329
0.329
0.33
0.33
0.33
0.33
0.332
0.332
0.332
0.333
0.333
0.333
0.335
0.335
0.335
0.335
0.335
0.336
0.337
0.337
0.338
0.338
0.338
0.339
0.339
0.339
0.34
0.34
0.341
0.341
0.343
0.344
0.345
0.345
0.346
0.346
0.346
0.347
0.347
0.347
0.347
0.348
0.348
0.351
0.351
0.351
0.352
0.352
0.356
0.357
0.357
0.359
0.361
0.361
0.361
0.363
0.365
0.367
0.367
0.367
0.367
0.368
0.37
0.37
0.371
0.371
0.372
0.373
0.373
0.374
0.374
0.374
0.375
0.376
0.376
0.378
0.38
0.382
0.383
0.383
0.384
0.385
0.385
0.385
0.385
0.386
0.386
0.388
0.39
0.39
0.39
0.391
0.391
0.391
0.391
0.391
0.392
0.392
0.392
0.392
0.393
0.395
0.396
0.399
0.4
0.401
0.401
0.402
0.402
0.403
0.403
0.404
0.405
0.406
0.406
0.409
0.409
0.409
0.41
0.412
0.412
0.414
0.414
0.414
0.417
0.419
0.42
0.421
0.422
0.423
0.426
0.426
0.427
0.427
0.432
0.432
0.433
0.433
0.438
0.438
0.438
0.442
0.443
0.447
0.447
0.452
0.453
0.455
0.455
0.456
0.457
0.457
0.458
0.464
0.467
0.468
0.476
0.477
0.479
0.481
0.485
0.486
0.487
0.489
0.493
0.493
0.495
0.498
0.5
0.502
0.504
0.506
0.508
0.511
0.511
0.511
0.515
0.516
0.516
0.517
0.52
0.521
0.522
0.525
0.526
0.529
0.54
0.543
0.544
0.545
0.554
0.554
0.555
0.556
0.563
0.563
0.564
0.567
0.57
0.574
0.575
0.575
0.578
0.581
0.583
0.585
0.589
0.591
0.595
0.598
0.609
0.61
0.611
0.615
0.617
0.617
0.62
0.635
0.641
0.65
0.663
0.667
0.671
0.673
0.696
0.7
0.704
0.714
0.727
0.73
0.761
0.782
0.827
0.211
0.211
0.211
0.211
0.211
0.211
0.211
0.211
0.211
0.211
0.211
0.211
0.211
0.211
0.211
0.211
0.211
0.211
0.211
0.211
0.211
0.212
0.212
0.212
0.212
0.212
0.212
0.212
0.212
0.212
0.212
0.212
0.212
0.213
0.213
0.213
0.213
0.213
0.213
0.213
0.213
0.213
0.213
0.213
0.213
0.213
0.214
0.214
0.214
0.214
0.214
0.214
0.214
0.214
0.215
0.215
0.215
0.215
0.215
0.215
0.215
0.216
0.216
0.216
0.216
0.216
0.216
0.216
0.216
0.216
0.216
0.217
0.217
0.217
0.217
0.217
0.217
0.217
0.217
0.217
0.217
0.217
0.217
0.217
0.217
0.217
0.218
0.218
0.218
0.218
0.218
0.218
0.218
0.218
0.218
0.218
0.218
0.218
0.218
0.218
0.219
0.219
0.219
0.219
0.219
0.219
0.219
0.219
0.219
0.219
0.219
0.219
0.219
0.22
0.22
0.22
0.22
0.22
0.22
0.22
0.22
0.22
0.22
0.22
0.22
0.22
0.22
0.22
0.22
0.221
0.221
0.221
0.221
0.221
0.221
0.221
0.221
0.221
0.221
0.221
0.221
0.221
0.221
0.221
0.221
0.222
0.222
0.222
0.222
0.222
0.222
0.222
0.222
0.222
0.222
0.223
0.223
0.223
0.223
0.223
0.223
0.223
0.223
0.223
0.223
0.224
0.224
0.224
0.224
0.224
0.224
0.224
0.224
0.224
0.224
0.224
0.225
0.225
0.225
0.225
0.225
0.225
0.225
0.225
0.225
0.225
0.225
0.226
0.226
0.226
0.226
0.226
0.226
0.226
0.226
0.226
0.227
0.227
0.227
0.227
0.227
0.227
0.227
0.227
0.227
0.227
0.227
0.227
0.227
0.227
0.228
0.228
0.228
0.228
0.228
0.228
0.228
0.228
0.228
0.228
0.228
0.229
0.229
0.229
0.229
0.229
0.23
0.23
0.23
0.23
0.23
0.23
0.23
0.23
0.23
0.23
0.231
0.231
0.231
0.231
0.231
0.231
0.231
0.231
0.231
0.232
0.232
0.232
0.232
0.232
0.232
0.232
0.232
0.232
0.232
0.232
0.232
0.232
0.232
0.232
0.232
0.233
0.233
0.233
0.233
0.233
0.233
0.233
0.233
0.234
0.234
0.234
0.234
0.234
0.234
0.234
0.234
0.235
0.235
0.235
0.235
0.235
0.235
0.235
0.235
0.235
0.235
0.235
0.236
0.236
0.236
0.236
0.236
0.236
0.236
0.237
0.237
0.237
0.237
0.237
0.237
0.237
0.237
0.238
0.238
0.238
0.238
0.238
0.238
0.238
0.239
0.239
0.239
0.239
0.239
0.239
0.24
0.24
0.24
0.24
0.24
0.24
0.241
0.241
0.241
0.241
0.241
0.242
0.242
0.242
0.242
0.242
0.242
0.243
0.243
0.243
0.243
0.243
0.243
0.243
0.243
0.243
0.243
0.243
0.244
0.244
0.244
0.244
0.244
0.244
0.245
0.245
0.245
0.245
0.245
0.245
0.245
0.245
0.245
0.245
0.246
0.246
0.246
0.246
0.246
0.246
0.246
0.246
0.246
0.247
0.247
0.247
0.247
0.247
0.247
0.247
0.247
0.248
0.248
0.248
0.248
0.248
0.248
0.248
0.249
0.249
0.249
0.249
0.249
0.25
0.25
0.251
0.251
0.251
0.251
0.251
0.251
0.252
0.252
0.252
0.252
0.252
0.252
0.253
0.253
0.253
0.253
0.253
0.254
0.254
0.254
0.254
0.254
0.254
0.255
0.255
0.255
0.255
0.255
0.255
0.255
0.255
0.255
0.255
0.255
0.255
0.255
0.255
0.256
0.256
0.256
0.256
0.256
0.256
0.256
0.257
0.257
0.257
0.257
0.257
0.257
0.258
0.258
0.258
0.258
0.258
0.258
0.258
0.258
0.259
0.259
0.259
0.259
0.259
0.26
0.26
0.26
0.26
0.261
0.261
0.261
0.261
0.262
0.262
0.262
0.262
0.262
0.262
0.263
0.263
0.263
0.263
0.263
0.263
0.264
0.264
0.264
0.264
0.264
0.264
0.264
0.265
0.265
0.265
0.266
0.266
0.266
0.266
0.266
0.267
0.267
0.267
0.267
0.268
0.268
0.268
0.268
0.268
0.269
0.269
0.269
0.269
0.269
0.27
0.27
0.27
0.271
0.271
0.271
0.271
0.272
0.272
0.272
0.272
0.272
0.273
0.273
0.273
0.273
0.274
0.274
0.274
0.274
0.274
0.274
0.274
0.275
0.275
0.275
0.275
0.275
0.275
0.275
0.276
0.276
0.276
0.276
0.276
0.276
0.276
0.277
0.277
0.278
0.278
0.278
0.278
0.278
0.279
0.279
0.279
0.279
0.279
0.28
0.28
0.28
0.28
0.28
0.281
0.282
0.282
0.282
0.282
0.282
0.282
0.282
0.282
0.282
0.282
0.283
0.283
0.283
0.283
0.283
0.283
0.283
0.283
0.283
0.283
0.284
0.284
0.284
0.284
0.285
0.285
0.285
0.285
0.285
0.286
0.286
0.286
0.287
0.287
0.288
0.288
0.288
0.288
0.289
0.289
0.289
0.289
0.289
0.289
0.29
0.29
0.29
0.291
0.291
0.291
0.292
0.292
0.292
0.292
0.293
0.293
0.293
0.293
0.293
0.294
0.294
0.294
0.295
0.296
0.297
0.297
0.297
0.298
0.298
0.298
0.298
0.298
0.299
0.299
0.3
0.3
0.301
0.302
0.302
0.302
0.302
0.303
0.303
0.304
0.304
0.304
0.305
0.305
0.305
0.306
0.306
0.307
0.307
0.308
0.308
0.309
0.309
0.309
0.309
0.311
0.311
0.311
0.311
0.311
0.311
0.312
0.312
0.312
0.313
0.313
0.313
0.313
0.313
0.314
0.314
0.314
0.314
0.314
0.314
0.314
0.314
0.314
0.315
0.315
0.316
0.316
0.317
0.317
0.317
0.317
0.318
0.318
0.318
0.318
0.318
0.318
0.319
0.319
0.319
0.319
0.32
0.32
0.32
0.321
0.321
0.321
0.322
0.322
0.323
0.323
0.323
0.323
0.324
0.324
0.324
0.324
0.325
0.325
0.326
0.326
0.326
0.326
0.326
0.327
0.327
0.327
0.328
0.329
0.329
0.329
0.33
0.33
0.331
0.331
0.332
0.332
0.332
0.332
0.333
0.333
0.335
0.335
0.335
0.336
0.337
0.337
0.337
0.337
0.337
0.338
0.338
0.339
0.339
0.339
0.34
0.341
0.342
0.342
0.342
0.342
0.342
0.342
0.343
0.343
0.344
0.344
0.344
0.345
0.345
0.346
0.346
0.346
0.347
0.347
0.348
0.349
0.35
0.351
0.352
0.352
0.353
0.353
0.353
0.353
0.353
0.354
0.354
0.354
0.355
0.355
0.356
0.356
0.358
0.358
0.359
0.359
0.36
0.361
0.362
0.362
0.363
0.364
0.364
0.364
0.365
0.367
0.368
0.369
0.369
0.371
0.372
0.372
0.374
0.375
0.376
0.376
0.376
0.377
0.378
0.379
0.381
0.381
0.381
0.381
0.382
0.382
0.382
0.382
0.385
0.385
0.385
0.385
0.386
0.386
0.386
0.387
0.389
0.391
0.391
0.392
0.392
0.394
0.394
0.395
0.396
0.396
0.397
0.4
0.4
0.404
0.407
0.407
0.409
0.41
0.412
0.412
0.412
0.413
0.413
0.413
0.417
0.417
0.418
0.418
0.418
0.419
0.42
0.422
0.423
0.425
0.426
0.427
0.428
0.428
0.429
0.429
0.429
0.43
0.432
0.433
0.434
0.436
0.436
0.436
0.438
0.439
0.44
0.441
0.442
0.443
0.444
0.445
0.447
0.447
0.45
0.45
0.45
0.451
0.452
0.453
0.455
0.455
0.456
0.456
0.459
0.461
0.462
0.462
0.463
0.464
0.464
0.466
0.468
0.468
0.473
0.475
0.476
0.477
0.477
0.477
0.479
0.479
0.481
0.481
0.484
0.488
0.49
0.49
0.492
0.492
0.493
0.494
0.495
0.495
0.495
0.496
0.496
0.499
0.502
0.503
0.503
0.503
0.506
0.507
0.507
0.509
0.509
0.51
0.511
0.522
0.527
0.53
0.53
0.532
0.537
0.538
0.542
0.545
0.55
0.551
0.554
0.554
0.557
0.562
0.565
0.566
0.566
0.567
0.57
0.572
0.579
0.587
0.591
0.597
0.598
0.605
0.611
0.617
0.624
0.629
0.629
0.632
0.632
0.635
0.648
0.659
0.659
0.662
0.67
0.674
0.683
0.697
0.698
0.701
0.704
0.727
0.757
0.763
0.796
0.801
0.806
0.862
0.211
0.211
0.211
0.211
0.211
0.211
0.211
0.211
0.211
0.211
0.211
0.211
0.211
0.211
0.211
0.212
0.212
0.212
0.212
0.212
0.212
0.212
0.212
0.212
0.212
0.212
0.212
0.212
0.212
0.213
0.213
0.213
0.213
0.213
0.213
0.213
0.213
0.213
0.213
0.213
0.213
0.213
0.213
0.213
0.214
0.214
0.214
0.214
0.214
0.214
0.214
0.214
0.214
0.214
0.214
0.214
0.214
0.214
0.214
0.214
0.215
0.215
0.215
0.215
0.215
0.215
0.215
0.215
0.215
0.215
0.216
0.216
0.216
0.216
0.216
0.216
0.216
0.217
0.217
0.217
0.217
0.217
0.217
0.217
0.217
0.217
0.217
0.217
0.217
0.218
0.218
0.218
0.218
0.218
0.218
0.218
0.218
0.218
0.218
0.218
0.219
0.219
0.219
0.219
0.219
0.219
0.219
0.219
0.219
0.219
0.219
0.219
0.219
0.219
0.219
0.219
0.219
0.219
0.22
0.22
0.22
0.22
0.22
0.22
0.22
0.22
0.22
0.22
0.22
0.22
0.22
0.22
0.22
0.22
0.22
0.22
0.22
0.22
0.22
0.22
0.221
0.221
0.221
0.221
0.221
0.221
0.221
0.222
0.222
0.222
0.222
0.222
0.222
0.222
0.222
0.222
0.222
0.222
0.222
0.223
0.223
0.223
0.223
0.223
0.223
0.223
0.223
0.224
0.224
0.224
0.224
0.224
0.224
0.224
0.224
0.224
0.224
0.224
0.224
0.225
0.225
0.225
0.225
0.225
0.225
0.225
0.225
0.225
0.225
0.225
0.225
0.226
0.226
0.226
0.226
0.226
0.226
0.226
0.226
0.226
0.226
0.226
0.226
0.227
0.227
0.227
0.227
0.227
0.227
0.227
0.227
0.227
0.227
0.227
0.227
0.227
0.227
0.227
0.228
0.228
0.228
0.228
0.228
0.228
0.228
0.228
0.228
0.228
0.229
0.229
0.229
0.229
0.229
0.229
0.229
0.229
0.229
0.229
0.229
0.229
0.23
0.23
0.23
0.23
0.23
0.23
0.23
0.23
0.23
0.23
0.23
0.231
0.231
0.231
0.231
0.231
0.231
0.231
0.231
0.231
0.231
0.231
0.231
0.232
0.232
0.232
0.232
0.232
0.232
0.232
0.233
0.233
0.233
0.233
0.233
0.233
0.233
0.233
0.233
0.233
0.234
0.234
0.234
0.234
0.234
0.234
0.234
0.234
0.234
0.235
0.235
0.235
0.235
0.235
0.235
0.235
0.235
0.235
0.235
0.235
0.235
0.235
0.235
0.235
0.235
0.236
0.236
0.236
0.236
0.236
0.236
0.236
0.237
0.237
0.237
0.237
0.237
0.237
0.237
0.238
0.238
0.238
0.238
0.238
0.238
0.238
0.238
0.238
0.238
0.239
0.239
0.239
0.239
0.239
0.239
0.239
0.239
0.239
0.24
0.24
0.24
0.24
0.24
0.24
0.24
0.24
0.24
0.24
0.24
0.24
0.24
0.241
0.241
0.241
0.241
0.241
0.242
0.242
0.242
0.242
0.242
0.242
0.242
0.242
0.243
0.243
0.243
0.243
0.243
0.243
0.243
0.243
0.243
0.243
0.243
0.244
0.244
0.244
0.244
0.244
0.244
0.244
0.244
0.245
0.245
0.245
0.245
0.245
0.245
0.245
0.245
0.245
0.245
0.245
0.245
0.246
0.246
0.246
0.246
0.246
0.246
0.246
0.246
0.246
0.246
0.247
0.247
0.247
0.247
0.247
0.247
0.248
0.248
0.248
0.248
0.248
0.248
0.248
0.248
0.249
0.249
0.249
0.249
0.249
0.249
0.249
0.25
0.25
0.25
0.25
0.25
0.25
0.25
0.25
0.25
0.25
0.25
0.25
0.25
0.25
0.251
0.251
0.251
0.251
0.251
0.251
0.252
0.252
0.252
0.252
0.252
0.252
0.252
0.252
0.252
0.253
0.253
0.253
0.253
0.253
0.253
0.253
0.254
0.254
0.254
0.254
0.254
0.254
0.254
0.255
0.255
0.255
0.255
0.256
0.256
0.256
0.256
0.257
0.257
0.257
0.257
0.257
0.258
0.258
0.258
0.258
0.258
0.258
0.258
0.258
0.258
0.259
0.259
0.259
0.259
0.259
0.259
0.26
0.26
0.26
0.26
0.26
0.261
0.261
0.261
0.261
0.261
0.262
0.262
0.262
0.262
0.262
0.263
0.263
0.263
0.263
0.264
0.264
0.264
0.264
0.264
0.265
0.265
0.265
0.266
0.266
0.266
0.266
0.266
0.267
0.267
0.267
0.267
0.268
0.269
0.269
0.269
0.269
0.269
0.269
0.27
0.27
0.27
0.27
0.27
0.27
0.271
0.271
0.271
0.271
0.271
0.271
0.271
0.272
0.272
0.272
0.272
0.273
0.273
0.273
0.273
0.274
0.274
0.274
0.274
0.274
0.274
0.274
0.275
0.275
0.276
0.276
0.276
0.277
0.277
0.277
0.278
0.278
0.278
0.278
0.278
0.278
0.278
0.278
0.279
0.279
0.279
0.279
0.28
0.28
0.28
0.28
0.281
0.281
0.281
0.281
0.281
0.281
0.281
0.281
0.282
0.282
0.282
0.282
0.282
0.283
0.283
0.283
0.284
0.284
0.284
0.284
0.285
0.285
0.285
0.285
0.286
0.286
0.286
0.286
0.287
0.287
0.287
0.288
0.289
0.289
0.289
0.29
0.29
0.29
0.291
0.291
0.291
0.292
0.292
0.292
0.292
0.292
0.293
0.293
0.293
0.293
0.294
0.294
0.295
0.295
0.295
0.295
0.295
0.296
0.296
0.296
0.297
0.297
0.297
0.297
0.297
0.298
0.298
0.298
0.298
0.299
0.299
0.299
0.299
0.3
0.3
0.301
0.301
0.301
0.301
0.302
0.302
0.303
0.303
0.303
0.303
0.304
0.304
0.305
0.305
0.306
0.306
0.307
0.307
0.307
0.307
0.308
0.308
0.308
0.309
0.309
0.31
0.31
0.311
0.311
0.311
0.311
0.312
0.312
0.312
0.312
0.312
0.312
0.313
0.313
0.313
0.313
0.313
0.313
0.315
0.316
0.316
0.316
0.316
0.316
0.317
0.317
0.317
0.317
0.317
0.317
0.318
0.318
0.318
0.319
0.319
0.32
0.32
0.32
0.32
0.321
0.321
0.321
0.321
0.322
0.322
0.322
0.322
0.323
0.323
0.324
0.324
0.324
0.324
0.324
0.325
0.325
0.325
0.325
0.325
0.326
0.326
0.327
0.327
0.329
0.33
0.33
0.33
0.331
0.331
0.331
0.331
0.331
0.331
0.331
0.333
0.333
0.333
0.335
0.336
0.336
0.336
0.336
0.337
0.337
0.338
0.339
0.34
0.34
0.34
0.34
0.342
0.343
0.343
0.343
0.344
0.344
0.344
0.344
0.344
0.344
0.344
0.344
0.345
0.345
0.345
0.346
0.346
0.347
0.348
0.348
0.348
0.348
0.348
0.349
0.349
0.35
0.351
0.351
0.352
0.352
0.353
0.354
0.355
0.355
0.356
0.356
0.356
0.357
0.357
0.358
0.36
0.361
0.361
0.361
0.362
0.362
0.362
0.362
0.364
0.364
0.364
0.364
0.365
0.365
0.365
0.366
0.366
0.368
0.369
0.369
0.371
0.373
0.374
0.375
0.377
0.377
0.377
0.378
0.38
0.382
0.384
0.384
0.384
0.385
0.385
0.386
0.386
0.386
0.386
0.386
0.387
0.389
0.389
0.391
0.391
0.391
0.391
0.392
0.394
0.394
0.394
0.395
0.395
0.396
0.397
0.398
0.4
0.4
0.401
0.401
0.402
0.405
0.41
0.411
0.412
0.414
0.414
0.415
0.416
0.417
0.418
0.42
0.421
0.421
0.422
0.422
0.424
0.425
0.43
0.43
0.431
0.432
0.435
0.436
0.437
0.438
0.439
0.441
0.441
0.444
0.446
0.447
0.451
0.451
0.453
0.454
0.456
0.458
0.461
0.462
0.464
0.466
0.469
0.469
0.47
0.472
0.473
0.476
0.477
0.478
0.479
0.481
0.483
0.483
0.487
0.487
0.488
0.488
0.489
0.49
0.494
0.496
0.496
0.497
0.497
0.5
0.501
0.505
0.51
0.514
0.514
0.515
0.522
0.523
0.525
0.531
0.536
0.541
0.547
0.556
0.558
0.564
0.567
0.588
0.592
0.594
0.602
0.614
0.619
0.632
0.632
0.638
0.64
0.649
0.654
0.655
0.662
0.663
0.677
0.686
0.695
0.716
0.719
0.727
0.731
0.734
0.736
0.743
0.763
0.766
0.783
0.786
0.792
0.802
0.81
0.821
0.826
0.866
0.21
0.211
0.211
0.211
0.211
0.211
0.211
0.211
0.211
0.211
0.211
0.211
0.211
0.211
0.211
0.211
0.211
0.212
0.212
0.212
0.212
0.212
0.212
0.212
0.212
0.212
0.212
0.212
0.212
0.212
0.213
0.213
0.213
0.213
0.213
0.213
0.213
0.213
0.213
0.213
0.213
0.213
0.213
0.213
0.213
0.213
0.213
0.213
0.213
0.213
0.214
0.214
0.214
0.214
0.214
0.214
0.214
0.214
0.214
0.214
0.214
0.214
0.214
0.215
0.215
0.215
0.215
0.215
0.215
0.215
0.215
0.215
0.215
0.215
0.215
0.215
0.215
0.215
0.215
0.215
0.215
0.215
0.216
0.216
0.216
0.216
0.216
0.216
0.216
0.216
0.216
0.216
0.217
0.217
0.217
0.217
0.217
0.217
0.217
0.217
0.217
0.217
0.217
0.217
0.217
0.218
0.218
0.218
0.218
0.218
0.218
0.218
0.218
0.218
0.219
0.219
0.219
0.219
0.219
0.219
0.219
0.219
0.219
0.219
0.219
0.219
0.219
0.219
0.219
0.219
0.219
0.219
0.22
0.22
0.22
0.22
0.22
0.22
0.22
0.22
0.22
0.22
0.22
0.22
0.221
0.221
0.221
0.221
0.221
0.221
0.221
0.221
0.221
0.221
0.221
0.221
0.221
0.221
0.221
0.222
0.222
0.222
0.222
0.222
0.222
0.222
0.222
0.222
0.222
0.222
0.222
0.222
0.222
0.222
0.223
0.223
0.223
0.223
0.223
0.223
0.223
0.223
0.223
0.223
0.223
0.223
0.223
0.224
0.224
0.224
0.224
0.224
0.224
0.224
0.224
0.224
0.224
0.224
0.224
0.225
0.225
0.225
0.225
0.225
0.225
0.225
0.225
0.225
0.225
0.225
0.225
0.225
0.225
0.225
0.225
0.225
0.225
0.225
0.225
0.225
0.225
0.226
0.226
0.226
0.226
0.226
0.226
0.226
0.226
0.226
0.226
0.227
0.227
0.227
0.227
0.227
0.227
0.227
0.227
0.227
0.227
0.227
0.227
0.228
0.228
0.228
0.228
0.228
0.228
0.228
0.228
0.228
0.228
0.228
0.228
0.228
0.228
0.229
0.229
0.229
0.229
0.229
0.229
0.229
0.229
0.229
0.23
0.23
0.23
0.23
0.23
0.23
0.23
0.23
0.23
0.23
0.23
0.23
0.23
0.231
0.231
0.231
0.231
0.231
0.231
0.231
0.232
0.232
0.232
0.232
0.232
0.232
0.232
0.232
0.232
0.232
0.233
0.233
0.233
0.233
0.233
0.233
0.233
0.233
0.233
0.234
0.234
0.234
0.234
0.234
0.234
0.234
0.235
0.235
0.235
0.235
0.235
0.236
0.236
0.236
0.236
0.236
0.236
0.236
0.236
0.236
0.236
0.236
0.237
0.237
0.237
0.237
0.237
0.237
0.237
0.237
0.237
0.238
0.238
0.238
0.238
0.238
0.238
0.238
0.238
0.238
0.239
0.239
0.239
0.239
0.239
0.24
0.24
0.24
0.24
0.24
0.24
0.24
0.24
0.24
0.24
0.241
0.241
0.241
0.241
0.241
0.241
0.241
0.241
0.242
0.242
0.242
0.242
0.242
0.242
0.243
0.243
0.243
0.243
0.244
0.244
0.244
0.244
0.244
0.244
0.244
0.244
0.244
0.244
0.244
0.245
0.245
0.245
0.245
0.245
0.245
0.246
0.246
0.246
0.246
0.246
0.246
0.246
0.246
0.246
0.246
0.246
0.247
0.247
0.247
0.247
0.247
0.247
0.247
0.247
0.247
0.247
0.247
0.248
0.248
0.248
0.248
0.248
0.249
0.249
0.25
0.25
0.25
0.25
0.25
0.25
0.25
0.25
0.25
0.251
0.251
0.251
0.251
0.251
0.251
0.251
0.251
0.251
0.251
0.252
0.252
0.252
0.253
0.253
0.253
0.253
0.253
0.253
0.254
0.254
0.254
0.254
0.254
0.254
0.254
0.254
0.254
0.255
0.255
0.255
0.255
0.255
0.256
0.256
0.256
0.256
0.256
0.256
0.256
0.257
0.257
0.257
0.257
0.257
0.257
0.258
0.258
0.258
0.258
0.258
0.258
0.259
0.259
0.259
0.26
0.26
0.26
0.26
0.26
0.26
0.26
0.26
0.26
0.261
0.261
0.261
0.261
0.261
0.261
0.261
0.261
0.261
0.261
0.262
0.262
0.262
0.262
0.262
0.262
0.262
0.262
0.262
0.262
0.262
0.263
0.263
0.263
0.263
0.263
0.263
0.264
0.264
0.264
0.264
0.264
0.265
0.265
0.265
0.265
0.265
0.265
0.266
0.266
0.266
0.266
0.266
0.266
0.266
0.267
0.267
0.267
0.267
0.267
0.267
0.268
0.268
0.268
0.268
0.268
0.269
0.269
0.27
0.27
0.271
0.271
0.271
0.272
0.272
0.272
0.272
0.273
0.273
0.273
0.273
0.273
0.273
0.274
0.274
0.274
0.274
0.274
0.274
0.274
0.274
0.275
0.275
0.275
0.275
0.276
0.276
0.276
0.277
0.277
0.277
0.278
0.278
0.278
0.279
0.279
0.279
0.279
0.28
0.28
0.28
0.28
0.281
0.281
0.282
0.282
0.283
0.283
0.283
0.283
0.283
0.283
0.284
0.284
0.284
0.284
0.285
0.285
0.285
0.285
0.285
0.285
0.285
0.285
0.286
0.286
0.286
0.286
0.287
0.287
0.287
0.287
0.287
0.288
0.288
0.288
0.288
0.288
0.289
0.289
0.289
0.289
0.29
0.29
0.29
0.29
0.291
0.291
0.291
0.291
0.291
0.292
0.292
0.292
0.292
0.292
0.293
0.293
0.293
0.294
0.295
0.295
0.295
0.295
0.296
0.296
0.297
0.297
0.297
0.297
0.297
0.297
0.298
0.298
0.298
0.298
0.298
0.298
0.298
0.299
0.299
0.299
0.299
0.3
0.3
0.3
0.3
0.301
0.301
0.302
0.302
0.302
0.303
0.303
0.303
0.304
0.304
0.304
0.306
0.306
0.306
0.306
0.306
0.307
0.309
0.309
0.31
0.31
0.31
0.31
0.31
0.31
0.311
0.312
0.312
0.313
0.313
0.313
0.313
0.314
0.314
0.314
0.314
0.315
0.316
0.316
0.317
0.317
0.317
0.317
0.317
0.318
0.318
0.318
0.318
0.319
0.319
0.32
0.32
0.32
0.322
0.322
0.323
0.323
0.323
0.323
0.324
0.324
0.325
0.325
0.325
0.325
0.325
0.327
0.327
0.327
0.328
0.329
0.33
0.331
0.331
0.332
0.333
0.333
0.333
0.335
0.335
0.335
0.336
0.337
0.337
0.338
0.338
0.339
0.339
0.339
0.34
0.34
0.341
0.341
0.343
0.343
0.344
0.345
0.345
0.345
0.346
0.346
0.346
0.346
0.347
0.347
0.347
0.347
0.347
0.349
0.351
0.351
0.352
0.352
0.353
0.353
0.354
0.354
0.355
0.356
0.356
0.357
0.358
0.359
0.359
0.359
0.36
0.36
0.36
0.36
0.361
0.361
0.362
0.363
0.363
0.363
0.364
0.365
0.366
0.366
0.366
0.367
0.367
0.367
0.368
0.369
0.369
0.37
0.37
0.371
0.371
0.372
0.372
0.373
0.373
0.374
0.374
0.375
0.375
0.375
0.376
0.376
0.377
0.378
0.379
0.38
0.38
0.381
0.381
0.382
0.383
0.383
0.384
0.386
0.386
0.387
0.387
0.387
0.387
0.388
0.388
0.388
0.389
0.389
0.39
0.39
0.391
0.391
0.391
0.392
0.394
0.394
0.396
0.399
0.399
0.401
0.401
0.401
0.402
0.402
0.403
0.405
0.406
0.407
0.408
0.408
0.409
0.41
0.411
0.411
0.412
0.413
0.413
0.413
0.414
0.414
0.415
0.418
0.42
0.421
0.421
0.422
0.423
0.423
0.425
0.427
0.427
0.427
0.433
0.433
0.434
0.434
0.436
0.437
0.437
0.438
0.438
0.438
0.439
0.44
0.441
0.441
0.443
0.446
0.447
0.447
0.448
0.449
0.452
0.453
0.455
0.46
0.46
0.461
0.461
0.468
0.471
0.471
0.471
0.474
0.476
0.479
0.48
0.483
0.484
0.485
0.485
0.486
0.486
0.496
0.502
0.503
0.504
0.505
0.506
0.507
0.508
0.515
0.52
0.521
0.522
0.523
0.525
0.526
0.527
0.529
0.531
0.533
0.538
0.544
0.55
0.551
0.561
0.572
0.588
0.599
0.614
0.615
0.618
0.628
0.649
0.651
0.661
0.661
0.668
0.675
0.676
0.679
0.708
0.712
0.748
0.779
0.783
0.807
0.813
0.862
0.211
0.211
0.211
0.211
0.211
0.211
0.211
0.211
0.211
0.211
0.211
0.211
0.211
0.212
0.212
0.212
0.212
0.212
0.212
0.212
0.212
0.212
0.212
0.212
0.212
0.212
0.212
0.212
0.212
0.212
0.213
0.213
0.213
0.213
0.213
0.213
0.213
0.213
0.213
0.213
0.213
0.213
0.213
0.213
0.213
0.214
0.214
0.214
0.214
0.214
0.214
0.214
0.214
0.214
0.214
0.214
0.214
0.214
0.214
0.214
0.214
0.214
0.215
0.215
0.215
0.215
0.215
0.215
0.215
0.215
0.215
0.215
0.215
0.215
0.215
0.215
0.215
0.215
0.216
0.216
0.216
0.216
0.216
0.216
0.216
0.216
0.217
0.217
0.217
0.217
0.217
0.217
0.217
0.217
0.218
0.218
0.218
0.218
0.218
0.218
0.218
0.218
0.218
0.218
0.218
0.219
0.219
0.219
0.219
0.219
0.219
0.219
0.219
0.219
0.219
0.22
0.22
0.22
0.22
0.22
0.22
0.22
0.22
0.22
0.22
0.22
0.22
0.22
0.22
0.221
0.221
0.221
0.221
0.221
0.221
0.221
0.221
0.221
0.221
0.221
0.221
0.221
0.222
0.222
0.222
0.222
0.222
0.222
0.222
0.222
0.222
0.222
0.222
0.222
0.222
0.222
0.222
0.222
0.222
0.222
0.223
0.223
0.223
0.223
0.223
0.223
0.223
0.223
0.223
0.223
0.224
0.224
0.224
0.224
0.224
0.224
0.224
0.225
0.225
0.225
0.225
0.225
0.225
0.225
0.225
0.225
0.225
0.225
0.225
0.225
0.226
0.226
0.226
0.226
0.226
0.226
0.226
0.226
0.226
0.226
0.226
0.226
0.227
0.227
0.227
0.227
0.227
0.227
0.227
0.228
0.228
0.228
0.228
0.228
0.228
0.228
0.228
0.229
0.229
0.229
0.229
0.229
0.229
0.229
0.229
0.229
0.229
0.229
0.229
0.229
0.23
0.23
0.23
0.23
0.23
0.23
0.23
0.23
0.23
0.23
0.23
0.23
0.23
0.231
0.231
0.231
0.231
0.231
0.231
0.231
0.231
0.231
0.231
0.232
0.232
0.232
0.232
0.232
0.232
0.232
0.232
0.232
0.232
0.232
0.233
0.233
0.233
0.233
0.233
0.233
0.233
0.233
0.234
0.234
0.234
0.234
0.234
0.234
0.234
0.234
0.234
0.234
0.234
0.235
0.235
0.235
0.235
0.235
0.235
0.235
0.235
0.235
0.235
0.235
0.235
0.235
0.236
0.236
0.236
0.236
0.236
0.236
0.236
0.237
0.237
0.237
0.237
0.237
0.237
0.238
0.238
0.238
0.238
0.238
0.238
0.238
0.238
0.238
0.238
0.239
0.239
0.239
0.239
0.239
0.24
0.24
0.24
0.24
0.24
0.24
0.24
0.241
0.241
0.241
0.241
0.241
0.241
0.241
0.241
0.241
0.241
0.242
0.242
0.242
0.242
0.242
0.242
0.242
0.242
0.242
0.243
0.243
0.243
0.243
0.243
0.243
0.243
0.244
0.244
0.244
0.244
0.244
0.244
0.244
0.244
0.245
0.245
0.245
0.245
0.245
0.245
0.245
0.245
0.245
0.245
0.245
0.245
0.246
0.246
0.246
0.246
0.246
0.247
0.247
0.247
0.247
0.247
0.248
0.248
0.248
0.248
0.248
0.249
0.249
0.249
0.249
0.249
0.249
0.25
0.25
0.25
0.25
0.25
0.25
0.251
0.251
0.251
0.251
0.251
0.251
0.251
0.251
0.251
0.252
0.252
0.252
0.252
0.252
0.253
0.253
0.253
0.253
0.253
0.253
0.253
0.254
0.254
0.254
0.254
0.254
0.254
0.255
0.255
0.255
0.255
0.255
0.255
0.255
0.255
0.255
0.255
0.255
0.255
0.256
0.256
0.256
0.256
0.256
0.256
0.256
0.256
0.257
0.257
0.257
0.258
0.258
0.258
0.258
0.258
0.258
0.258
0.258
0.259
0.259
0.259
0.259
0.259
0.259
0.26
0.26
0.26
0.26
0.261
0.261
0.261
0.261
0.261
0.262
0.262
0.262
0.262
0.263
0.263
0.263
0.263
0.263
0.263
0.263
0.263
0.263
0.264
0.264
0.264
0.264
0.264
0.264
0.264
0.264
0.264
0.265
0.265
0.265
0.265
0.265
0.265
0.265
0.265
0.265
0.265
0.265
0.266
0.266
0.266
0.266
0.266
0.266
0.266
0.266
0.267
0.267
0.267
0.267
0.267
0.267
0.267
0.267
0.267
0.268
0.268
0.269
0.269
0.269
0.269
0.27
0.27
0.27
0.271
0.271
0.271
0.271
0.271
0.271
0.271
0.272
0.272
0.272
0.273
0.273
0.273
0.273
0.273
0.274
0.274
0.274
0.274
0.274
0.274
0.274
0.275
0.275
0.276
0.276
0.276
0.276
0.276
0.276
0.276
0.276
0.276
0.277
0.277
0.277
0.277
0.277
0.278
0.278
0.278
0.278
0.279
0.279
0.279
0.279
0.28
0.28
0.281
0.281
0.281
0.281
0.281
0.282
0.282
0.282
0.282
0.283
0.283
0.283
0.283
0.283
0.283
0.283
0.283
0.284
0.284
0.284
0.284
0.284
0.284
0.285
0.285
0.285
0.285
0.285
0.285
0.286
0.286
0.286
0.286
0.286
0.286
0.287
0.287
0.287
0.287
0.287
0.288
0.288
0.288
0.288
0.288
0.289
0.289
0.289
0.289
0.289
0.29
0.29
0.29
0.29
0.29
0.291
0.291
0.291
0.291
0.291
0.292
0.292
0.292
0.292
0.292
0.292
0.292
0.293
0.293
0.294
0.294
0.294
0.294
0.294
0.294
0.294
0.295
0.295
0.295
0.295
0.296
0.297
0.297
0.297
0.298
0.298
0.299
0.299
0.299
0.3
0.3
0.301
0.301
0.302
0.302
0.302
0.302
0.302
0.303
0.303
0.304
0.304
0.304
0.305
0.305
0.306
0.306
0.306
0.306
0.306
0.306
0.306
0.307
0.307
0.307
0.308
0.308
0.309
0.309
0.309
0.309
0.309
0.309
0.309
0.31
0.31
0.31
0.31
0.311
0.312
0.313
0.313
0.313
0.313
0.313
0.313
0.314
0.315
0.315
0.315
0.315
0.315
0.315
0.316
0.316
0.316
0.317
0.317
0.318
0.318
0.318
0.318
0.318
0.319
0.32
0.321
0.322
0.322
0.322
0.323
0.323
0.324
0.324
0.325
0.325
0.325
0.326
0.326
0.327
0.329
0.329
0.329
0.329
0.33
0.33
0.33
0.331
0.331
0.332
0.332
0.333
0.333
0.333
0.333
0.333
0.334
0.335
0.335
0.336
0.336
0.336
0.337
0.338
0.339
0.339
0.339
0.34
0.34
0.34
0.34
0.34
0.341
0.341
0.342
0.342
0.343
0.343
0.343
0.343
0.345
0.345
0.346
0.346
0.346
0.347
0.347
0.347
0.348
0.348
0.349
0.349
0.349
0.35
0.35
0.35
0.352
0.352
0.353
0.353
0.354
0.354
0.356
0.356
0.356
0.357
0.357
0.357
0.359
0.359
0.36
0.36
0.361
0.361
0.363
0.363
0.364
0.366
0.366
0.366
0.366
0.367
0.367
0.367
0.368
0.369
0.369
0.37
0.37
0.37
0.371
0.372
0.372
0.373
0.375
0.375
0.377
0.378
0.379
0.379
0.379
0.38
0.38
0.381
0.382
0.383
0.383
0.383
0.384
0.385
0.386
0.386
0.387
0.387
0.392
0.392
0.393
0.393
0.393
0.394
0.395
0.397
0.397
0.397
0.399
0.399
0.405
0.405
0.406
0.406
0.407
0.408
0.41
0.41
0.415
0.415
0.416
0.419
0.422
0.422
0.423
0.423
0.424
0.424
0.426
0.428
0.429
0.429
0.432
0.433
0.433
0.434
0.436
0.437
0.438
0.438
0.443
0.445
0.445
0.445
0.446
0.447
0.448
0.449
0.449
0.45
0.451
0.455
0.457
0.457
0.458
0.459
0.461
0.466
0.466
0.467
0.467
0.468
0.468
0.468
0.469
0.472
0.477
0.482
0.486
0.488
0.49
0.493
0.497
0.499
0.501
0.501
0.501
0.504
0.506
0.506
0.507
0.51
0.511
0.514
0.516
0.517
0.517
0.52
0.521
0.528
0.53
0.53
0.532
0.535
0.536
0.537
0.541
0.543
0.548
0.549
0.558
0.561
0.565
0.57
0.57
0.573
0.574
0.576
0.584
0.584
0.586
0.595
0.599
0.615
0.618
0.622
0.632
0.641
0.669
0.67
0.675
0.68
0.683
0.689
0.696
0.718
0.73
0.769
0.804
0.819
0.861
