0.13
0.13
0.13
0.13
0.131
0.131
0.131
0.131
0.131
0.131
0.131
0.131
0.131
0.131
0.131
0.131
0.131
0.131
0.131
0.131
0.131
0.131
0.131
0.131
0.131
0.131
0.131
0.131
0.132
0.132
0.132
0.132
0.132
0.132
0.132
0.132
0.132
0.132
0.132
0.132
0.132
0.132
0.132
0.132
0.132
0.132
0.132
0.132
0.132
0.132
0.132
0.132
0.132
0.133
0.133
0.133
0.133
0.133
0.133
0.133
0.133
0.133
0.133
0.133
0.133
0.133
0.133
0.133
0.133
0.133
0.133
0.133
0.133
0.133
0.133
0.133
0.133
0.133
0.133
0.133
0.134
0.134
0.134
0.134
0.134
0.134
0.134
0.134
0.134
0.134
0.134
0.134
0.134
0.134
0.134
0.134
0.134
0.134
0.134
0.134
0.134
0.134
0.134
0.134
0.134
0.135
0.135
0.135
0.135
0.135
0.135
0.135
0.135
0.135
0.135
0.135
0.135
0.135
0.135
0.135
0.135
0.135
0.135
0.135
0.135
0.135
0.135
0.136
0.136
0.136
0.136
0.136
0.136
0.136
0.136
0.136
0.136
0.136
0.136
0.136
0.136
0.136
0.136
0.136
0.136
0.136
0.137
0.137
0.137
0.137
0.137
0.137
0.137
0.137
0.137
0.137
0.137
0.137
0.137
0.137
0.137
0.137
0.137
0.137
0.137
0.138
0.138
0.138
0.138
0.138
0.138
0.138
0.138
0.138
0.138
0.138
0.138
0.138
0.138
0.138
0.138
0.138
0.138
0.138
0.139
0.139
0.139
0.139
0.139
0.139
0.139
0.139
0.139
0.139
0.139
0.139
0.139
0.139
0.139
0.139
0.139
0.139
0.139
0.139
0.139
0.139
0.139
0.139
0.14
0.14
0.14
0.14
0.14
0.14
0.14
0.14
0.14
0.14
0.14
0.14
0.14
0.14
0.14
0.14
0.14
0.14
0.14
0.14
0.14
0.141
0.141
0.141
0.141
0.141
0.141
0.141
0.141
0.141
0.141
0.141
0.141
0.141
0.141
0.141
0.141
0.141
0.142
0.142
0.142
0.142
0.142
0.142
0.142
0.142
0.142
0.142
0.142
0.142
0.142
0.142
0.142
0.142
0.142
0.142
0.142
0.142
0.142
0.142
0.142
0.142
0.142
0.142
0.142
0.142
0.142
0.143
0.143
0.143
0.143
0.143
0.143
0.143
0.143
0.143
0.143
0.143
0.143
0.143
0.143
0.143
0.143
0.144
0.144
0.144
0.144
0.144
0.144
0.144
0.144
0.144
0.144
0.144
0.144
0.144
0.144
0.144
0.145
0.145
0.145
0.145
0.145
0.145
0.145
0.145
0.145
0.145
0.145
0.145
0.145
0.145
0.145
0.145
0.145
0.145
0.145
0.146
0.146
0.146
0.146
0.146
0.146
0.146
0.147
0.147
0.147
0.147
0.147
0.147
0.147
0.147
0.147
0.147
0.147
0.147
0.147
0.147
0.147
0.147
0.147
0.147
0.147
0.147
0.148
0.148
0.148
0.148
0.148
0.148
0.148
0.148
0.148
0.148
0.148
0.148
0.148
0.148
0.148
0.148
0.148
0.148
0.149
0.149
0.149
0.149
0.149
0.149
0.149
0.149
0.149
0.149
0.149
0.149
0.149
0.15
0.15
0.15
0.15
0.15
0.15
0.15
0.15
0.15
0.15
0.15
0.15
0.15
0.15
0.15
0.15
0.15
0.151
0.151
0.151
0.151
0.151
0.151
0.151
0.151
0.151
0.151
0.151
0.151
0.151
0.151
0.151
0.152
0.152
0.152
0.152
0.152
0.152
0.153
0.153
0.153
0.153
0.153
0.153
0.153
0.153
0.153
0.153
0.153
0.154
0.154
0.154
0.154
0.154
0.154
0.154
0.154
0.154
0.154
0.154
0.155
0.155
0.155
0.155
0.155
0.155
0.155
0.155
0.155
0.155
0.155
0.155
0.155
0.155
0.155
0.155
0.155
0.155
0.155
0.156
0.156
0.156
0.156
0.156
0.156
0.156
0.156
0.156
0.156
0.157
0.157
0.157
0.157
0.157
0.157
0.157
0.157
0.157
0.157
0.157
0.158
0.158
0.158
0.158
0.158
0.158
0.158
0.159
0.159
0.159
0.159
0.159
0.159
0.159
0.159
0.159
0.159
0.159
0.159
0.159
0.16
0.16
0.16
0.16
0.16
0.16
0.16
0.16
0.16
0.16
0.161
0.161
0.161
0.161
0.162
0.162
0.162
0.162
0.162
0.162
0.162
0.163
0.163
0.163
0.163
0.163
0.163
0.163
0.164
0.164
0.164
0.164
0.164
0.164
0.164
0.164
0.165
0.165
0.165
0.166
0.166
0.166
0.166
0.166
0.166
0.166
0.166
0.166
0.166
0.166
0.166
0.166
0.166
0.166
0.167
0.167
0.167
0.167
0.167
0.168
0.168
0.168
0.168
0.168
0.168
0.169
0.169
0.169
0.169
0.169
0.17
0.17
0.17
0.17
0.17
0.17
0.171
0.171
0.171
0.171
0.172
0.172
0.172
0.172
0.172
0.172
0.172
0.173
0.173
0.173
0.173
0.173
0.173
0.173
0.174
0.175
0.175
0.175
0.175
0.175
0.175
0.175
0.175
0.176
0.176
0.176
0.176
0.176
0.176
0.177
0.177
0.177
0.177
0.177
0.178
0.178
0.178
0.178
0.178
0.178
0.178
0.179
0.179
0.18
0.18
0.18
0.181
0.181
0.181
0.182
0.182
0.182
0.182
0.182
0.182
0.182
0.183
0.183
0.183
0.183
0.183
0.183
0.184
0.184
0.185
0.185
0.185
0.185
0.186
0.186
0.186
0.186
0.187
0.187
0.187
0.187
0.187
0.187
0.187
0.188
0.188
0.188
0.189
0.189
0.189
0.189
0.19
0.19
0.19
0.191
0.191
0.192
0.192
0.192
0.193
0.193
0.193
0.193
0.193
0.193
0.194
0.194
0.195
0.195
0.195
0.196
0.196
0.196
0.196
0.197
0.197
0.197
0.198
0.198
0.198
0.198
0.199
0.199
0.199
0.199
0.2
0.2
0.2
0.2
0.2
0.2
0.201
0.201
0.201
0.202
0.202
0.202
0.202
0.203
0.203
0.203
0.203
0.204
0.204
0.205
0.205
0.206
0.206
0.206
0.207
0.207
0.208
0.208
0.209
0.209
0.209
0.21
0.21
0.21
0.21
0.21
0.211
0.211
0.211
0.211
0.211
0.211
0.212
0.212
0.213
0.213
0.213
0.213
0.214
0.214
0.214
0.214
0.215
0.215
0.215
0.215
0.216
0.216
0.216
0.217
0.217
0.217
0.218
0.218
0.218
0.218
0.219
0.219
0.22
0.221
0.221
0.221
0.222
0.222
0.223
0.223
0.223
0.223
0.224
0.225
0.225
0.225
0.226
0.226
0.227
0.227
0.228
0.228
0.229
0.229
0.23
0.231
0.231
0.232
0.232
0.233
0.234
0.234
0.235
0.235
0.235
0.235
0.235
0.236
0.236
0.237
0.237
0.238
0.24
0.24
0.24
0.241
0.241
0.242
0.242
0.242
0.243
0.244
0.245
0.245
0.245
0.246
0.246
0.246
0.247
0.248
0.248
0.248
0.249
0.249
0.25
0.25
0.25
0.251
0.251
0.251
0.251
0.251
0.252
0.252
0.253
0.254
0.254
0.256
0.256
0.256
0.257
0.259
0.26
0.26
0.26
0.262
0.262
0.263
0.263
0.263
0.265
0.266
0.266
0.268
0.27
0.27
0.271
0.272
0.272
0.273
0.273
0.273
0.275
0.275
0.278
0.279
0.279
0.281
0.282
0.284
0.284
0.284
0.284
0.284
0.285
0.286
0.286
0.287
0.287
0.289
0.289
0.29
0.29
0.29
0.291
0.291
0.292
0.293
0.293
0.294
0.295
0.297
0.299
0.299
0.302
0.302
0.304
0.305
0.306
0.306
0.307
0.308
0.311
0.311
0.312
0.312
0.314
0.314
0.32
0.321
0.321
0.322
0.323
0.329
0.329
0.331
0.332
0.332
0.333
0.334
0.336
0.337
0.337
0.337
0.337
0.338
0.339
0.339
0.34
0.343
0.343
0.346
0.347
0.35
0.356
0.356
0.356
0.358
0.362
0.367
0.368
0.372
0.374
0.383
0.386
0.386
0.387
0.391
0.392
0.396
0.399
0.399
0.409
0.417
0.425
0.428
0.429
0.429
0.431
0.435
0.44
0.457
0.459
0.461
0.464
0.474
0.484
0.487
0.501
0.505
0.51
0.521
0.532
0.534
0.537
0.542
0.549
0.554
0.557
0.565
0.566
0.578
0.585
0.589
0.599
0.637
0.651
0.677
0.693
0.698
0.721
0.13
0.13
0.13
0.13
0.13
0.13
0.131
0.131
0.131
0.131
0.131
0.131
0.131
0.131
0.131
0.131
0.131
0.131
0.131
0.131
0.131
0.131
0.131
0.131
0.131
0.131
0.131
0.131
0.131
0.131
0.132
0.132
0.132
0.132
0.132
0.132
0.132
0.132
0.132
0.132
0.132
0.132
0.132
0.132
0.132
0.132
0.132
0.132
0.132
0.132
0.132
0.132
0.132
0.132
0.133
0.133
0.133
0.133
0.133
0.133
0.133
0.133
0.133
0.133
0.133
0.133
0.133
0.133
0.133
0.133
0.133
0.133
0.133
0.133
0.133
0.133
0.133
0.133
0.133
0.133
0.133
0.133
0.133
0.133
0.134
0.134
0.134
0.134
0.134
0.134
0.134
0.134
0.134
0.134
0.134
0.134
0.134
0.134
0.134
0.134
0.134
0.134
0.134
0.134
0.134
0.134
0.134
0.134
0.135
0.135
0.135
0.135
0.135
0.135
0.135
0.135
0.135
0.135
0.135
0.135
0.135
0.135
0.135
0.135
0.135
0.135
0.135
0.135
0.135
0.135
0.135
0.136
0.136
0.136
0.136
0.136
0.136
0.136
0.136
0.136
0.136
0.136
0.136
0.136
0.136
0.136
0.136
0.136
0.136
0.136
0.136
0.136
0.136
0.136
0.136
0.136
0.136
0.137
0.137
0.137
0.137
0.137
0.137
0.137
0.137
0.137
0.137
0.137
0.137
0.137
0.137
0.137
0.137
0.137
0.137
0.137
0.137
0.137
0.137
0.137
0.137
0.138
0.138
0.138
0.138
0.138
0.138
0.138
0.138
0.138
0.138
0.138
0.138
0.138
0.138
0.138
0.138
0.138
0.138
0.138
0.138
0.138
0.138
0.139
0.139
0.139
0.139
0.139
0.139
0.139
0.139
0.139
0.139
0.139
0.139
0.139
0.139
0.139
0.139
0.139
0.139
0.139
0.139
0.139
0.139
0.139
0.139
0.14
0.14
0.14
0.14
0.14
0.14
0.14
0.14
0.14
0.14
0.14
0.14
0.14
0.14
0.14
0.14
0.14
0.14
0.141
0.141
0.141
0.141
0.141
0.141
0.141
0.141
0.141
0.141
0.141
0.141
0.141
0.141
0.141
0.141
0.141
0.141
0.142
0.142
0.142
0.142
0.142
0.142
0.142
0.142
0.142
0.142
0.142
0.142
0.142
0.142
0.142
0.143
0.143
0.143
0.143
0.143
0.143
0.143
0.143
0.143
0.143
0.143
0.143
0.143
0.143
0.143
0.143
0.143
0.143
0.143
0.143
0.144
0.144
0.144
0.144
0.144
0.144
0.144
0.144
0.144
0.144
0.144
0.144
0.144
0.144
0.144
0.144
0.144
0.144
0.144
0.145
0.145
0.145
0.145
0.145
0.145
0.145
0.145
0.145
0.145
0.145
0.145
0.145
0.145
0.146
0.146
0.146
0.146
0.146
0.146
0.146
0.146
0.146
0.146
0.146
0.146
0.146
0.146
0.146
0.146
0.146
0.146
0.146
0.146
0.147
0.147
0.147
0.147
0.147
0.147
0.147
0.147
0.147
0.147
0.147
0.148
0.148
0.148
0.148
0.148
0.148
0.148
0.148
0.148
0.148
0.148
0.148
0.148
0.148
0.148
0.149
0.149
0.149
0.149
0.149
0.149
0.149
0.149
0.149
0.149
0.149
0.149
0.149
0.149
0.149
0.149
0.149
0.149
0.149
0.149
0.15
0.15
0.15
0.15
0.15
0.15
0.15
0.15
0.15
0.15
0.15
0.15
0.15
0.151
0.151
0.151
0.151
0.151
0.151
0.151
0.151
0.151
0.151
0.152
0.152
0.152
0.152
0.152
0.152
0.152
0.152
0.152
0.152
0.152
0.152
0.152
0.152
0.152
0.152
0.152
0.153
0.153
0.153
0.153
0.153
0.153
0.154
0.154
0.154
0.154
0.154
0.154
0.154
0.154
0.154
0.154
0.155
0.155
0.155
0.155
0.155
0.155
0.155
0.155
0.155
0.155
0.155
0.155
0.155
0.155
0.155
0.155
0.155
0.155
0.156
0.156
0.156
0.156
0.156
0.156
0.156
0.156
0.157
0.157
0.157
0.157
0.157
0.157
0.158
0.158
0.158
0.158
0.158
0.158
0.158
0.158
0.159
0.159
0.159
0.159
0.159
0.159
0.159
0.159
0.16
0.16
0.16
0.16
0.16
0.161
0.161
0.161
0.161
0.161
0.161
0.161
0.161
0.161
0.162
0.162
0.162
0.162
0.162
0.162
0.162
0.162
0.162
0.162
0.162
0.163
0.163
0.163
0.163
0.163
0.163
0.163
0.163
0.163
0.164
0.164
0.164
0.164
0.164
0.164
0.165
0.165
0.165
0.165
0.165
0.165
0.166
0.166
0.166
0.166
0.166
0.166
0.167
0.167
0.167
0.167
0.167
0.168
0.168
0.168
0.168
0.168
0.168
0.168
0.168
0.168
0.168
0.169
0.169
0.169
0.169
0.169
0.169
0.169
0.17
0.17
0.17
0.17
0.17
0.17
0.17
0.17
0.171
0.171
0.171
0.171
0.171
0.171
0.171
0.171
0.171
0.172
0.172
0.172
0.172
0.172
0.172
0.172
0.172
0.172
0.172
0.173
0.173
0.173
0.173
0.174
0.174
0.174
0.174
0.174
0.175
0.175
0.175
0.175
0.175
0.175
0.175
0.175
0.175
0.175
0.175
0.176
0.176
0.176
0.176
0.176
0.177
0.177
0.177
0.177
0.177
0.177
0.177
0.177
0.177
0.178
0.178
0.178
0.178
0.178
0.179
0.179
0.179
0.179
0.179
0.179
0.18
0.18
0.181
0.181
0.181
0.181
0.181
0.181
0.181
0.181
0.181
0.181
0.182
0.182
0.182
0.182
0.182
0.182
0.182
0.182
0.182
0.183
0.183
0.183
0.183
0.184
0.184
0.185
0.185
0.185
0.185
0.185
0.185
0.186
0.186
0.186
0.186
0.186
0.187
0.187
0.187
0.187
0.187
0.187
0.187
0.188
0.188
0.188
0.189
0.19
0.19
0.19
0.191
0.191
0.191
0.191
0.191
0.192
0.192
0.192
0.192
0.192
0.192
0.192
0.192
0.193
0.193
0.193
0.194
0.195
0.195
0.196
0.197
0.197
0.197
0.197
0.197
0.197
0.197
0.197
0.198
0.198
0.198
0.199
0.2
0.2
0.2
0.201
0.201
0.201
0.201
0.202
0.203
0.203
0.203
0.204
0.204
0.204
0.204
0.204
0.204
0.204
0.205
0.206
0.206
0.207
0.207
0.208
0.208
0.208
0.208
0.208
0.209
0.209
0.209
0.209
0.21
0.21
0.21
0.211
0.211
0.211
0.211
0.211
0.212
0.212
0.213
0.213
0.214
0.214
0.216
0.216
0.217
0.217
0.217
0.218
0.218
0.218
0.219
0.219
0.219
0.219
0.22
0.22
0.22
0.22
0.22
0.22
0.221
0.221
0.222
0.222
0.223
0.224
0.224
0.224
0.225
0.225
0.226
0.227
0.227
0.227
0.228
0.228
0.229
0.23
0.23
0.23
0.231
0.231
0.232
0.233
0.234
0.234
0.236
0.236
0.237
0.237
0.238
0.238
0.239
0.239
0.241
0.241
0.241
0.242
0.245
0.245
0.245
0.246
0.247
0.247
0.247
0.248
0.248
0.25
0.25
0.251
0.252
0.254
0.254
0.255
0.257
0.257
0.257
0.257
0.258
0.258
0.259
0.259
0.259
0.26
0.26
0.26
0.263
0.264
0.265
0.265
0.266
0.266
0.266
0.266
0.267
0.267
0.267
0.267
0.269
0.271
0.271
0.272
0.272
0.272
0.274
0.274
0.275
0.275
0.276
0.276
0.277
0.278
0.278
0.279
0.279
0.28
0.28
0.281
0.282
0.283
0.283
0.285
0.285
0.285
0.285
0.286
0.288
0.288
0.289
0.291
0.291
0.292
0.292
0.294
0.295
0.296
0.297
0.298
0.298
0.298
0.299
0.305
0.305
0.306
0.308
0.308
0.309
0.31
0.311
0.311
0.312
0.313
0.316
0.317
0.317
0.319
0.319
0.32
0.321
0.323
0.324
0.33
0.331
0.332
0.332
0.332
0.332
0.335
0.338
0.339
0.345
0.345
0.349
0.35
0.356
0.36
0.363
0.364
0.365
0.366
0.367
0.368
0.371
0.375
0.376
0.377
0.377
0.377
0.378
0.378
0.378
0.38
0.385
0.389
0.392
0.393
0.401
0.416
0.422
0.426
0.43
0.437
0.441
0.443
0.447
0.455
0.459
0.471
0.477
0.48
0.484
0.488
0.494
0.501
0.517
0.525
0.525
0.537
0.562
0.563
0.566
0.58
0.63
0.678
0.777
0.13
0.13
0.13
0.13
0.13
0.13
0.131
0.131
0.131
0.131
0.131
0.131
0.131
0.131
0.131
0.131
0.131
0.131
0.131
0.131
0.131
0.131
0.131
0.131
0.131
0.131
0.131
0.131
0.131
0.131
0.132
0.132
0.132
0.132
0.132
0.132
0.132
0.132
0.132
0.132
0.132
0.132
0.132
0.132
0.132
0.132
0.132
0.132
0.132
0.132
0.132
0.132
0.132
0.132
0.132
0.132
0.133
0.133
0.133
0.133
0.133
0.133
0.133
0.133
0.133
0.133
0.133
0.133
0.133
0.133
0.133
0.133
0.133
0.133
0.133
0.133
0.133
0.133
0.133
0.134
0.134
0.134
0.134
0.134
0.134
0.134
0.134
0.134
0.134
0.134
0.134
0.134
0.134
0.134
0.134
0.134
0.134
0.134
0.134
0.134
0.134
0.134
0.134
0.134
0.134
0.135
0.135
0.135
0.135
0.135
0.135
0.135
0.135
0.135
0.135
0.135
0.135
0.135
0.135
0.135
0.135
0.135
0.135
0.135
0.135
0.135
0.135
0.135
0.135
0.135
0.136
0.136
0.136
0.136
0.136
0.136
0.136
0.136
0.136
0.136
0.136
0.136
0.136
0.137
0.137
0.137
0.137
0.137
0.137
0.137
0.137
0.137
0.137
0.137
0.137
0.137
0.137
0.137
0.137
0.137
0.137
0.137
0.137
0.137
0.137
0.137
0.138
0.138
0.138
0.138
0.138
0.138
0.138
0.138
0.138
0.138
0.138
0.138
0.138
0.138
0.138
0.138
0.138
0.138
0.138
0.138
0.138
0.138
0.138
0.138
0.138
0.138
0.138
0.138
0.138
0.138
0.138
0.138
0.138
0.139
0.139
0.139
0.139
0.139
0.139
0.139
0.139
0.139
0.139
0.139
0.139
0.139
0.139
0.139
0.139
0.139
0.139
0.139
0.139
0.139
0.14
0.14
0.14
0.14
0.14
0.14
0.14
0.14
0.14
0.14
0.14
0.14
0.14
0.14
0.141
0.141
0.141
0.141
0.141
0.141
0.141
0.141
0.141
0.141
0.141
0.141
0.142
0.142
0.142
0.142
0.142
0.142
0.142
0.142
0.142
0.142
0.142
0.142
0.142
0.142
0.142
0.143
0.143
0.143
0.143
0.143
0.143
0.143
0.143
0.143
0.143
0.143
0.143
0.143
0.143
0.143
0.143
0.144
0.144
0.144
0.144
0.144
0.144
0.144
0.144
0.144
0.144
0.144
0.144
0.144
0.144
0.144
0.144
0.144
0.144
0.144
0.144
0.144
0.145
0.145
0.145
0.145
0.145
0.145
0.145
0.145
0.145
0.145
0.145
0.145
0.145
0.145
0.146
0.146
0.146
0.146
0.146
0.146
0.146
0.146
0.146
0.146
0.146
0.146
0.146
0.146
0.146
0.146
0.146
0.146
0.146
0.146
0.146
0.146
0.147
0.147
0.147
0.147
0.147
0.147
0.147
0.147
0.147
0.147
0.147
0.147
0.147
0.147
0.147
0.147
0.147
0.147
0.147
0.147
0.148
0.148
0.148
0.148
0.148
0.148
0.148
0.148
0.148
0.148
0.148
0.148
0.149
0.149
0.149
0.149
0.149
0.149
0.149
0.149
0.149
0.149
0.149
0.149
0.149
0.149
0.149
0.15
0.15
0.15
0.15
0.15
0.15
0.15
0.15
0.15
0.15
0.15
0.15
0.15
0.15
0.15
0.151
0.151
0.151
0.151
0.151
0.151
0.151
0.151
0.151
0.151
0.151
0.151
0.151
0.151
0.151
0.152
0.152
0.152
0.152
0.152
0.152
0.152
0.152
0.153
0.153
0.153
0.153
0.153
0.153
0.153
0.153
0.153
0.153
0.153
0.153
0.153
0.153
0.153
0.153
0.153
0.153
0.153
0.154
0.154
0.154
0.154
0.154
0.154
0.154
0.154
0.154
0.154
0.154
0.154
0.155
0.155
0.155
0.155
0.155
0.155
0.155
0.155
0.155
0.155
0.155
0.155
0.155
0.156
0.156
0.156
0.156
0.156
0.156
0.156
0.156
0.156
0.156
0.156
0.156
0.156
0.156
0.157
0.157
0.157
0.157
0.157
0.157
0.157
0.158
0.158
0.158
0.158
0.158
0.158
0.158
0.158
0.158
0.158
0.158
0.158
0.158
0.158
0.159
0.159
0.159
0.159
0.159
0.159
0.16
0.16
0.16
0.16
0.161
0.161
0.161
0.161
0.162
0.162
0.162
0.162
0.162
0.162
0.162
0.162
0.162
0.163
0.163
0.163
0.163
0.163
0.164
0.164
0.164
0.164
0.164
0.164
0.164
0.164
0.164
0.164
0.164
0.164
0.165
0.165
0.165
0.165
0.165
0.165
0.165
0.165
0.165
0.166
0.166
0.166
0.166
0.166
0.166
0.166
0.166
0.167
0.167
0.167
0.167
0.167
0.167
0.168
0.168
0.168
0.168
0.169
0.169
0.169
0.169
0.169
0.169
0.169
0.17
0.17
0.17
0.17
0.17
0.17
0.171
0.171
0.171
0.171
0.171
0.171
0.171
0.171
0.172
0.172
0.172
0.172
0.172
0.172
0.172
0.172
0.172
0.172
0.173
0.173
0.173
0.173
0.174
0.174
0.174
0.174
0.174
0.174
0.174
0.174
0.174
0.175
0.175
0.175
0.175
0.175
0.175
0.176
0.176
0.176
0.177
0.177
0.177
0.177
0.178
0.178
0.178
0.178
0.178
0.179
0.179
0.179
0.179
0.18
0.18
0.18
0.18
0.181
0.181
0.181
0.182
0.182
0.182
0.182
0.182
0.182
0.182
0.182
0.183
0.183
0.183
0.183
0.183
0.183
0.183
0.184
0.184
0.184
0.184
0.184
0.185
0.185
0.185
0.185
0.185
0.185
0.185
0.186
0.186
0.186
0.186
0.186
0.187
0.187
0.187
0.187
0.187
0.187
0.188
0.188
0.188
0.188
0.188
0.188
0.189
0.189
0.189
0.189
0.189
0.189
0.19
0.19
0.19
0.19
0.19
0.191
0.191
0.191
0.191
0.192
0.192
0.193
0.193
0.194
0.194
0.194
0.194
0.195
0.195
0.195
0.196
0.196
0.196
0.196
0.196
0.197
0.197
0.197
0.197
0.198
0.198
0.199
0.199
0.199
0.2
0.2
0.2
0.202
0.202
0.202
0.203
0.203
0.204
0.204
0.204
0.204
0.204
0.205
0.205
0.205
0.205
0.207
0.207
0.207
0.207
0.208
0.208
0.208
0.208
0.209
0.209
0.21
0.21
0.211
0.211
0.211
0.212
0.212
0.213
0.213
0.213
0.213
0.214
0.214
0.215
0.215
0.215
0.216
0.216
0.216
0.217
0.217
0.217
0.218
0.218
0.219
0.219
0.219
0.22
0.221
0.222
0.222
0.222
0.222
0.223
0.223
0.223
0.223
0.224
0.224
0.224
0.226
0.226
0.226
0.227
0.228
0.228
0.229
0.229
0.229
0.231
0.232
0.232
0.233
0.233
0.234
0.234
0.234
0.235
0.235
0.236
0.236
0.237
0.237
0.238
0.238
0.239
0.239
0.24
0.241
0.241
0.242
0.242
0.242
0.243
0.243
0.244
0.245
0.245
0.245
0.246
0.247
0.248
0.248
0.248
0.249
0.249
0.25
0.251
0.252
0.254
0.255
0.255
0.255
0.255
0.256
0.257
0.259
0.259
0.259
0.26
0.261
0.262
0.263
0.263
0.264
0.264
0.264
0.265
0.265
0.266
0.268
0.268
0.268
0.269
0.27
0.27
0.27
0.271
0.271
0.271
0.272
0.273
0.274
0.274
0.275
0.275
0.275
0.278
0.279
0.28
0.281
0.281
0.282
0.282
0.284
0.284
0.285
0.285
0.285
0.288
0.288
0.289
0.289
0.293
0.296
0.298
0.299
0.301
0.302
0.303
0.303
0.303
0.309
0.31
0.311
0.311
0.312
0.312
0.313
0.314
0.314
0.315
0.316
0.322
0.322
0.323
0.323
0.325
0.329
0.332
0.332
0.332
0.333
0.334
0.335
0.336
0.339
0.34
0.347
0.349
0.349
0.35
0.35
0.355
0.355
0.356
0.356
0.36
0.361
0.362
0.363
0.363
0.364
0.364
0.366
0.368
0.37
0.372
0.376
0.383
0.384
0.387
0.389
0.391
0.396
0.397
0.399
0.402
0.403
0.408
0.41
0.415
0.422
0.428
0.43
0.437
0.44
0.446
0.446
0.448
0.45
0.454
0.458
0.47
0.478
0.483
0.495
0.498
0.518
0.522
0.523
0.543
0.545
0.549
0.552
0.562
0.57
0.58
0.589
0.61
0.619
0.634
0.639
0.648
0.65
0.664
0.722
0.737
0.745
0.78
0.793
0.13
0.13
0.131
0.131
0.131
0.131
0.131
0.131
0.131
0.131
0.131
0.131
0.131
0.131
0.131
0.131
0.131
0.131
0.131
0.131
0.131
0.131
0.131
0.131
0.132
0.132
0.132
0.132
0.132
0.132
0.132
0.132
0.132
0.132
0.132
0.132
0.132
0.132
0.132
0.132
0.132
0.132
0.132
0.132
0.132
0.132
0.132
0.132
0.132
0.132
0.132
0.132
0.133
0.133
0.133
0.133
0.133
0.133
0.133
0.133
0.133
0.133
0.133
0.133
0.133
0.133
0.133
0.133
0.133
0.133
0.134
0.134
0.134
0.134
0.134
0.134
0.134
0.134
0.134
0.134
0.134
0.134
0.134
0.134
0.134
0.134
0.134
0.134
0.134
0.134
0.134
0.134
0.135
0.135
0.135
0.135
0.135
0.135
0.135
0.135
0.135
0.135
0.135
0.135
0.135
0.135
0.135
0.135
0.135
0.135
0.135
0.135
0.135
0.135
0.135
0.135
0.135
0.135
0.135
0.135
0.135
0.136
0.136
0.136
0.136
0.136
0.136
0.136
0.136
0.136
0.136
0.136
0.136
0.136
0.136
0.136
0.136
0.136
0.136
0.136
0.136
0.136
0.136
0.136
0.136
0.136
0.136
0.136
0.136
0.136
0.136
0.136
0.137
0.137
0.137
0.137
0.137
0.137
0.137
0.137
0.137
0.137
0.137
0.137
0.137
0.137
0.137
0.137
0.137
0.138
0.138
0.138
0.138
0.138
0.138
0.138
0.138
0.138
0.138
0.138
0.138
0.138
0.138
0.138
0.138
0.138
0.138
0.138
0.138
0.138
0.138
0.138
0.138
0.138
0.138
0.138
0.138
0.138
0.138
0.138
0.139
0.139
0.139
0.139
0.139
0.139
0.139
0.139
0.139
0.139
0.139
0.139
0.139
0.139
0.139
0.139
0.139
0.14
0.14
0.14
0.14
0.14
0.14
0.14
0.14
0.14
0.14
0.14
0.14
0.14
0.14
0.14
0.14
0.14
0.14
0.141
0.141
0.141
0.141
0.141
0.141
0.141
0.141
0.141
0.141
0.141
0.141
0.141
0.141
0.141
0.142
0.142
0.142
0.142
0.142
0.142
0.142
0.142
0.142
0.142
0.142
0.142
0.142
0.142
0.142
0.142
0.142
0.142
0.142
0.142
0.142
0.142
0.143
0.143
0.143
0.143
0.143
0.143
0.143
0.143
0.143
0.143
0.143
0.143
0.143
0.143
0.144
0.144
0.144
0.144
0.144
0.144
0.144
0.144
0.144
0.144
0.144
0.144
0.144
0.144
0.144
0.144
0.144
0.144
0.144
0.144
0.145
0.145
0.145
0.145
0.145
0.145
0.145
0.145
0.145
0.145
0.145
0.145
0.145
0.145
0.145
0.145
0.145
0.145
0.145
0.145
0.145
0.146
0.146
0.146
0.146
0.146
0.146
0.146
0.146
0.146
0.146
0.146
0.146
0.146
0.147
0.147
0.147
0.147
0.147
0.147
0.147
0.147
0.147
0.147
0.147
0.147
0.148
0.148
0.148
0.148
0.148
0.148
0.148
0.148
0.148
0.148
0.148
0.148
0.148
0.148
0.148
0.148
0.148
0.149
0.149
0.149
0.149
0.149
0.149
0.149
0.149
0.149
0.149
0.149
0.149
0.149
0.149
0.149
0.15
0.15
0.15
0.15
0.15
0.15
0.15
0.15
0.15
0.15
0.15
0.15
0.15
0.15
0.15
0.15
0.15
0.15
0.15
0.15
0.151
0.151
0.151
0.151
0.151
0.151
0.151
0.151
0.151
0.151
0.151
0.151
0.151
0.151
0.151
0.151
0.151
0.151
0.151
0.152
0.152
0.152
0.152
0.152
0.153
0.153
0.153
0.153
0.153
0.153
0.154
0.154
0.154
0.154
0.154
0.154
0.154
0.154
0.154
0.154
0.154
0.154
0.155
0.155
0.155
0.155
0.155
0.155
0.155
0.155
0.155
0.155
0.155
0.155
0.155
0.155
0.156
0.156
0.156
0.156
0.156
0.156
0.156
0.156
0.156
0.156
0.156
0.156
0.157
0.157
0.157
0.157
0.157
0.157
0.157
0.157
0.157
0.157
0.157
0.157
0.157
0.158
0.158
0.158
0.158
0.158
0.158
0.158
0.158
0.158
0.158
0.158
0.158
0.158
0.159
0.159
0.159
0.159
0.159
0.159
0.159
0.16
0.16
0.16
0.16
0.16
0.16
0.16
0.161
0.161
0.161
0.161
0.161
0.161
0.161
0.161
0.162
0.162
0.162
0.162
0.162
0.162
0.162
0.163
0.163
0.163
0.163
0.163
0.163
0.163
0.163
0.163
0.164
0.164
0.164
0.164
0.164
0.164
0.164
0.164
0.164
0.165
0.165
0.165
0.165
0.165
0.165
0.165
0.165
0.166
0.166
0.166
0.166
0.167
0.167
0.167
0.167
0.167
0.167
0.167
0.167
0.167
0.168
0.168
0.168
0.168
0.168
0.169
0.169
0.169
0.169
0.169
0.17
0.17
0.17
0.17
0.171
0.171
0.171
0.171
0.171
0.171
0.171
0.172
0.172
0.172
0.172
0.172
0.172
0.172
0.172
0.172
0.172
0.173
0.173
0.173
0.174
0.174
0.174
0.174
0.174
0.174
0.174
0.174
0.174
0.174
0.174
0.175
0.175
0.175
0.175
0.175
0.175
0.175
0.176
0.176
0.177
0.177
0.177
0.177
0.178
0.178
0.178
0.178
0.179
0.179
0.179
0.179
0.18
0.18
0.18
0.18
0.18
0.18
0.18
0.18
0.18
0.181
0.181
0.181
0.181
0.182
0.182
0.182
0.182
0.182
0.183
0.183
0.183
0.183
0.183
0.184
0.184
0.184
0.184
0.185
0.185
0.185
0.185
0.185
0.185
0.186
0.186
0.186
0.186
0.186
0.186
0.187
0.187
0.187
0.188
0.188
0.188
0.188
0.189
0.189
0.189
0.189
0.19
0.19
0.19
0.19
0.191
0.191
0.191
0.191
0.191
0.191
0.192
0.192
0.192
0.192
0.193
0.193
0.193
0.193
0.194
0.194
0.194
0.194
0.195
0.195
0.196
0.196
0.197
0.198
0.198
0.198
0.199
0.199
0.199
0.2
0.2
0.2
0.2
0.201
0.201
0.201
0.201
0.201
0.201
0.202
0.202
0.202
0.202
0.202
0.202
0.203
0.204
0.204
0.204
0.204
0.204
0.204
0.204
0.205
0.206
0.206
0.207
0.207
0.207
0.207
0.208
0.208
0.209
0.209
0.209
0.21
0.211
0.211
0.211
0.211
0.212
0.212
0.212
0.213
0.213
0.213
0.213
0.214
0.214
0.216
0.216
0.216
0.217
0.217
0.218
0.219
0.219
0.219
0.22
0.22
0.22
0.221
0.221
0.221
0.222
0.223
0.223
0.223
0.223
0.223
0.224
0.225
0.225
0.225
0.226
0.226
0.227
0.227
0.227
0.227
0.228
0.228
0.228
0.228
0.229
0.229
0.23
0.23
0.231
0.231
0.232
0.232
0.232
0.233
0.233
0.233
0.234
0.234
0.234
0.234
0.235
0.235
0.236
0.238
0.239
0.239
0.241
0.242
0.242
0.242
0.242
0.242
0.243
0.243
0.243
0.244
0.245
0.245
0.246
0.246
0.247
0.247
0.247
0.249
0.249
0.249
0.25
0.25
0.251
0.252
0.254
0.255
0.255
0.256
0.256
0.257
0.257
0.257
0.258
0.261
0.261
0.261
0.261
0.262
0.264
0.264
0.266
0.266
0.268
0.268
0.268
0.269
0.27
0.271
0.273
0.273
0.273
0.274
0.275
0.276
0.276
0.276
0.279
0.279
0.28
0.28
0.282
0.283
0.283
0.283
0.284
0.285
0.287
0.288
0.292
0.292
0.292
0.293
0.293
0.295
0.295
0.295
0.296
0.297
0.298
0.305
0.306
0.307
0.307
0.308
0.309
0.31
0.31
0.31
0.311
0.313
0.315
0.315
0.316
0.317
0.318
0.319
0.32
0.323
0.324
0.324
0.325
0.325
0.325
0.326
0.326
0.328
0.33
0.335
0.335
0.337
0.338
0.347
0.349
0.353
0.354
0.354
0.355
0.361
0.368
0.371
0.372
0.374
0.378
0.378
0.381
0.382
0.385
0.388
0.388
0.389
0.392
0.394
0.396
0.4
0.404
0.406
0.415
0.415
0.416
0.421
0.434
0.436
0.436
0.444
0.453
0.454
0.457
0.459
0.462
0.463
0.464
0.465
0.466
0.468
0.471
0.476
0.476
0.479
0.484
0.485
0.487
0.488
0.488
0.492
0.498
0.51
0.52
0.533
0.54
0.547
0.55
0.566
0.597
0.599
0.603
0.619
0.769
0.849
0.13
0.13
0.13
0.13
0.13
0.131
0.131
0.131
0.131
0.131
0.131
0.131
0.131
0.131
0.131
0.131
0.131
0.131
0.131
0.131
0.131
0.131
0.131
0.131
0.131
0.131
0.131
0.131
0.131
0.131
0.131
0.131
0.131
0.131
0.132
0.132
0.132
0.132
0.132
0.132
0.132
0.132
0.132
0.132
0.132
0.132
0.132
0.132
0.132
0.132
0.133
0.133
0.133
0.133
0.133
0.133
0.133
0.133
0.133
0.133
0.133
0.133
0.133
0.133
0.133
0.133
0.133
0.133
0.133
0.133
0.133
0.133
0.133
0.133
0.134
0.134
0.134
0.134
0.134
0.134
0.134
0.134
0.134
0.134
0.134
0.134
0.134
0.134
0.134
0.134
0.134
0.134
0.134
0.134
0.135
0.135
0.135
0.135
0.135
0.135
0.135
0.135
0.135
0.135
0.135
0.135
0.135
0.135
0.135
0.135
0.135
0.135
0.135
0.135
0.135
0.135
0.135
0.135
0.135
0.135
0.136
0.136
0.136
0.136
0.136
0.136
0.136
0.136
0.136
0.136
0.136
0.136
0.136
0.136
0.136
0.136
0.137
0.137
0.137
0.137
0.137
0.137
0.137
0.137
0.137
0.137
0.137
0.137
0.137
0.137
0.137
0.137
0.137
0.137
0.137
0.137
0.137
0.138
0.138
0.138
0.138
0.138
0.138
0.138
0.138
0.138
0.138
0.138
0.138
0.138
0.138
0.138
0.138
0.138
0.138
0.138
0.138
0.138
0.138
0.138
0.138
0.138
0.139
0.139
0.139
0.139
0.139
0.139
0.139
0.139
0.139
0.139
0.139
0.139
0.139
0.14
0.14
0.14
0.14
0.14
0.14
0.14
0.14
0.14
0.14
0.14
0.14
0.14
0.14
0.14
0.14
0.14
0.14
0.14
0.14
0.14
0.14
0.14
0.14
0.141
0.141
0.141
0.141
0.141
0.141
0.141
0.141
0.141
0.141
0.141
0.141
0.141
0.141
0.141
0.141
0.141
0.141
0.142
0.142
0.142
0.142
0.142
0.142
0.142
0.142
0.142
0.142
0.142
0.142
0.142
0.142
0.142
0.143
0.143
0.143
0.143
0.143
0.143
0.143
0.143
0.143
0.143
0.143
0.143
0.143
0.143
0.143
0.143
0.143
0.143
0.143
0.143
0.143
0.143
0.144
0.144
0.144
0.144
0.144
0.144
0.144
0.144
0.144
0.144
0.144
0.144
0.144
0.144
0.145
0.145
0.145
0.145
0.145
0.145
0.145
0.145
0.145
0.145
0.145
0.145
0.145
0.145
0.145
0.145
0.145
0.145
0.145
0.145
0.146
0.146
0.146
0.146
0.146
0.146
0.146
0.146
0.146
0.146
0.146
0.146
0.146
0.146
0.146
0.146
0.146
0.146
0.147
0.147
0.147
0.147
0.147
0.147
0.147
0.147
0.147
0.147
0.147
0.147
0.147
0.147
0.147
0.147
0.147
0.147
0.148
0.148
0.148
0.148
0.148
0.148
0.148
0.148
0.148
0.148
0.148
0.148
0.148
0.148
0.148
0.148
0.148
0.148
0.148
0.148
0.148
0.148
0.148
0.148
0.148
0.148
0.148
0.148
0.149
0.149
0.149
0.149
0.149
0.149
0.149
0.149
0.149
0.149
0.149
0.149
0.149
0.15
0.15
0.15
0.15
0.15
0.15
0.15
0.15
0.15
0.151
0.151
0.151
0.151
0.151
0.151
0.151
0.151
0.151
0.151
0.151
0.151
0.151
0.152
0.152
0.152
0.152
0.152
0.152
0.152
0.152
0.152
0.152
0.153
0.153
0.153
0.153
0.153
0.153
0.153
0.153
0.153
0.153
0.153
0.153
0.153
0.153
0.153
0.153
0.153
0.154
0.154
0.154
0.154
0.154
0.154
0.154
0.154
0.154
0.154
0.154
0.154
0.155
0.155
0.155
0.155
0.155
0.156
0.156
0.156
0.156
0.156
0.156
0.156
0.156
0.156
0.156
0.156
0.156
0.157
0.157
0.157
0.157
0.157
0.157
0.157
0.157
0.157
0.157
0.157
0.157
0.158
0.158
0.158
0.158
0.158
0.158
0.158
0.158
0.159
0.159
0.159
0.159
0.159
0.159
0.16
0.16
0.16
0.16
0.16
0.16
0.16
0.16
0.16
0.16
0.16
0.16
0.16
0.161
0.161
0.161
0.161
0.161
0.161
0.161
0.161
0.161
0.161
0.161
0.161
0.161
0.161
0.162
0.162
0.162
0.162
0.162
0.162
0.162
0.162
0.162
0.163
0.163
0.163
0.163
0.164
0.164
0.164
0.164
0.164
0.164
0.164
0.164
0.164
0.165
0.165
0.165
0.165
0.165
0.165
0.165
0.165
0.165
0.166
0.166
0.166
0.166
0.166
0.166
0.166
0.166
0.166
0.166
0.166
0.167
0.167
0.167
0.167
0.167
0.167
0.167
0.168
0.168
0.168
0.168
0.168
0.169
0.169
0.169
0.169
0.169
0.169
0.169
0.169
0.17
0.17
0.17
0.17
0.17
0.171
0.171
0.171
0.171
0.171
0.171
0.172
0.172
0.172
0.172
0.172
0.173
0.173
0.173
0.173
0.173
0.173
0.173
0.174
0.174
0.174
0.174
0.174
0.174
0.174
0.174
0.174
0.175
0.175
0.175
0.176
0.176
0.176
0.176
0.177
0.177
0.177
0.177
0.177
0.177
0.177
0.177
0.177
0.177
0.177
0.177
0.178
0.178
0.178
0.178
0.178
0.178
0.178
0.178
0.178
0.179
0.179
0.179
0.179
0.18
0.18
0.18
0.18
0.18
0.18
0.18
0.18
0.18
0.181
0.181
0.181
0.181
0.181
0.182
0.182
0.182
0.183
0.183
0.183
0.183
0.183
0.183
0.183
0.183
0.184
0.184
0.184
0.184
0.184
0.184
0.185
0.185
0.185
0.186
0.186
0.186
0.187
0.187
0.187
0.187
0.188
0.188
0.188
0.189
0.189
0.189
0.189
0.189
0.19
0.19
0.19
0.19
0.19
0.19
0.191
0.191
0.191
0.192
0.192
0.192
0.192
0.192
0.192
0.192
0.193
0.194
0.194
0.194
0.195
0.196
0.196
0.196
0.196
0.197
0.197
0.198
0.198
0.199
0.199
0.199
0.2
0.2
0.2
0.2
0.2
0.2
0.201
0.201
0.201
0.202
0.202
0.202
0.203
0.203
0.204
0.204
0.205
0.205
0.205
0.205
0.205
0.205
0.205
0.205
0.206
0.206
0.206
0.206
0.207
0.207
0.207
0.208
0.209
0.209
0.21
0.211
0.211
0.211
0.213
0.213
0.213
0.213
0.214
0.214
0.214
0.215
0.215
0.215
0.215
0.215
0.217
0.217
0.217
0.217
0.218
0.218
0.219
0.219
0.219
0.219
0.219
0.22
0.22
0.222
0.222
0.222
0.223
0.223
0.223
0.224
0.224
0.225
0.225
0.227
0.228
0.228
0.228
0.229
0.23
0.23
0.231
0.231
0.231
0.231
0.232
0.233
0.233
0.233
0.234
0.236
0.236
0.236
0.236
0.237
0.238
0.238
0.238
0.239
0.241
0.241
0.242
0.243
0.243
0.244
0.244
0.245
0.246
0.249
0.249
0.25
0.25
0.251
0.252
0.252
0.252
0.253
0.254
0.254
0.254
0.254
0.254
0.255
0.255
0.255
0.256
0.257
0.258
0.258
0.258
0.259
0.259
0.26
0.262
0.262
0.263
0.263
0.264
0.266
0.266
0.269
0.271
0.271
0.271
0.272
0.274
0.276
0.276
0.277
0.277
0.278
0.28
0.28
0.281
0.281
0.282
0.282
0.283
0.283
0.284
0.284
0.285
0.287
0.29
0.29
0.291
0.292
0.293
0.295
0.295
0.296
0.297
0.298
0.299
0.301
0.303
0.303
0.303
0.304
0.306
0.311
0.312
0.313
0.315
0.316
0.316
0.317
0.319
0.319
0.32
0.32
0.32
0.322
0.323
0.323
0.325
0.33
0.332
0.334
0.336
0.337
0.339
0.34
0.341
0.341
0.343
0.346
0.346
0.349
0.352
0.352
0.356
0.357
0.358
0.358
0.359
0.359
0.359
0.359
0.36
0.364
0.368
0.369
0.37
0.375
0.379
0.38
0.381
0.382
0.384
0.387
0.394
0.394
0.396
0.398
0.406
0.408
0.416
0.422
0.427
0.427
0.43
0.436
0.437
0.44
0.446
0.446
0.454
0.454
0.46
0.47
0.477
0.48
0.486
0.487
0.49
0.49
0.494
0.495
0.502
0.506
0.509
0.516
0.523
0.526
0.536
0.545
0.58
0.587
0.593
0.599
0.62
0.638
0.639
0.64
0.657
0.663
0.788
0.13
0.131
0.131
0.131
0.131
0.131
0.131
0.131
0.131
0.131
0.131
0.131
0.131
0.131
0.131
0.131
0.131
0.131
0.131
0.131
0.131
0.131
0.131
0.131
0.132
0.132
0.132
0.132
0.132
0.132
0.132
0.132
0.132
0.132
0.132
0.132
0.132
0.132
0.132
0.132
0.132
0.132
0.132
0.132
0.132
0.132
0.132
0.132
0.132
0.132
0.132
0.132
0.133
0.133
0.133
0.133
0.133
0.133
0.133
0.133
0.133
0.133
0.133
0.133
0.133
0.133
0.133
0.133
0.133
0.133
0.133
0.133
0.133
0.133
0.133
0.133
0.133
0.133
0.133
0.133
0.133
0.133
0.134
0.134
0.134
0.134
0.134
0.134
0.134
0.134
0.134
0.134
0.134
0.134
0.134
0.134
0.134
0.134
0.134
0.134
0.134
0.134
0.134
0.134
0.134
0.134
0.134
0.134
0.135
0.135
0.135
0.135
0.135
0.135
0.135
0.135
0.135
0.135
0.135
0.135
0.135
0.135
0.135
0.135
0.135
0.135
0.135
0.135
0.135
0.135
0.135
0.135
0.135
0.136
0.136
0.136
0.136
0.136
0.136
0.136
0.136
0.136
0.136
0.136
0.136
0.136
0.136
0.136
0.136
0.136
0.136
0.136
0.136
0.136
0.136
0.137
0.137
0.137
0.137
0.137
0.137
0.137
0.137
0.137
0.137
0.137
0.137
0.137
0.137
0.137
0.137
0.137
0.138
0.138
0.138
0.138
0.138
0.138
0.138
0.138
0.138
0.138
0.138
0.138
0.138
0.138
0.138
0.138
0.138
0.138
0.138
0.138
0.138
0.138
0.138
0.138
0.138
0.138
0.138
0.138
0.138
0.139
0.139
0.139
0.139
0.139
0.139
0.139
0.139
0.139
0.139
0.139
0.139
0.139
0.139
0.139
0.139
0.139
0.139
0.139
0.139
0.139
0.139
0.139
0.14
0.14
0.14
0.14
0.14
0.14
0.14
0.14
0.14
0.14
0.14
0.14
0.141
0.141
0.141
0.141
0.141
0.141
0.141
0.141
0.141
0.141
0.141
0.141
0.141
0.141
0.141
0.141
0.141
0.141
0.142
0.142
0.142
0.142
0.142
0.142
0.142
0.142
0.142
0.142
0.142
0.142
0.142
0.142
0.142
0.142
0.143
0.143
0.143
0.143
0.143
0.143
0.143
0.143
0.143
0.143
0.143
0.143
0.143
0.143
0.143
0.143
0.143
0.143
0.143
0.144
0.144
0.144
0.144
0.144
0.144
0.144
0.144
0.144
0.144
0.144
0.144
0.144
0.144
0.144
0.144
0.144
0.145
0.145
0.145
0.145
0.145
0.145
0.145
0.145
0.145
0.145
0.145
0.145
0.145
0.145
0.145
0.145
0.145
0.145
0.145
0.146
0.146
0.146
0.146
0.146
0.146
0.146
0.146
0.146
0.146
0.146
0.146
0.146
0.146
0.146
0.146
0.146
0.146
0.147
0.147
0.147
0.147
0.147
0.147
0.147
0.147
0.147
0.147
0.147
0.147
0.147
0.147
0.147
0.147
0.147
0.147
0.147
0.147
0.148
0.148
0.148
0.148
0.148
0.148
0.148
0.148
0.148
0.148
0.148
0.149
0.149
0.149
0.149
0.149
0.149
0.149
0.149
0.149
0.149
0.149
0.149
0.149
0.149
0.149
0.15
0.15
0.15
0.15
0.15
0.15
0.15
0.15
0.15
0.151
0.151
0.151
0.151
0.151
0.151
0.151
0.151
0.151
0.152
0.152
0.152
0.152
0.152
0.152
0.153
0.153
0.153
0.153
0.153
0.153
0.153
0.153
0.153
0.154
0.154
0.154
0.154
0.154
0.154
0.154
0.155
0.155
0.155
0.155
0.155
0.155
0.155
0.155
0.155
0.155
0.156
0.156
0.156
0.156
0.157
0.157
0.157
0.157
0.157
0.157
0.158
0.158
0.158
0.158
0.158
0.158
0.158
0.158
0.158
0.158
0.158
0.158
0.159
0.159
0.159
0.159
0.159
0.159
0.159
0.159
0.159
0.159
0.159
0.159
0.159
0.16
0.16
0.16
0.16
0.16
0.16
0.16
0.16
0.161
0.161
0.161
0.161
0.161
0.161
0.161
0.161
0.161
0.161
0.162
0.162
0.162
0.162
0.162
0.162
0.162
0.162
0.162
0.162
0.163
0.163
0.163
0.163
0.163
0.163
0.163
0.163
0.163
0.163
0.163
0.163
0.163
0.163
0.163
0.164
0.164
0.164
0.164
0.164
0.164
0.164
0.164
0.164
0.164
0.164
0.165
0.165
0.165
0.166
0.166
0.166
0.166
0.166
0.166
0.166
0.166
0.166
0.166
0.167
0.167
0.167
0.167
0.167
0.167
0.167
0.167
0.167
0.168
0.168
0.168
0.168
0.168
0.168
0.168
0.169
0.169
0.169
0.17
0.17
0.17
0.171
0.171
0.171
0.171
0.171
0.171
0.172
0.172
0.172
0.173
0.173
0.173
0.174
0.174
0.174
0.174
0.174
0.174
0.174
0.174
0.174
0.174
0.174
0.175
0.175
0.175
0.175
0.176
0.176
0.176
0.176
0.176
0.177
0.177
0.177
0.177
0.177
0.177
0.177
0.177
0.177
0.177
0.177
0.178
0.178
0.178
0.178
0.179
0.179
0.179
0.179
0.179
0.179
0.18
0.18
0.18
0.18
0.18
0.181
0.181
0.181
0.181
0.181
0.181
0.182
0.182
0.182
0.182
0.182
0.182
0.182
0.182
0.183
0.183
0.183
0.183
0.183
0.184
0.184
0.184
0.185
0.186
0.186
0.186
0.186
0.187
0.187
0.187
0.187
0.188
0.188
0.188
0.189
0.189
0.189
0.189
0.189
0.189
0.19
0.19
0.19
0.191
0.191
0.191
0.191
0.191
0.192
0.192
0.192
0.193
0.193
0.193
0.193
0.193
0.193
0.194
0.195
0.195
0.195
0.195
0.195
0.195
0.195
0.195
0.196
0.196
0.196
0.197
0.197
0.197
0.197
0.198
0.198
0.199
0.199
0.199
0.199
0.2
0.2
0.2
0.201
0.201
0.201
0.202
0.202
0.202
0.203
0.203
0.203
0.203
0.203
0.204
0.204
0.205
0.205
0.206
0.206
0.206
0.207
0.208
0.208
0.209
0.209
0.209
0.209
0.209
0.21
0.21
0.21
0.21
0.211
0.211
0.211
0.211
0.212
0.212
0.212
0.212
0.213
0.213
0.215
0.215
0.215
0.215
0.215
0.215
0.217
0.218
0.218
0.219
0.219
0.22
0.221
0.221
0.221
0.222
0.222
0.222
0.224
0.224
0.224
0.225
0.225
0.225
0.225
0.225
0.225
0.226
0.226
0.226
0.227
0.228
0.229
0.229
0.229
0.23
0.23
0.232
0.232
0.232
0.232
0.233
0.233
0.234
0.234
0.234
0.234
0.235
0.235
0.235
0.237
0.238
0.239
0.24
0.24
0.24
0.241
0.241
0.241
0.241
0.242
0.242
0.243
0.243
0.243
0.243
0.244
0.244
0.244
0.244
0.244
0.246
0.246
0.247
0.248
0.248
0.248
0.248
0.248
0.248
0.248
0.249
0.25
0.252
0.254
0.254
0.254
0.255
0.255
0.256
0.256
0.256
0.257
0.258
0.259
0.26
0.261
0.262
0.262
0.263
0.263
0.264
0.265
0.265
0.266
0.267
0.267
0.268
0.269
0.269
0.27
0.271
0.272
0.273
0.273
0.273
0.274
0.274
0.274
0.275
0.277
0.277
0.277
0.28
0.281
0.282
0.282
0.282
0.282
0.283
0.283
0.283
0.284
0.284
0.286
0.286
0.287
0.287
0.288
0.289
0.291
0.293
0.293
0.293
0.293
0.294
0.294
0.296
0.298
0.299
0.299
0.3
0.3
0.302
0.302
0.302
0.304
0.304
0.309
0.31
0.315
0.315
0.316
0.317
0.318
0.321
0.323
0.323
0.325
0.325
0.325
0.326
0.327
0.328
0.328
0.331
0.337
0.337
0.34
0.341
0.345
0.346
0.346
0.347
0.347
0.351
0.354
0.355
0.356
0.361
0.362
0.364
0.365
0.368
0.371
0.375
0.377
0.381
0.384
0.385
0.389
0.39
0.396
0.398
0.398
0.4
0.403
0.404
0.404
0.408
0.409
0.413
0.413
0.415
0.415
0.415
0.418
0.426
0.426
0.429
0.432
0.438
0.439
0.443
0.454
0.459
0.461
0.465
0.468
0.472
0.472
0.474
0.476
0.479
0.486
0.489
0.497
0.497
0.497
0.504
0.507
0.527
0.543
0.55
0.571
0.574
0.591
0.595
0.608
0.608
0.633
0.635
0.695
0.697
0.716
0.808
0.891
0.13
0.13
0.13
0.13
0.13
0.13
0.131
0.131
0.131
0.131
0.131
0.131
0.131
0.131
0.131
0.131
0.131
0.131
0.131
0.131
0.131
0.131
0.131
0.131
0.131
0.131
0.131
0.131
0.131
0.131
0.131
0.131
0.131
0.132
0.132
0.132
0.132
0.132
0.132
0.132
0.132
0.132
0.132
0.132
0.132
0.132
0.132
0.132
0.132
0.132
0.132
0.132
0.132
0.132
0.132
0.132
0.132
0.132
0.132
0.133
0.133
0.133
0.133
0.133
0.133
0.133
0.133
0.133
0.133
0.133
0.133
0.133
0.133
0.133
0.133
0.133
0.133
0.133
0.133
0.133
0.134
0.134
0.134
0.134
0.134
0.134
0.134
0.134
0.134
0.134
0.134
0.134
0.134
0.134
0.134
0.134
0.134
0.134
0.134
0.134
0.134
0.134
0.134
0.134
0.134
0.134
0.134
0.134
0.134
0.134
0.134
0.134
0.135
0.135
0.135
0.135
0.135
0.135
0.135
0.135
0.135
0.135
0.135
0.135
0.135
0.135
0.135
0.135
0.135
0.135
0.135
0.135
0.135
0.135
0.135
0.136
0.136
0.136
0.136
0.136
0.136
0.136
0.136
0.136
0.136
0.136
0.136
0.136
0.136
0.136
0.136
0.136
0.136
0.136
0.137
0.137
0.137
0.137
0.137
0.137
0.137
0.137
0.137
0.137
0.137
0.137
0.137
0.137
0.137
0.137
0.137
0.137
0.137
0.137
0.137
0.137
0.137
0.137
0.137
0.137
0.137
0.138
0.138
0.138
0.138
0.138
0.138
0.138
0.138
0.138
0.138
0.138
0.138
0.138
0.138
0.138
0.138
0.139
0.139
0.139
0.139
0.139
0.139
0.139
0.139
0.139
0.139
0.139
0.139
0.139
0.139
0.139
0.139
0.139
0.139
0.139
0.139
0.14
0.14
0.14
0.14
0.14
0.14
0.14
0.14
0.14
0.14
0.14
0.14
0.14
0.14
0.14
0.14
0.14
0.14
0.14
0.14
0.14
0.14
0.14
0.14
0.14
0.141
0.141
0.141
0.141
0.141
0.141
0.141
0.141
0.141
0.141
0.141
0.141
0.141
0.142
0.142
0.142
0.142
0.142
0.142
0.142
0.142
0.142
0.142
0.142
0.142
0.142
0.143
0.143
0.143
0.143
0.143
0.143
0.143
0.143
0.143
0.143
0.143
0.143
0.143
0.143
0.144
0.144
0.144
0.144
0.144
0.144
0.144
0.144
0.144
0.144
0.144
0.144
0.144
0.144
0.144
0.144
0.145
0.145
0.145
0.145
0.145
0.145
0.145
0.145
0.145
0.145
0.145
0.145
0.145
0.145
0.145
0.145
0.146
0.146
0.146
0.146
0.146
0.146
0.146
0.146
0.146
0.146
0.146
0.146
0.146
0.146
0.146
0.146
0.146
0.146
0.146
0.146
0.146
0.146
0.147
0.147
0.147
0.147
0.147
0.147
0.147
0.147
0.147
0.147
0.147
0.147
0.147
0.148
0.148
0.148
0.148
0.148
0.148
0.148
0.148
0.148
0.148
0.148
0.148
0.149
0.149
0.149
0.149
0.149
0.149
0.149
0.149
0.149
0.149
0.149
0.15
0.15
0.15
0.15
0.15
0.15
0.15
0.15
0.15
0.15
0.15
0.15
0.15
0.151
0.151
0.151
0.151
0.151
0.151
0.151
0.151
0.151
0.151
0.151
0.151
0.151
0.151
0.151
0.152
0.152
0.152
0.152
0.152
0.152
0.152
0.152
0.152
0.152
0.152
0.153
0.153
0.153
0.153
0.153
0.153
0.153
0.153
0.153
0.153
0.154
0.154
0.154
0.154
0.154
0.154
0.154
0.154
0.154
0.154
0.154
0.154
0.155
0.155
0.155
0.155
0.155
0.155
0.155
0.155
0.155
0.155
0.155
0.156
0.156
0.156
0.156
0.156
0.156
0.156
0.156
0.157
0.157
0.157
0.157
0.157
0.157
0.157
0.157
0.158
0.158
0.158
0.158
0.158
0.158
0.158
0.158
0.158
0.158
0.159
0.159
0.159
0.159
0.159
0.159
0.159
0.159
0.159
0.159
0.159
0.159
0.159
0.159
0.16
0.16
0.16
0.16
0.16
0.16
0.16
0.16
0.16
0.161
0.161
0.161
0.162
0.162
0.162
0.162
0.162
0.162
0.162
0.163
0.163
0.163
0.163
0.163
0.163
0.163
0.163
0.163
0.164
0.164
0.164
0.164
0.164
0.164
0.164
0.165
0.165
0.165
0.165
0.165
0.165
0.165
0.166
0.166
0.166
0.166
0.166
0.166
0.167
0.167
0.167
0.167
0.167
0.167
0.167
0.167
0.167
0.168
0.168
0.168
0.168
0.168
0.168
0.168
0.169
0.169
0.169
0.169
0.169
0.169
0.17
0.17
0.17
0.171
0.171
0.171
0.171
0.171
0.171
0.171
0.171
0.171
0.171
0.172
0.172
0.173
0.173
0.173
0.173
0.173
0.173
0.173
0.174
0.174
0.174
0.174
0.174
0.174
0.175
0.175
0.175
0.176
0.176
0.176
0.176
0.177
0.177
0.177
0.177
0.178
0.178
0.178
0.178
0.178
0.179
0.179
0.179
0.179
0.179
0.179
0.179
0.179
0.18
0.18
0.18
0.18
0.18
0.181
0.181
0.181
0.181
0.181
0.182
0.182
0.183
0.183
0.183
0.183
0.183
0.183
0.184
0.184
0.184
0.184
0.184
0.185
0.185
0.185
0.185
0.186
0.186
0.186
0.186
0.186
0.186
0.187
0.188
0.188
0.188
0.188
0.188
0.188
0.188
0.189
0.189
0.189
0.189
0.189
0.189
0.19
0.19
0.19
0.19
0.19
0.192
0.192
0.192
0.192
0.193
0.193
0.193
0.193
0.193
0.193
0.193
0.194
0.194
0.194
0.194
0.194
0.194
0.195
0.195
0.196
0.196
0.196
0.196
0.196
0.197
0.197
0.197
0.197
0.198
0.198
0.198
0.198
0.198
0.198
0.199
0.199
0.199
0.199
0.199
0.2
0.2
0.2
0.2
0.2
0.201
0.201
0.202
0.202
0.202
0.203
0.203
0.203
0.203
0.203
0.204
0.204
0.205
0.205
0.205
0.206
0.207
0.208
0.208
0.208
0.209
0.209
0.209
0.21
0.21
0.21
0.21
0.21
0.21
0.211
0.212
0.212
0.213
0.213
0.214
0.214
0.215
0.215
0.215
0.215
0.215
0.215
0.215
0.215
0.216
0.216
0.216
0.216
0.216
0.217
0.217
0.217
0.218
0.218
0.219
0.219
0.219
0.219
0.22
0.22
0.22
0.221
0.221
0.222
0.222
0.222
0.223
0.223
0.223
0.224
0.224
0.224
0.224
0.224
0.224
0.224
0.224
0.225
0.225
0.226
0.226
0.226
0.227
0.227
0.227
0.228
0.228
0.228
0.229
0.23
0.231
0.231
0.232
0.233
0.234
0.234
0.235
0.235
0.235
0.235
0.236
0.237
0.237
0.238
0.238
0.239
0.239
0.239
0.241
0.241
0.242
0.242
0.242
0.244
0.245
0.247
0.247
0.247
0.247
0.248
0.248
0.249
0.249
0.251
0.251
0.251
0.252
0.254
0.255
0.255
0.256
0.257
0.258
0.259
0.259
0.26
0.26
0.26
0.261
0.263
0.263
0.264
0.264
0.266
0.266
0.267
0.268
0.268
0.269
0.271
0.271
0.271
0.272
0.272
0.272
0.272
0.273
0.277
0.28
0.28
0.283
0.283
0.286
0.287
0.288
0.289
0.29
0.291
0.292
0.292
0.294
0.294
0.294
0.295
0.295
0.295
0.297
0.297
0.298
0.3
0.3
0.301
0.301
0.301
0.301
0.302
0.303
0.303
0.304
0.304
0.305
0.305
0.305
0.307
0.308
0.309
0.312
0.312
0.313
0.317
0.319
0.322
0.322
0.323
0.326
0.326
0.327
0.327
0.328
0.33
0.331
0.332
0.332
0.333
0.337
0.338
0.339
0.341
0.341
0.342
0.343
0.344
0.346
0.346
0.348
0.35
0.361
0.364
0.364
0.365
0.365
0.365
0.365
0.366
0.368
0.37
0.37
0.371
0.376
0.376
0.379
0.39
0.391
0.393
0.394
0.395
0.407
0.412
0.412
0.413
0.415
0.416
0.418
0.422
0.425
0.426
0.433
0.437
0.437
0.441
0.455
0.457
0.465
0.466
0.476
0.477
0.477
0.481
0.484
0.49
0.491
0.492
0.499
0.504
0.512
0.513
0.519
0.538
0.539
0.54
0.548
0.548
0.552
0.56
0.56
0.564
0.586
0.598
0.61
0.613
0.614
0.627
0.64
0.652
0.718
0.774
0.821
0.905
0.13
0.13
0.13
0.13
0.13
0.131
0.131
0.131
0.131
0.131
0.131
0.131
0.131
0.131
0.131
0.131
0.131
0.131
0.131
0.131
0.131
0.131
0.131
0.131
0.131
0.131
0.131
0.131
0.131
0.132
0.132
0.132
0.132
0.132
0.132
0.132
0.132
0.132
0.132
0.132
0.132
0.132
0.132
0.132
0.132
0.132
0.132
0.132
0.132
0.132
0.132
0.132
0.132
0.133
0.133
0.133
0.133
0.133
0.133
0.133
0.133
0.133
0.133
0.133
0.133
0.133
0.133
0.133
0.133
0.133
0.133
0.133
0.134
0.134
0.134
0.134
0.134
0.134
0.134
0.134
0.134
0.134
0.134
0.134
0.134
0.134
0.134
0.134
0.134
0.134
0.134
0.134
0.134
0.134
0.134
0.134
0.134
0.135
0.135
0.135
0.135
0.135
0.135
0.135
0.135
0.135
0.135
0.135
0.135
0.135
0.135
0.135
0.135
0.135
0.135
0.135
0.135
0.135
0.136
0.136
0.136
0.136
0.136
0.136
0.136
0.136
0.136
0.136
0.136
0.136
0.136
0.136
0.136
0.136
0.136
0.136
0.136
0.136
0.136
0.136
0.136
0.136
0.136
0.137
0.137
0.137
0.137
0.137
0.137
0.137
0.137
0.137
0.137
0.137
0.137
0.137
0.137
0.137
0.137
0.137
0.137
0.137
0.137
0.137
0.137
0.137
0.137
0.137
0.137
0.137
0.138
0.138
0.138
0.138
0.138
0.138
0.138
0.138
0.138
0.138
0.138
0.138
0.138
0.138
0.138
0.138
0.138
0.138
0.138
0.138
0.138
0.138
0.138
0.139
0.139
0.139
0.139
0.139
0.139
0.139
0.139
0.139
0.139
0.139
0.139
0.139
0.139
0.139
0.139
0.139
0.139
0.139
0.139
0.139
0.139
0.139
0.14
0.14
0.14
0.14
0.14
0.14
0.14
0.14
0.14
0.14
0.14
0.14
0.14
0.14
0.14
0.141
0.141
0.141
0.141
0.141
0.141
0.141
0.141
0.141
0.141
0.141
0.141
0.141
0.141
0.141
0.141
0.141
0.141
0.142
0.142
0.142
0.142
0.142
0.142
0.142
0.142
0.142
0.142
0.142
0.142
0.142
0.142
0.142
0.142
0.142
0.142
0.142
0.143
0.143
0.143
0.143
0.143
0.143
0.143
0.143
0.143
0.143
0.143
0.143
0.143
0.143
0.143
0.143
0.143
0.143
0.144
0.144
0.144
0.144
0.144
0.144
0.144
0.144
0.145
0.145
0.145
0.145
0.145
0.145
0.145
0.145
0.145
0.145
0.145
0.145
0.145
0.145
0.145
0.145
0.146
0.146
0.146
0.146
0.146
0.146
0.146
0.146
0.146
0.146
0.146
0.146
0.146
0.146
0.146
0.146
0.147
0.147
0.147
0.147
0.147
0.147
0.147
0.147
0.147
0.147
0.147
0.147
0.147
0.147
0.147
0.147
0.147
0.147
0.148
0.148
0.148
0.148
0.148
0.148
0.148
0.148
0.148
0.148
0.149
0.149
0.149
0.149
0.149
0.149
0.149
0.149
0.149
0.149
0.149
0.149
0.149
0.149
0.149
0.15
0.15
0.15
0.15
0.15
0.15
0.15
0.15
0.15
0.15
0.15
0.15
0.15
0.15
0.15
0.15
0.15
0.151
0.151
0.151
0.151
0.151
0.151
0.151
0.152
0.152
0.152
0.152
0.152
0.152
0.152
0.152
0.152
0.152
0.152
0.153
0.153
0.153
0.153
0.153
0.153
0.153
0.153
0.153
0.153
0.154
0.154
0.154
0.154
0.154
0.154
0.154
0.154
0.154
0.154
0.155
0.155
0.155
0.155
0.155
0.155
0.155
0.155
0.155
0.155
0.155
0.155
0.155
0.155
0.156
0.156
0.156
0.156
0.156
0.156
0.156
0.156
0.156
0.156
0.156
0.156
0.157
0.157
0.157
0.157
0.157
0.157
0.157
0.157
0.157
0.157
0.157
0.158
0.158
0.158
0.158
0.158
0.158
0.158
0.158
0.158
0.158
0.158
0.158
0.159
0.159
0.159
0.159
0.159
0.159
0.159
0.159
0.159
0.159
0.159
0.16
0.16
0.16
0.16
0.16
0.16
0.16
0.161
0.161
0.161
0.161
0.161
0.161
0.162
0.162
0.162
0.162
0.162
0.162
0.162
0.162
0.162
0.162
0.162
0.163
0.163
0.163
0.163
0.163
0.163
0.164
0.164
0.164
0.164
0.164
0.164
0.164
0.164
0.164
0.164
0.165
0.165
0.165
0.165
0.165
0.165
0.165
0.166
0.166
0.166
0.166
0.166
0.166
0.166
0.166
0.166
0.166
0.166
0.167
0.167
0.167
0.167
0.167
0.167
0.167
0.167
0.167
0.168
0.168
0.168
0.168
0.168
0.168
0.169
0.169
0.169
0.169
0.169
0.169
0.169
0.169
0.169
0.17
0.17
0.17
0.17
0.17
0.17
0.17
0.17
0.171
0.171
0.171
0.171
0.172
0.172
0.172
0.172
0.172
0.172
0.172
0.173
0.173
0.173
0.173
0.173
0.173
0.173
0.174
0.174
0.174
0.174
0.175
0.175
0.175
0.175
0.175
0.175
0.175
0.176
0.176
0.176
0.176
0.176
0.177
0.177
0.177
0.177
0.177
0.177
0.178
0.178
0.178
0.178
0.178
0.179
0.179
0.179
0.179
0.179
0.179
0.179
0.179
0.18
0.18
0.18
0.18
0.181
0.181
0.181
0.181
0.182
0.182
0.182
0.182
0.182
0.182
0.182
0.183
0.183
0.183
0.183
0.184
0.184
0.184
0.185
0.185
0.185
0.185
0.185
0.185
0.186
0.186
0.186
0.186
0.186
0.186
0.186
0.186
0.186
0.187
0.188
0.188
0.188
0.188
0.189
0.189
0.189
0.189
0.189
0.189
0.19
0.19
0.19
0.19
0.19
0.191
0.192
0.192
0.192
0.192
0.192
0.193
0.193
0.193
0.193
0.193
0.193
0.194
0.194
0.194
0.195
0.195
0.195
0.196
0.196
0.196
0.196
0.196
0.197
0.197
0.197
0.197
0.197
0.198
0.198
0.198
0.198
0.198
0.198
0.198
0.199
0.199
0.2
0.2
0.2
0.2
0.2
0.2
0.201
0.201
0.201
0.202
0.202
0.202
0.202
0.202
0.203
0.203
0.203
0.204
0.204
0.204
0.205
0.205
0.205
0.205
0.205
0.205
0.205
0.206
0.206
0.206
0.206
0.206
0.206
0.206
0.207
0.208
0.209
0.209
0.209
0.209
0.21
0.21
0.211
0.211
0.211
0.212
0.213
0.213
0.213
0.214
0.214
0.215
0.215
0.215
0.216
0.216
0.217
0.217
0.217
0.218
0.218
0.218
0.218
0.218
0.218
0.219
0.219
0.22
0.221
0.222
0.223
0.224
0.224
0.224
0.225
0.225
0.225
0.225
0.226
0.226
0.226
0.226
0.227
0.227
0.228
0.228
0.228
0.228
0.228
0.229
0.23
0.231
0.231
0.232
0.232
0.232
0.234
0.234
0.235
0.236
0.236
0.236
0.239
0.239
0.239
0.242
0.242
0.243
0.243
0.244
0.244
0.245
0.245
0.246
0.248
0.248
0.249
0.249
0.25
0.25
0.253
0.253
0.253
0.253
0.254
0.254
0.255
0.259
0.26
0.261
0.261
0.263
0.265
0.265
0.266
0.267
0.268
0.268
0.27
0.27
0.27
0.27
0.273
0.273
0.275
0.275
0.276
0.278
0.278
0.279
0.279
0.28
0.281
0.282
0.283
0.284
0.285
0.285
0.287
0.288
0.288
0.29
0.29
0.29
0.291
0.291
0.291
0.293
0.296
0.299
0.3
0.3
0.3
0.303
0.303
0.304
0.304
0.305
0.309
0.309
0.311
0.313
0.313
0.313
0.314
0.314
0.315
0.317
0.318
0.319
0.319
0.32
0.324
0.33
0.331
0.331
0.334
0.334
0.334
0.335
0.335
0.34
0.34
0.34
0.341
0.343
0.346
0.347
0.348
0.352
0.354
0.357
0.359
0.362
0.365
0.372
0.374
0.375
0.379
0.382
0.383
0.384
0.387
0.39
0.397
0.397
0.398
0.4
0.401
0.402
0.402
0.402
0.404
0.405
0.407
0.407
0.409
0.417
0.42
0.423
0.426
0.426
0.432
0.434
0.436
0.439
0.44
0.445
0.452
0.453
0.456
0.458
0.46
0.46
0.464
0.472
0.481
0.497
0.498
0.499
0.502
0.515
0.515
0.527
0.536
0.541
0.545
0.546
0.56
0.58
0.584
0.594
0.613
0.627
0.635
0.653
0.675
0.678
0.691
0.701
0.704
0.738
0.792
0.13
0.13
0.13
0.13
0.131
0.131
0.131
0.131
0.131
0.131
0.131
0.131
0.131
0.131
0.131
0.131
0.131
0.131
0.131
0.131
0.131
0.131
0.131
0.131
0.132
0.132
0.132
0.132
0.132
0.132
0.132
0.132
0.132
0.132
0.132
0.132
0.132
0.132
0.132
0.132
0.132
0.132
0.132
0.132
0.132
0.132
0.132
0.132
0.132
0.132
0.132
0.132
0.132
0.133
0.133
0.133
0.133
0.133
0.133
0.133
0.133
0.133
0.133
0.133
0.133
0.133
0.133
0.133
0.133
0.133
0.133
0.133
0.133
0.133
0.133
0.133
0.133
0.134
0.134
0.134
0.134
0.134
0.134
0.134
0.134
0.134
0.134
0.134
0.134
0.134
0.134
0.134
0.134
0.134
0.134
0.134
0.134
0.134
0.134
0.134
0.134
0.134
0.134
0.134
0.135
0.135
0.135
0.135
0.135
0.135
0.135
0.135
0.135
0.135
0.135
0.135
0.135
0.135
0.135
0.135
0.135
0.135
0.135
0.135
0.135
0.135
0.135
0.135
0.135
0.135
0.135
0.135
0.135
0.135
0.135
0.135
0.135
0.136
0.136
0.136
0.136
0.136
0.136
0.136
0.136
0.136
0.136
0.136
0.136
0.136
0.136
0.136
0.136
0.136
0.136
0.136
0.136
0.136
0.136
0.136
0.137
0.137
0.137
0.137
0.137
0.137
0.137
0.137
0.137
0.137
0.137
0.137
0.137
0.137
0.137
0.137
0.137
0.137
0.137
0.137
0.137
0.137
0.137
0.137
0.137
0.137
0.137
0.137
0.137
0.137
0.137
0.137
0.137
0.137
0.138
0.138
0.138
0.138
0.138
0.138
0.138
0.138
0.138
0.138
0.138
0.138
0.138
0.138
0.138
0.138
0.138
0.138
0.138
0.138
0.138
0.138
0.138
0.138
0.138
0.138
0.138
0.138
0.138
0.138
0.138
0.138
0.138
0.138
0.139
0.139
0.139
0.139
0.139
0.139
0.139
0.139
0.139
0.139
0.139
0.139
0.139
0.139
0.139
0.139
0.139
0.139
0.139
0.14
0.14
0.14
0.14
0.14
0.14
0.14
0.14
0.14
0.14
0.14
0.14
0.14
0.14
0.14
0.141
0.141
0.141
0.141
0.141
0.141
0.141
0.141
0.141
0.141
0.141
0.141
0.141
0.141
0.141
0.141
0.141
0.142
0.142
0.142
0.142
0.142
0.142
0.142
0.142
0.142
0.142
0.142
0.142
0.142
0.142
0.142
0.142
0.142
0.143
0.143
0.143
0.143
0.143
0.143
0.143
0.143
0.143
0.143
0.143
0.143
0.143
0.143
0.143
0.143
0.143
0.143
0.144
0.144
0.144
0.144
0.144
0.144
0.144
0.144
0.144
0.144
0.144
0.144
0.144
0.144
0.144
0.144
0.144
0.144
0.144
0.144
0.144
0.145
0.145
0.145
0.145
0.145
0.145
0.145
0.145
0.145
0.145
0.145
0.145
0.145
0.145
0.146
0.146
0.146
0.146
0.146
0.146
0.146
0.146
0.146
0.146
0.146
0.146
0.146
0.146
0.146
0.146
0.146
0.146
0.146
0.146
0.146
0.146
0.146
0.147
0.147
0.147
0.147
0.147
0.147
0.147
0.147
0.147
0.147
0.147
0.147
0.147
0.147
0.148
0.148
0.148
0.148
0.148
0.148
0.148
0.148
0.148
0.148
0.149
0.149
0.149
0.149
0.149
0.149
0.149
0.149
0.149
0.149
0.149
0.149
0.149
0.149
0.149
0.15
0.15
0.15
0.15
0.15
0.15
0.15
0.15
0.15
0.15
0.15
0.15
0.15
0.151
0.151
0.151
0.151
0.151
0.151
0.151
0.151
0.151
0.151
0.151
0.151
0.151
0.152
0.152
0.152
0.152
0.152
0.152
0.152
0.152
0.152
0.152
0.153
0.153
0.153
0.153
0.153
0.153
0.153
0.153
0.153
0.153
0.154
0.154
0.154
0.154
0.154
0.154
0.154
0.154
0.154
0.154
0.154
0.155
0.155
0.155
0.155
0.155
0.155
0.155
0.155
0.155
0.155
0.156
0.156
0.156
0.156
0.156
0.157
0.157
0.157
0.157
0.157
0.157
0.157
0.157
0.157
0.158
0.158
0.158
0.158
0.158
0.158
0.158
0.158
0.158
0.158
0.158
0.158
0.159
0.159
0.159
0.159
0.159
0.159
0.159
0.159
0.159
0.16
0.16
0.16
0.16
0.16
0.16
0.16
0.16
0.161
0.161
0.161
0.161
0.161
0.161
0.161
0.161
0.162
0.162
0.162
0.162
0.162
0.162
0.162
0.162
0.163
0.163
0.163
0.163
0.163
0.163
0.164
0.164
0.164
0.164
0.164
0.164
0.164
0.164
0.164
0.165
0.165
0.165
0.165
0.165
0.165
0.165
0.166
0.166
0.166
0.166
0.166
0.166
0.166
0.166
0.167
0.167
0.167
0.167
0.167
0.167
0.167
0.167
0.167
0.167
0.167
0.167
0.167
0.167
0.167
0.168
0.168
0.168
0.169
0.169
0.169
0.169
0.169
0.169
0.169
0.169
0.169
0.17
0.17
0.17
0.17
0.17
0.17
0.17
0.17
0.17
0.171
0.171
0.171
0.171
0.171
0.171
0.171
0.171
0.171
0.172
0.172
0.172
0.172
0.172
0.172
0.172
0.172
0.172
0.173
0.173
0.173
0.173
0.173
0.173
0.173
0.173
0.173
0.173
0.173
0.174
0.174
0.174
0.174
0.175
0.175
0.175
0.175
0.175
0.176
0.176
0.176
0.176
0.177
0.177
0.177
0.177
0.177
0.178
0.178
0.178
0.178
0.178
0.178
0.179
0.179
0.179
0.179
0.179
0.179
0.179
0.179
0.18
0.18
0.18
0.181
0.181
0.181
0.182
0.182
0.182
0.182
0.182
0.182
0.182
0.183
0.183
0.183
0.183
0.183
0.184
0.184
0.184
0.184
0.185
0.185
0.185
0.185
0.185
0.186
0.187
0.187
0.187
0.188
0.188
0.188
0.189
0.189
0.19
0.19
0.19
0.19
0.192
0.192
0.192
0.192
0.192
0.193
0.193
0.193
0.193
0.193
0.194
0.194
0.194
0.194
0.194
0.195
0.195
0.195
0.195
0.196
0.196
0.196
0.196
0.197
0.197
0.197
0.198
0.198
0.199
0.199
0.199
0.2
0.2
0.2
0.2
0.2
0.201
0.201
0.202
0.202
0.202
0.203
0.203
0.203
0.204
0.204
0.204
0.205
0.206
0.206
0.207
0.207
0.208
0.208
0.208
0.208
0.209
0.209
0.209
0.209
0.21
0.21
0.211
0.211
0.211
0.212
0.212
0.212
0.213
0.213
0.213
0.214
0.214
0.215
0.215
0.215
0.215
0.215
0.216
0.216
0.217
0.217
0.217
0.218
0.218
0.22
0.22
0.22
0.22
0.22
0.221
0.221
0.221
0.222
0.223
0.224
0.224
0.225
0.225
0.226
0.226
0.226
0.227
0.228
0.228
0.228
0.229
0.23
0.23
0.23
0.23
0.231
0.231
0.231
0.232
0.232
0.232
0.233
0.233
0.233
0.234
0.234
0.234
0.234
0.235
0.235
0.236
0.237
0.238
0.239
0.24
0.24
0.241
0.241
0.241
0.242
0.242
0.244
0.245
0.245
0.246
0.246
0.247
0.247
0.248
0.248
0.248
0.248
0.248
0.248
0.249
0.25
0.25
0.25
0.25
0.252
0.252
0.253
0.253
0.255
0.255
0.256
0.256
0.257
0.258
0.258
0.259
0.259
0.26
0.26
0.262
0.263
0.265
0.265
0.267
0.268
0.269
0.269
0.269
0.269
0.271
0.273
0.275
0.277
0.278
0.281
0.281
0.282
0.282
0.283
0.283
0.285
0.288
0.291
0.291
0.293
0.294
0.295
0.297
0.297
0.299
0.3
0.301
0.302
0.303
0.303
0.303
0.304
0.305
0.307
0.308
0.309
0.31
0.311
0.312
0.312
0.316
0.32
0.321
0.323
0.327
0.329
0.329
0.33
0.331
0.331
0.332
0.332
0.332
0.333
0.333
0.333
0.336
0.336
0.339
0.339
0.34
0.343
0.345
0.345
0.346
0.347
0.347
0.351
0.353
0.353
0.355
0.358
0.358
0.359
0.361
0.364
0.365
0.368
0.369
0.371
0.371
0.376
0.377
0.379
0.385
0.386
0.394
0.396
0.399
0.401
0.409
0.415
0.417
0.418
0.424
0.426
0.427
0.428
0.431
0.451
0.464
0.471
0.473
0.482
0.503
0.507
0.508
0.525
0.531
0.533
0.535
0.539
0.557
0.571
0.579
0.598
0.619
0.62
0.654
0.729
0.13
0.131
0.131
0.131
0.131
0.131
0.131
0.131
0.131
0.131
0.131
0.131
0.131
0.131
0.131
0.131
0.131
0.131
0.131
0.131
0.131
0.132
0.132
0.132
0.132
0.132
0.132
0.132
0.132
0.132
0.132
0.132
0.132
0.132
0.132
0.132
0.132
0.132
0.132
0.132
0.132
0.132
0.132
0.132
0.133
0.133
0.133
0.133
0.133
0.133
0.133
0.133
0.133
0.133
0.133
0.133
0.133
0.133
0.133
0.133
0.133
0.133
0.133
0.133
0.133
0.133
0.133
0.133
0.134
0.134
0.134
0.134
0.134
0.134
0.134
0.134
0.134
0.134
0.134
0.134
0.134
0.134
0.134
0.134
0.134
0.134
0.134
0.134
0.134
0.134
0.134
0.134
0.134
0.134
0.134
0.134
0.134
0.134
0.134
0.135
0.135
0.135
0.135
0.135
0.135
0.135
0.135
0.135
0.135
0.135
0.135
0.135
0.135
0.135
0.135
0.135
0.135
0.135
0.135
0.135
0.135
0.135
0.135
0.135
0.135
0.135
0.136
0.136
0.136
0.136
0.136
0.136
0.136
0.136
0.136
0.136
0.136
0.136
0.136
0.136
0.136
0.136
0.136
0.136
0.136
0.136
0.136
0.136
0.136
0.137
0.137
0.137
0.137
0.137
0.137
0.137
0.137
0.137
0.137
0.137
0.137
0.137
0.137
0.137
0.137
0.137
0.137
0.137
0.138
0.138
0.138
0.138
0.138
0.138
0.138
0.138
0.138
0.138
0.138
0.138
0.138
0.138
0.138
0.138
0.138
0.138
0.138
0.138
0.139
0.139
0.139
0.139
0.139
0.139
0.139
0.139
0.139
0.139
0.139
0.139
0.139
0.139
0.139
0.14
0.14
0.14
0.14
0.14
0.14
0.14
0.14
0.14
0.14
0.14
0.141
0.141
0.141
0.141
0.141
0.141
0.141
0.141
0.141
0.141
0.141
0.141
0.141
0.141
0.141
0.141
0.141
0.141
0.141
0.141
0.141
0.141
0.141
0.141
0.141
0.142
0.142
0.142
0.142
0.142
0.142
0.142
0.142
0.142
0.142
0.142
0.142
0.142
0.142
0.143
0.143
0.143
0.143
0.143
0.143
0.143
0.143
0.143
0.143
0.143
0.143
0.143
0.143
0.143
0.143
0.143
0.143
0.143
0.144
0.144
0.144
0.144
0.144
0.144
0.144
0.144
0.144
0.144
0.144
0.144
0.144
0.144
0.145
0.145
0.145
0.145
0.145
0.145
0.145
0.145
0.146
0.146
0.146
0.146
0.146
0.146
0.146
0.146
0.146
0.146
0.146
0.146
0.146
0.146
0.146
0.146
0.146
0.146
0.146
0.146
0.147
0.147
0.147
0.147
0.147
0.147
0.147
0.147
0.147
0.147
0.147
0.147
0.147
0.147
0.147
0.147
0.147
0.148
0.148
0.148
0.148
0.148
0.148
0.148
0.148
0.148
0.148
0.148
0.148
0.148
0.148
0.148
0.148
0.148
0.148
0.148
0.148
0.148
0.148
0.149
0.149
0.149
0.149
0.149
0.149
0.149
0.149
0.15
0.15
0.15
0.15
0.15
0.15
0.15
0.15
0.15
0.15
0.15
0.15
0.15
0.151
0.151
0.151
0.151
0.151
0.151
0.151
0.151
0.151
0.151
0.151
0.151
0.151
0.151
0.151
0.151
0.151
0.151
0.151
0.152
0.152
0.152
0.152
0.152
0.152
0.152
0.152
0.152
0.153
0.153
0.153
0.153
0.153
0.153
0.153
0.153
0.153
0.153
0.153
0.153
0.153
0.153
0.153
0.153
0.153
0.154
0.154
0.154
0.154
0.154
0.154
0.154
0.154
0.154
0.154
0.154
0.154
0.154
0.154
0.154
0.155
0.155
0.155
0.155
0.155
0.155
0.155
0.155
0.155
0.155
0.155
0.156
0.156
0.156
0.156
0.156
0.156
0.156
0.157
0.157
0.157
0.157
0.157
0.157
0.157
0.157
0.157
0.157
0.158
0.158
0.158
0.158
0.158
0.158
0.159
0.159
0.159
0.159
0.159
0.159
0.159
0.159
0.159
0.159
0.159
0.16
0.16
0.16
0.16
0.16
0.16
0.16
0.16
0.16
0.16
0.16
0.16
0.16
0.16
0.161
0.161
0.161
0.161
0.161
0.161
0.162
0.162
0.162
0.162
0.162
0.162
0.162
0.163
0.163
0.163
0.163
0.163
0.163
0.163
0.163
0.163
0.164
0.164
0.164
0.164
0.164
0.164
0.164
0.164
0.165
0.165
0.165
0.165
0.165
0.166
0.166
0.166
0.166
0.166
0.166
0.166
0.166
0.166
0.167
0.167
0.167
0.168
0.168
0.168
0.168
0.168
0.168
0.168
0.168
0.169
0.169
0.169
0.169
0.169
0.169
0.169
0.169
0.17
0.17
0.17
0.17
0.17
0.17
0.17
0.17
0.171
0.171
0.172
0.172
0.172
0.172
0.172
0.172
0.172
0.172
0.172
0.173
0.173
0.173
0.173
0.173
0.173
0.174
0.174
0.174
0.174
0.174
0.174
0.174
0.174
0.175
0.175
0.175
0.175
0.175
0.175
0.175
0.175
0.175
0.176
0.176
0.176
0.176
0.176
0.177
0.177
0.177
0.177
0.177
0.177
0.178
0.178
0.178
0.179
0.179
0.179
0.179
0.179
0.179
0.18
0.18
0.18
0.18
0.18
0.18
0.18
0.181
0.181
0.181
0.181
0.181
0.181
0.181
0.182
0.182
0.182
0.182
0.183
0.183
0.183
0.183
0.183
0.184
0.184
0.184
0.184
0.184
0.184
0.184
0.184
0.185
0.185
0.185
0.185
0.185
0.185
0.186
0.186
0.186
0.186
0.187
0.187
0.187
0.187
0.187
0.188
0.188
0.189
0.189
0.189
0.189
0.19
0.19
0.19
0.19
0.19
0.191
0.191
0.191
0.191
0.191
0.191
0.191
0.191
0.191
0.191
0.192
0.192
0.192
0.192
0.192
0.192
0.193
0.193
0.193
0.193
0.193
0.194
0.194
0.194
0.194
0.195
0.195
0.196
0.196
0.196
0.196
0.196
0.196
0.196
0.196
0.196
0.197
0.197
0.197
0.198
0.198
0.198
0.198
0.199
0.199
0.199
0.199
0.2
0.2
0.2
0.201
0.201
0.201
0.201
0.202
0.202
0.202
0.203
0.203
0.203
0.204
0.204
0.204
0.205
0.205
0.205
0.206
0.207
0.207
0.207
0.209
0.209
0.21
0.211
0.211
0.211
0.211
0.212
0.212
0.212
0.212
0.213
0.213
0.214
0.214
0.215
0.215
0.215
0.215
0.216
0.217
0.217
0.217
0.217
0.218
0.218
0.218
0.219
0.219
0.219
0.219
0.22
0.221
0.221
0.221
0.221
0.222
0.222
0.223
0.223
0.223
0.224
0.224
0.224
0.224
0.225
0.226
0.226
0.227
0.227
0.227
0.227
0.228
0.228
0.228
0.229
0.23
0.23
0.23
0.23
0.231
0.232
0.232
0.233
0.233
0.233
0.234
0.235
0.235
0.235
0.235
0.236
0.237
0.237
0.237
0.238
0.238
0.238
0.238
0.239
0.239
0.239
0.24
0.24
0.241
0.242
0.242
0.242
0.243
0.244
0.244
0.244
0.245
0.248
0.25
0.251
0.251
0.251
0.253
0.253
0.253
0.254
0.255
0.256
0.257
0.257
0.258
0.258
0.259
0.26
0.262
0.262
0.262
0.263
0.264
0.264
0.266
0.267
0.267
0.268
0.268
0.269
0.269
0.269
0.27
0.271
0.272
0.272
0.273
0.273
0.274
0.274
0.276
0.276
0.277
0.278
0.282
0.283
0.283
0.287
0.287
0.288
0.289
0.29
0.292
0.292
0.292
0.293
0.293
0.294
0.295
0.295
0.296
0.296
0.297
0.298
0.299
0.3
0.304
0.304
0.306
0.306
0.307
0.308
0.312
0.313
0.314
0.315
0.315
0.316
0.318
0.319
0.321
0.323
0.323
0.327
0.332
0.334
0.338
0.341
0.342
0.345
0.346
0.347
0.348
0.359
0.36
0.36
0.361
0.361
0.361
0.362
0.363
0.366
0.366
0.367
0.371
0.374
0.374
0.379
0.38
0.38
0.383
0.386
0.388
0.396
0.396
0.399
0.4
0.402
0.403
0.404
0.405
0.412
0.42
0.421
0.422
0.425
0.428
0.433
0.434
0.44
0.443
0.448
0.449
0.45
0.45
0.453
0.454
0.459
0.462
0.475
0.477
0.486
0.493
0.494
0.506
0.51
0.511
0.523
0.539
0.541
0.545
0.553
0.567
0.578
0.585
0.604
0.604
0.606
0.611
0.645
0.658
0.671
0.707
0.13
0.131
0.131
0.131
0.131
0.131
0.131
0.131
0.131
0.131
0.131
0.131
0.131
0.131
0.131
0.131
0.131
0.131
0.131
0.131
0.131
0.131
0.131
0.131
0.131
0.131
0.131
0.131
0.132
0.132
0.132
0.132
0.132
0.132
0.132
0.132
0.132
0.132
0.132
0.132
0.132
0.132
0.132
0.132
0.132
0.132
0.132
0.132
0.132
0.132
0.133
0.133
0.133
0.133
0.133
0.133
0.133
0.133
0.133
0.133
0.133
0.133
0.133
0.133
0.133
0.133
0.133
0.133
0.133
0.133
0.133
0.133
0.133
0.133
0.133
0.134
0.134
0.134
0.134
0.134
0.134
0.134
0.134
0.134
0.134
0.134
0.134
0.134
0.134
0.134
0.134
0.134
0.134
0.134
0.134
0.134
0.134
0.134
0.134
0.134
0.134
0.134
0.134
0.134
0.134
0.135
0.135
0.135
0.135
0.135
0.135
0.135
0.135
0.135
0.135
0.135
0.135
0.135
0.135
0.135
0.135
0.135
0.135
0.135
0.135
0.135
0.135
0.135
0.135
0.135
0.135
0.135
0.135
0.136
0.136
0.136
0.136
0.136
0.136
0.136
0.136
0.136
0.136
0.136
0.136
0.136
0.136
0.136
0.136
0.136
0.136
0.136
0.136
0.136
0.136
0.136
0.136
0.137
0.137
0.137
0.137
0.137
0.137
0.137
0.137
0.137
0.137
0.137
0.137
0.137
0.137
0.137
0.137
0.137
0.137
0.137
0.138
0.138
0.138
0.138
0.138
0.138
0.138
0.138
0.138
0.138
0.138
0.138
0.138
0.138
0.138
0.138
0.138
0.138
0.138
0.138
0.138
0.138
0.138
0.138
0.138
0.139
0.139
0.139
0.139
0.139
0.139
0.139
0.139
0.139
0.139
0.139
0.139
0.139
0.139
0.139
0.139
0.139
0.139
0.139
0.139
0.139
0.139
0.14
0.14
0.14
0.14
0.14
0.14
0.14
0.14
0.14
0.14
0.14
0.14
0.14
0.14
0.14
0.14
0.14
0.14
0.14
0.14
0.14
0.14
0.14
0.14
0.14
0.141
0.141
0.141
0.141
0.141
0.141
0.141
0.141
0.141
0.141
0.141
0.141
0.141
0.141
0.141
0.141
0.141
0.141
0.141
0.142
0.142
0.142
0.142
0.142
0.142
0.142
0.142
0.142
0.142
0.142
0.142
0.142
0.142
0.142
0.142
0.142
0.142
0.142
0.142
0.143
0.143
0.143
0.143
0.143
0.143
0.143
0.143
0.143
0.143
0.143
0.143
0.143
0.143
0.144
0.144
0.144
0.144
0.144
0.144
0.144
0.144
0.144
0.144
0.144
0.144
0.144
0.144
0.144
0.144
0.145
0.145
0.145
0.145
0.145
0.145
0.145
0.145
0.145
0.145
0.145
0.145
0.145
0.145
0.145
0.145
0.145
0.145
0.145
0.145
0.145
0.146
0.146
0.146
0.146
0.146
0.146
0.146
0.146
0.146
0.146
0.146
0.146
0.146
0.146
0.146
0.146
0.146
0.146
0.146
0.146
0.146
0.146
0.146
0.146
0.146
0.146
0.146
0.146
0.147
0.147
0.147
0.147
0.147
0.147
0.147
0.147
0.147
0.147
0.147
0.147
0.147
0.147
0.147
0.148
0.148
0.148
0.148
0.148
0.148
0.148
0.148
0.148
0.148
0.148
0.148
0.148
0.149
0.149
0.149
0.149
0.149
0.149
0.149
0.149
0.149
0.15
0.15
0.15
0.15
0.15
0.15
0.15
0.15
0.15
0.15
0.15
0.151
0.151
0.151
0.151
0.151
0.151
0.151
0.151
0.151
0.151
0.152
0.152
0.152
0.152
0.152
0.152
0.152
0.152
0.152
0.152
0.152
0.152
0.153
0.153
0.153
0.153
0.153
0.153
0.153
0.153
0.153
0.153
0.153
0.153
0.153
0.153
0.154
0.154
0.154
0.154
0.154
0.154
0.154
0.154
0.154
0.154
0.154
0.154
0.154
0.154
0.154
0.155
0.155
0.155
0.155
0.155
0.155
0.155
0.155
0.155
0.155
0.155
0.155
0.155
0.155
0.156
0.156
0.156
0.156
0.156
0.156
0.156
0.156
0.156
0.156
0.156
0.157
0.157
0.157
0.157
0.157
0.158
0.158
0.158
0.159
0.159
0.159
0.159
0.159
0.159
0.159
0.159
0.159
0.16
0.16
0.16
0.16
0.16
0.16
0.161
0.161
0.161
0.161
0.162
0.162
0.162
0.162
0.162
0.162
0.162
0.162
0.162
0.162
0.162
0.162
0.163
0.163
0.163
0.163
0.163
0.163
0.163
0.163
0.163
0.163
0.163
0.163
0.163
0.164
0.164
0.164
0.164
0.164
0.164
0.164
0.164
0.164
0.164
0.165
0.165
0.165
0.165
0.165
0.166
0.166
0.166
0.166
0.166
0.166
0.166
0.167
0.167
0.167
0.167
0.167
0.167
0.167
0.167
0.167
0.167
0.167
0.168
0.168
0.168
0.168
0.168
0.168
0.168
0.168
0.168
0.169
0.169
0.169
0.169
0.169
0.169
0.169
0.169
0.17
0.17
0.17
0.17
0.171
0.171
0.171
0.172
0.172
0.172
0.172
0.173
0.173
0.173
0.173
0.173
0.173
0.173
0.173
0.173
0.173
0.173
0.173
0.174
0.174
0.174
0.174
0.174
0.174
0.175
0.175
0.175
0.175
0.175
0.175
0.175
0.175
0.175
0.175
0.175
0.175
0.175
0.175
0.176
0.176
0.176
0.176
0.176
0.177
0.177
0.177
0.177
0.177
0.177
0.178
0.178
0.178
0.178
0.178
0.178
0.178
0.179
0.179
0.179
0.179
0.179
0.18
0.18
0.18
0.181
0.181
0.181
0.181
0.181
0.181
0.182
0.182
0.182
0.182
0.182
0.183
0.183
0.184
0.185
0.185
0.185
0.186
0.186
0.186
0.187
0.187
0.188
0.188
0.188
0.188
0.188
0.188
0.188
0.188
0.189
0.189
0.189
0.189
0.189
0.19
0.191
0.191
0.191
0.191
0.192
0.192
0.192
0.192
0.192
0.193
0.193
0.193
0.194
0.194
0.195
0.195
0.195
0.195
0.195
0.196
0.196
0.196
0.197
0.197
0.197
0.197
0.198
0.198
0.198
0.198
0.198
0.199
0.199
0.199
0.199
0.2
0.201
0.201
0.201
0.201
0.201
0.201
0.202
0.202
0.202
0.203
0.203
0.203
0.204
0.205
0.205
0.205
0.205
0.205
0.205
0.205
0.206
0.206
0.206
0.207
0.207
0.207
0.208
0.208
0.208
0.209
0.209
0.209
0.21
0.211
0.211
0.212
0.212
0.213
0.213
0.213
0.214
0.214
0.214
0.215
0.216
0.216
0.216
0.216
0.216
0.217
0.217
0.217
0.218
0.218
0.218
0.219
0.219
0.22
0.22
0.221
0.221
0.221
0.221
0.221
0.222
0.222
0.223
0.223
0.225
0.225
0.225
0.225
0.226
0.226
0.226
0.227
0.227
0.227
0.228
0.23
0.23
0.231
0.231
0.232
0.232
0.232
0.233
0.233
0.233
0.233
0.234
0.234
0.234
0.235
0.235
0.237
0.238
0.238
0.239
0.239
0.24
0.241
0.241
0.241
0.243
0.243
0.245
0.245
0.246
0.247
0.247
0.248
0.248
0.25
0.25
0.253
0.253
0.254
0.254
0.254
0.255
0.255
0.255
0.255
0.256
0.256
0.256
0.256
0.258
0.259
0.259
0.261
0.262
0.263
0.264
0.264
0.264
0.265
0.265
0.265
0.269
0.269
0.269
0.27
0.27
0.271
0.271
0.271
0.272
0.273
0.273
0.274
0.276
0.276
0.277
0.278
0.278
0.28
0.28
0.284
0.285
0.286
0.287
0.289
0.289
0.291
0.291
0.291
0.294
0.294
0.294
0.297
0.297
0.298
0.299
0.299
0.3
0.3
0.301
0.301
0.303
0.304
0.304
0.307
0.307
0.31
0.311
0.311
0.312
0.315
0.318
0.318
0.321
0.321
0.325
0.325
0.325
0.327
0.329
0.331
0.336
0.339
0.339
0.339
0.344
0.344
0.346
0.348
0.352
0.353
0.361
0.361
0.366
0.367
0.375
0.379
0.38
0.387
0.387
0.396
0.397
0.4
0.404
0.409
0.411
0.412
0.414
0.415
0.415
0.422
0.425
0.425
0.425
0.427
0.429
0.433
0.434
0.444
0.452
0.456
0.459
0.467
0.473
0.479
0.48
0.485
0.487
0.494
0.506
0.519
0.533
0.533
0.539
0.546
0.582
0.6
0.612
0.627
0.63
0.656
0.656
0.664
0.666
0.714
0.778
0.861
0.87
0.13
0.13
0.13
0.13
0.13
0.13
0.13
0.13
0.131
0.131
0.131
0.131
0.131
0.131
0.131
0.131
0.131
0.131
0.131
0.131
0.131
0.131
0.131
0.131
0.131
0.131
0.132
0.132
0.132
0.132
0.132
0.132
0.132
0.132
0.132
0.132
0.132
0.132
0.132
0.132
0.132
0.132
0.132
0.132
0.132
0.132
0.132
0.132
0.132
0.132
0.132
0.132
0.132
0.132
0.132
0.132
0.133
0.133
0.133
0.133
0.133
0.133
0.133
0.133
0.133
0.133
0.133
0.133
0.133
0.133
0.133
0.133
0.133
0.133
0.133
0.134
0.134
0.134
0.134
0.134
0.134
0.134
0.134
0.134
0.134
0.134
0.134
0.134
0.134
0.134
0.134
0.134
0.134
0.134
0.134
0.134
0.135
0.135
0.135
0.135
0.135
0.135
0.135
0.135
0.135
0.135
0.135
0.135
0.135
0.135
0.135
0.135
0.135
0.135
0.135
0.135
0.135
0.135
0.136
0.136
0.136
0.136
0.136
0.136
0.136
0.136
0.136
0.136
0.136
0.136
0.136
0.136
0.136
0.136
0.136
0.136
0.136
0.136
0.136
0.136
0.136
0.136
0.136
0.136
0.137
0.137
0.137
0.137
0.137
0.137
0.137
0.137
0.137
0.137
0.137
0.137
0.137
0.137
0.137
0.137
0.137
0.137
0.137
0.137
0.137
0.137
0.137
0.137
0.138
0.138
0.138
0.138
0.138
0.138
0.138
0.138
0.138
0.138
0.138
0.138
0.138
0.138
0.138
0.138
0.138
0.138
0.138
0.138
0.138
0.138
0.138
0.138
0.138
0.139
0.139
0.139
0.139
0.139
0.139
0.139
0.139
0.139
0.139
0.139
0.139
0.139
0.139
0.139
0.139
0.139
0.139
0.139
0.14
0.14
0.14
0.14
0.14
0.14
0.14
0.14
0.14
0.14
0.14
0.14
0.14
0.14
0.14
0.14
0.14
0.141
0.141
0.141
0.141
0.141
0.141
0.141
0.141
0.141
0.141
0.141
0.141
0.141
0.141
0.141
0.141
0.141
0.141
0.141
0.141
0.141
0.141
0.141
0.141
0.141
0.141
0.141
0.141
0.142
0.142
0.142
0.142
0.142
0.142
0.142
0.142
0.142
0.142
0.142
0.142
0.142
0.142
0.142
0.142
0.142
0.142
0.142
0.143
0.143
0.143
0.143
0.143
0.143
0.143
0.143
0.143
0.143
0.143
0.143
0.143
0.143
0.143
0.143
0.143
0.143
0.143
0.143
0.143
0.144
0.144
0.144
0.144
0.144
0.144
0.144
0.144
0.144
0.144
0.144
0.144
0.144
0.144
0.144
0.144
0.145
0.145
0.145
0.145
0.145
0.145
0.145
0.145
0.145
0.145
0.145
0.145
0.145
0.145
0.146
0.146
0.146
0.146
0.146
0.146
0.146
0.146
0.146
0.146
0.146
0.146
0.146
0.146
0.146
0.146
0.146
0.147
0.147
0.147
0.147
0.147
0.147
0.147
0.147
0.147
0.147
0.147
0.147
0.147
0.148
0.148
0.148
0.148
0.148
0.148
0.148
0.148
0.148
0.148
0.149
0.149
0.149
0.149
0.149
0.15
0.15
0.15
0.15
0.15
0.15
0.15
0.15
0.15
0.15
0.15
0.15
0.15
0.151
0.151
0.151
0.151
0.151
0.151
0.151
0.151
0.151
0.151
0.151
0.151
0.151
0.151
0.151
0.151
0.151
0.151
0.152
0.152
0.152
0.152
0.152
0.152
0.152
0.152
0.153
0.153
0.153
0.153
0.153
0.153
0.153
0.153
0.153
0.153
0.153
0.154
0.154
0.154
0.154
0.154
0.154
0.154
0.154
0.154
0.154
0.155
0.155
0.155
0.155
0.155
0.155
0.155
0.155
0.155
0.155
0.155
0.155
0.156
0.156
0.156
0.156
0.156
0.156
0.156
0.157
0.157
0.157
0.157
0.157
0.157
0.157
0.157
0.158
0.158
0.158
0.158
0.158
0.158
0.158
0.158
0.158
0.158
0.158
0.158
0.158
0.159
0.159
0.159
0.159
0.159
0.159
0.159
0.159
0.159
0.159
0.159
0.159
0.16
0.16
0.16
0.16
0.16
0.16
0.16
0.16
0.16
0.161
0.161
0.161
0.161
0.161
0.161
0.161
0.161
0.161
0.161
0.162
0.162
0.162
0.162
0.162
0.162
0.162
0.162
0.162
0.163
0.163
0.163
0.163
0.163
0.163
0.163
0.163
0.163
0.164
0.164
0.164
0.164
0.164
0.164
0.164
0.165
0.165
0.165
0.165
0.165
0.165
0.165
0.166
0.166
0.166
0.166
0.166
0.166
0.166
0.166
0.166
0.166
0.166
0.167
0.167
0.167
0.167
0.167
0.167
0.167
0.168
0.168
0.168
0.168
0.168
0.168
0.168
0.169
0.169
0.169
0.17
0.17
0.17
0.17
0.17
0.171
0.171
0.171
0.171
0.171
0.171
0.171
0.171
0.171
0.172
0.172
0.172
0.172
0.173
0.173
0.173
0.173
0.173
0.173
0.173
0.173
0.174
0.174
0.174
0.174
0.175
0.175
0.175
0.175
0.175
0.176
0.176
0.176
0.176
0.176
0.176
0.177
0.177
0.177
0.177
0.178
0.178
0.178
0.178
0.178
0.178
0.178
0.179
0.179
0.179
0.179
0.179
0.18
0.18
0.18
0.18
0.18
0.18
0.18
0.181
0.181
0.181
0.182
0.182
0.182
0.182
0.182
0.182
0.183
0.183
0.184
0.184
0.184
0.185
0.185
0.185
0.185
0.185
0.185
0.185
0.185
0.186
0.186
0.186
0.187
0.187
0.187
0.187
0.188
0.188
0.188
0.189
0.189
0.189
0.189
0.19
0.191
0.191
0.191
0.191
0.191
0.192
0.192
0.193
0.193
0.194
0.194
0.194
0.194
0.194
0.195
0.196
0.196
0.197
0.197
0.197
0.197
0.197
0.197
0.198
0.198
0.198
0.198
0.198
0.198
0.198
0.199
0.199
0.199
0.199
0.2
0.2
0.201
0.201
0.201
0.201
0.201
0.202
0.202
0.202
0.202
0.203
0.203
0.203
0.204
0.205
0.205
0.205
0.206
0.206
0.206
0.206
0.207
0.207
0.207
0.207
0.208
0.209
0.21
0.21
0.21
0.21
0.211
0.211
0.212
0.212
0.213
0.213
0.213
0.214
0.214
0.215
0.215
0.215
0.216
0.216
0.216
0.216
0.216
0.216
0.217
0.217
0.217
0.218
0.218
0.218
0.218
0.219
0.22
0.222
0.222
0.222
0.223
0.223
0.223
0.223
0.224
0.225
0.225
0.225
0.225
0.226
0.226
0.227
0.227
0.227
0.228
0.228
0.229
0.23
0.23
0.23
0.23
0.23
0.231
0.231
0.232
0.233
0.233
0.233
0.233
0.233
0.233
0.233
0.234
0.234
0.235
0.236
0.237
0.238
0.238
0.238
0.239
0.239
0.239
0.241
0.241
0.241
0.244
0.245
0.245
0.246
0.246
0.247
0.248
0.249
0.25
0.25
0.25
0.251
0.251
0.252
0.253
0.254
0.256
0.256
0.256
0.257
0.258
0.258
0.259
0.259
0.26
0.262
0.262
0.264
0.264
0.264
0.264
0.265
0.265
0.266
0.267
0.267
0.269
0.27
0.271
0.272
0.272
0.273
0.273
0.274
0.274
0.276
0.277
0.278
0.279
0.28
0.28
0.284
0.284
0.285
0.286
0.286
0.287
0.288
0.29
0.291
0.291
0.291
0.291
0.293
0.293
0.293
0.293
0.294
0.294
0.294
0.295
0.296
0.296
0.297
0.297
0.297
0.298
0.299
0.3
0.3
0.3
0.301
0.301
0.302
0.305
0.306
0.307
0.307
0.307
0.308
0.311
0.311
0.312
0.314
0.314
0.316
0.316
0.316
0.317
0.317
0.318
0.32
0.32
0.321
0.324
0.327
0.328
0.329
0.33
0.33
0.331
0.337
0.34
0.341
0.342
0.343
0.345
0.346
0.347
0.349
0.35
0.35
0.351
0.354
0.356
0.358
0.359
0.363
0.365
0.365
0.368
0.371
0.374
0.375
0.375
0.376
0.377
0.38
0.382
0.385
0.388
0.39
0.393
0.399
0.401
0.405
0.405
0.413
0.416
0.422
0.423
0.427
0.43
0.431
0.431
0.437
0.438
0.44
0.44
0.443
0.451
0.454
0.456
0.457
0.461
0.464
0.47
0.471
0.476
0.482
0.486
0.49
0.496
0.503
0.511
0.516
0.521
0.536
0.545
0.556
0.576
0.606
0.607
0.608
0.609
0.613
0.619
0.627
0.633
0.666
0.685
0.7
0.704
0.842
0.13
0.13
0.13
0.13
0.13
0.13
0.131
0.131
0.131
0.131
0.131
0.131
0.131
0.131
0.131
0.131
0.131
0.131
0.131
0.131
0.131
0.131
0.131
0.131
0.131
0.131
0.131
0.131
0.131
0.131
0.131
0.131
0.131
0.132
0.132
0.132
0.132
0.132
0.132
0.132
0.132
0.132
0.132
0.132
0.132
0.132
0.132
0.132
0.132
0.132
0.133
0.133
0.133
0.133
0.133
0.133
0.133
0.133
0.133
0.133
0.133
0.133
0.133
0.133
0.133
0.133
0.133
0.133
0.133
0.133
0.133
0.133
0.133
0.133
0.133
0.133
0.133
0.133
0.133
0.134
0.134
0.134
0.134
0.134
0.134
0.134
0.134
0.134
0.134
0.134
0.134
0.134
0.134
0.134
0.134
0.134
0.134
0.135
0.135
0.135
0.135
0.135
0.135
0.135
0.135
0.135
0.135
0.135
0.135
0.135
0.135
0.135
0.136
0.136
0.136
0.136
0.136
0.136
0.136
0.136
0.136
0.136
0.136
0.136
0.136
0.136
0.136
0.136
0.136
0.136
0.136
0.137
0.137
0.137
0.137
0.137
0.137
0.137
0.137
0.137
0.137
0.137
0.137
0.137
0.137
0.137
0.137
0.137
0.137
0.137
0.137
0.137
0.137
0.137
0.137
0.138
0.138
0.138
0.138
0.138
0.138
0.138
0.138
0.138
0.138
0.138
0.138
0.138
0.138
0.138
0.138
0.138
0.138
0.138
0.138
0.138
0.138
0.139
0.139
0.139
0.139
0.139
0.139
0.139
0.139
0.139
0.139
0.139
0.139
0.139
0.139
0.139
0.139
0.139
0.139
0.139
0.139
0.139
0.139
0.139
0.139
0.139
0.14
0.14
0.14
0.14
0.14
0.14
0.14
0.14
0.14
0.14
0.14
0.14
0.14
0.14
0.14
0.14
0.14
0.14
0.14
0.14
0.14
0.14
0.14
0.14
0.14
0.14
0.14
0.141
0.141
0.141
0.141
0.141
0.141
0.141
0.141
0.141
0.141
0.141
0.141
0.141
0.141
0.141
0.141
0.141
0.142
0.142
0.142
0.142
0.142
0.142
0.142
0.142
0.142
0.142
0.142
0.142
0.142
0.142
0.142
0.142
0.142
0.142
0.142
0.143
0.143
0.143
0.143
0.143
0.143
0.143
0.143
0.143
0.143
0.143
0.143
0.143
0.143
0.143
0.143
0.143
0.143
0.143
0.143
0.143
0.143
0.143
0.143
0.143
0.143
0.143
0.143
0.144
0.144
0.144
0.144
0.144
0.144
0.144
0.144
0.144
0.144
0.144
0.144
0.144
0.144
0.144
0.145
0.145
0.145
0.145
0.145
0.145
0.145
0.145
0.145
0.145
0.145
0.145
0.145
0.145
0.146
0.146
0.146
0.146
0.146
0.146
0.146
0.146
0.146
0.146
0.147
0.147
0.147
0.147
0.147
0.147
0.147
0.147
0.147
0.147
0.147
0.147
0.147
0.148
0.148
0.148
0.148
0.148
0.148
0.148
0.148
0.148
0.148
0.148
0.148
0.149
0.149
0.149
0.149
0.149
0.149
0.149
0.149
0.149
0.149
0.149
0.149
0.149
0.149
0.149
0.15
0.15
0.15
0.15
0.15
0.15
0.15
0.15
0.15
0.15
0.15
0.151
0.151
0.151
0.151
0.151
0.151
0.151
0.151
0.151
0.151
0.151
0.151
0.152
0.152
0.152
0.152
0.152
0.153
0.153
0.153
0.153
0.153
0.153
0.153
0.153
0.153
0.153
0.153
0.154
0.154
0.154
0.154
0.154
0.154
0.154
0.155
0.155
0.155
0.155
0.155
0.155
0.155
0.155
0.155
0.155
0.155
0.156
0.156
0.156
0.156
0.156
0.156
0.156
0.156
0.156
0.156
0.156
0.156
0.156
0.156
0.156
0.156
0.157
0.157
0.157
0.157
0.157
0.157
0.157
0.157
0.157
0.157
0.157
0.157
0.158
0.158
0.158
0.158
0.158
0.158
0.158
0.158
0.158
0.158
0.158
0.158
0.158
0.159
0.159
0.159
0.159
0.159
0.159
0.159
0.159
0.159
0.159
0.159
0.16
0.16
0.16
0.16
0.16
0.16
0.16
0.16
0.16
0.16
0.161
0.161
0.161
0.161
0.161
0.161
0.161
0.161
0.161
0.161
0.162
0.162
0.162
0.162
0.162
0.162
0.162
0.163
0.163
0.163
0.163
0.163
0.163
0.163
0.163
0.163
0.163
0.163
0.163
0.163
0.164
0.164
0.164
0.164
0.164
0.164
0.164
0.164
0.165
0.165
0.165
0.165
0.165
0.165
0.165
0.165
0.165
0.166
0.166
0.166
0.166
0.166
0.166
0.167
0.167
0.167
0.167
0.167
0.167
0.167
0.167
0.167
0.167
0.167
0.168
0.168
0.168
0.168
0.168
0.168
0.168
0.169
0.169
0.169
0.169
0.169
0.169
0.17
0.17
0.17
0.17
0.17
0.17
0.171
0.171
0.171
0.171
0.171
0.172
0.172
0.172
0.172
0.172
0.173
0.173
0.173
0.173
0.173
0.174
0.174
0.174
0.174
0.175
0.175
0.175
0.175
0.176
0.176
0.176
0.176
0.176
0.176
0.177
0.177
0.177
0.177
0.177
0.177
0.177
0.178
0.178
0.178
0.179
0.179
0.179
0.179
0.18
0.18
0.18
0.18
0.18
0.181
0.181
0.181
0.181
0.181
0.181
0.182
0.182
0.183
0.183
0.183
0.183
0.183
0.184
0.184
0.184
0.184
0.185
0.185
0.185
0.185
0.185
0.186
0.186
0.186
0.187
0.187
0.187
0.187
0.187
0.187
0.187
0.188
0.188
0.188
0.188
0.188
0.189
0.189
0.189
0.189
0.189
0.189
0.189
0.19
0.19
0.19
0.19
0.19
0.19
0.191
0.191
0.191
0.192
0.192
0.192
0.192
0.192
0.192
0.192
0.193
0.193
0.193
0.194
0.194
0.195
0.195
0.195
0.195
0.195
0.195
0.195
0.196
0.197
0.197
0.198
0.198
0.198
0.198
0.199
0.199
0.199
0.199
0.199
0.2
0.2
0.2
0.2
0.2
0.2
0.201
0.201
0.202
0.202
0.202
0.202
0.202
0.202
0.202
0.203
0.203
0.203
0.203
0.203
0.203
0.204
0.204
0.204
0.204
0.204
0.205
0.205
0.205
0.205
0.205
0.206
0.207
0.208
0.208
0.209
0.209
0.21
0.21
0.21
0.211
0.212
0.212
0.212
0.212
0.212
0.213
0.213
0.213
0.213
0.213
0.214
0.214
0.215
0.215
0.215
0.215
0.215
0.216
0.216
0.216
0.217
0.217
0.217
0.217
0.218
0.218
0.218
0.219
0.219
0.22
0.22
0.221
0.221
0.221
0.221
0.222
0.222
0.222
0.222
0.222
0.223
0.223
0.223
0.224
0.224
0.224
0.225
0.225
0.225
0.226
0.227
0.227
0.227
0.227
0.228
0.229
0.229
0.229
0.229
0.229
0.23
0.23
0.23
0.231
0.231
0.232
0.233
0.233
0.233
0.233
0.235
0.235
0.235
0.236
0.236
0.237
0.239
0.239
0.239
0.24
0.24
0.242
0.242
0.243
0.243
0.244
0.245
0.246
0.246
0.247
0.248
0.248
0.249
0.249
0.251
0.252
0.252
0.252
0.253
0.253
0.254
0.257
0.257
0.258
0.259
0.259
0.259
0.26
0.263
0.263
0.264
0.264
0.264
0.265
0.266
0.268
0.27
0.27
0.27
0.271
0.272
0.272
0.273
0.273
0.273
0.274
0.274
0.274
0.274
0.276
0.277
0.278
0.278
0.279
0.279
0.28
0.28
0.28
0.283
0.284
0.284
0.284
0.284
0.284
0.285
0.288
0.29
0.29
0.29
0.29
0.29
0.291
0.291
0.291
0.292
0.292
0.294
0.294
0.295
0.296
0.296
0.296
0.298
0.301
0.303
0.303
0.303
0.304
0.306
0.307
0.308
0.308
0.311
0.312
0.313
0.314
0.314
0.314
0.316
0.319
0.319
0.32
0.327
0.332
0.336
0.337
0.341
0.342
0.346
0.349
0.35
0.352
0.353
0.357
0.361
0.365
0.366
0.366
0.368
0.372
0.372
0.376
0.376
0.376
0.379
0.389
0.392
0.394
0.396
0.396
0.399
0.407
0.409
0.415
0.416
0.42
0.42
0.427
0.428
0.435
0.437
0.442
0.444
0.445
0.448
0.45
0.455
0.466
0.468
0.472
0.475
0.485
0.486
0.487
0.491
0.505
0.509
0.514
0.524
0.528
0.543
0.544
0.574
0.587
0.596
0.614
0.628
0.635
0.653
0.692
0.724
0.765
0.766
