0.13
0.13
0.13
0.131
0.131
0.131
0.131
0.131
0.131
0.131
0.131
0.131
0.131
0.131
0.131
0.131
0.131
0.131
0.131
0.131
0.131
0.131
0.131
0.131
0.132
0.132
0.132
0.132
0.132
0.132
0.132
0.132
0.132
0.132
0.132
0.132
0.132
0.132
0.132
0.132
0.132
0.132
0.132
0.132
0.132
0.132
0.132
0.132
0.132
0.132
0.132
0.132
0.132
0.132
0.132
0.132
0.132
0.133
0.133
0.133
0.133
0.133
0.133
0.133
0.133
0.133
0.133
0.133
0.133
0.133
0.133
0.133
0.133
0.133
0.133
0.133
0.133
0.133
0.133
0.133
0.133
0.133
0.133
0.133
0.133
0.133
0.133
0.133
0.133
0.133
0.133
0.133
0.133
0.134
0.134
0.134
0.134
0.134
0.134
0.134
0.134
0.134
0.134
0.134
0.134
0.134
0.134
0.134
0.134
0.134
0.134
0.134
0.134
0.134
0.134
0.134
0.134
0.134
0.134
0.134
0.134
0.134
0.135
0.135
0.135
0.135
0.135
0.135
0.135
0.135
0.135
0.135
0.135
0.135
0.135
0.135
0.135
0.135
0.135
0.135
0.135
0.135
0.135
0.136
0.136
0.136
0.136
0.136
0.136
0.136
0.136
0.136
0.136
0.136
0.136
0.136
0.136
0.136
0.136
0.136
0.136
0.136
0.137
0.137
0.137
0.137
0.137
0.137
0.137
0.137
0.137
0.137
0.137
0.137
0.137
0.137
0.137
0.137
0.137
0.137
0.137
0.137
0.137
0.137
0.137
0.137
0.137
0.137
0.138
0.138
0.138
0.138
0.138
0.138
0.138
0.138
0.138
0.138
0.138
0.138
0.138
0.138
0.138
0.138
0.138
0.138
0.138
0.138
0.138
0.138
0.139
0.139
0.139
0.139
0.139
0.139
0.139
0.139
0.139
0.139
0.139
0.139
0.139
0.139
0.139
0.139
0.139
0.139
0.139
0.139
0.139
0.139
0.139
0.139
0.14
0.14
0.14
0.14
0.14
0.14
0.14
0.14
0.14
0.14
0.14
0.14
0.14
0.14
0.14
0.14
0.141
0.141
0.141
0.141
0.141
0.141
0.141
0.141
0.141
0.141
0.141
0.141
0.141
0.141
0.141
0.141
0.141
0.141
0.141
0.141
0.141
0.141
0.141
0.141
0.141
0.141
0.141
0.142
0.142
0.142
0.142
0.142
0.142
0.142
0.142
0.142
0.142
0.142
0.142
0.142
0.142
0.142
0.142
0.142
0.142
0.142
0.142
0.142
0.142
0.143
0.143
0.143
0.143
0.143
0.143
0.143
0.143
0.143
0.143
0.143
0.143
0.143
0.144
0.144
0.144
0.144
0.144
0.144
0.144
0.144
0.144
0.144
0.144
0.144
0.145
0.145
0.145
0.145
0.145
0.145
0.145
0.145
0.145
0.145
0.145
0.145
0.145
0.145
0.145
0.145
0.146
0.146
0.146
0.146
0.146
0.146
0.146
0.146
0.146
0.146
0.146
0.146
0.147
0.147
0.147
0.147
0.147
0.147
0.147
0.147
0.147
0.147
0.147
0.147
0.147
0.147
0.147
0.147
0.147
0.148
0.148
0.148
0.148
0.148
0.148
0.148
0.148
0.148
0.148
0.148
0.149
0.149
0.149
0.149
0.149
0.149
0.149
0.149
0.149
0.149
0.149
0.149
0.149
0.149
0.149
0.15
0.15
0.15
0.15
0.15
0.15
0.15
0.15
0.15
0.15
0.15
0.15
0.151
0.151
0.151
0.151
0.151
0.151
0.151
0.151
0.151
0.151
0.151
0.151
0.152
0.152
0.152
0.152
0.152
0.152
0.152
0.152
0.153
0.153
0.153
0.153
0.153
0.153
0.154
0.154
0.154
0.154
0.154
0.154
0.154
0.154
0.154
0.154
0.154
0.155
0.155
0.155
0.155
0.155
0.155
0.155
0.155
0.155
0.155
0.155
0.155
0.155
0.155
0.156
0.156
0.156
0.156
0.156
0.156
0.157
0.157
0.157
0.157
0.157
0.157
0.157
0.157
0.157
0.157
0.157
0.158
0.158
0.158
0.158
0.158
0.158
0.158
0.158
0.158
0.158
0.158
0.159
0.159
0.159
0.159
0.159
0.159
0.159
0.159
0.159
0.159
0.159
0.159
0.159
0.159
0.159
0.159
0.159
0.159
0.16
0.16
0.16
0.16
0.16
0.16
0.16
0.161
0.161
0.161
0.161
0.161
0.161
0.161
0.161
0.161
0.161
0.161
0.162
0.162
0.162
0.162
0.162
0.162
0.162
0.162
0.162
0.163
0.163
0.163
0.164
0.164
0.164
0.164
0.164
0.164
0.164
0.165
0.165
0.165
0.165
0.165
0.165
0.165
0.165
0.165
0.166
0.166
0.166
0.166
0.166
0.166
0.166
0.166
0.166
0.167
0.167
0.167
0.167
0.167
0.167
0.168
0.168
0.168
0.168
0.168
0.169
0.169
0.169
0.169
0.169
0.169
0.169
0.169
0.17
0.17
0.17
0.17
0.17
0.171
0.171
0.171
0.171
0.171
0.171
0.171
0.171
0.172
0.172
0.172
0.173
0.173
0.173
0.173
0.173
0.173
0.173
0.173
0.173
0.174
0.174
0.174
0.174
0.174
0.174
0.174
0.175
0.175
0.175
0.175
0.176
0.176
0.176
0.176
0.176
0.177
0.177
0.177
0.177
0.177
0.177
0.178
0.178
0.178
0.178
0.178
0.179
0.179
0.179
0.179
0.179
0.179
0.179
0.18
0.181
0.181
0.181
0.181
0.181
0.181
0.181
0.182
0.182
0.182
0.182
0.183
0.183
0.183
0.183
0.183
0.183
0.184
0.184
0.184
0.184
0.184
0.184
0.184
0.185
0.185
0.185
0.186
0.187
0.187
0.187
0.187
0.187
0.187
0.187
0.188
0.188
0.188
0.188
0.188
0.189
0.189
0.19
0.19
0.19
0.19
0.19
0.191
0.191
0.191
0.191
0.191
0.191
0.192
0.192
0.192
0.193
0.193
0.194
0.194
0.194
0.195
0.195
0.195
0.196
0.196
0.197
0.198
0.198
0.198
0.198
0.199
0.199
0.199
0.199
0.199
0.199
0.199
0.199
0.2
0.201
0.202
0.202
0.202
0.203
0.203
0.203
0.203
0.204
0.204
0.205
0.205
0.206
0.206
0.206
0.206
0.206
0.206
0.206
0.207
0.207
0.207
0.207
0.207
0.207
0.208
0.208
0.209
0.209
0.209
0.209
0.21
0.21
0.211
0.211
0.211
0.212
0.212
0.212
0.212
0.213
0.214
0.214
0.215
0.216
0.216
0.216
0.217
0.217
0.217
0.217
0.217
0.218
0.218
0.219
0.219
0.219
0.22
0.22
0.221
0.221
0.222
0.223
0.223
0.223
0.223
0.223
0.223
0.223
0.224
0.224
0.225
0.225
0.225
0.226
0.227
0.227
0.227
0.228
0.228
0.228
0.228
0.229
0.229
0.229
0.23
0.231
0.231
0.232
0.232
0.233
0.233
0.233
0.234
0.234
0.234
0.234
0.236
0.238
0.238
0.238
0.24
0.24
0.241
0.241
0.241
0.242
0.244
0.244
0.244
0.245
0.246
0.246
0.246
0.247
0.248
0.248
0.249
0.25
0.25
0.251
0.252
0.253
0.253
0.254
0.254
0.255
0.255
0.255
0.256
0.256
0.257
0.258
0.258
0.259
0.259
0.26
0.26
0.261
0.261
0.262
0.262
0.262
0.263
0.264
0.264
0.264
0.265
0.266
0.267
0.268
0.268
0.269
0.269
0.269
0.27
0.27
0.27
0.271
0.271
0.272
0.272
0.272
0.272
0.273
0.273
0.274
0.274
0.276
0.276
0.277
0.277
0.278
0.279
0.279
0.28
0.283
0.284
0.284
0.285
0.286
0.289
0.289
0.292
0.294
0.297
0.298
0.302
0.307
0.307
0.308
0.309
0.31
0.31
0.311
0.312
0.315
0.315
0.315
0.316
0.319
0.319
0.32
0.321
0.327
0.328
0.329
0.33
0.331
0.337
0.34
0.341
0.342
0.344
0.346
0.347
0.348
0.352
0.353
0.356
0.357
0.362
0.363
0.364
0.364
0.364
0.366
0.367
0.368
0.371
0.377
0.38
0.386
0.386
0.387
0.391
0.394
0.397
0.399
0.402
0.402
0.403
0.405
0.407
0.408
0.408
0.41
0.411
0.419
0.42
0.422
0.422
0.431
0.444
0.45
0.456
0.457
0.458
0.465
0.474
0.475
0.48
0.484
0.505
0.519
0.52
0.531
0.536
0.56
0.563
0.563
0.575
0.591
0.61
0.61
0.616
0.618
0.629
0.647
0.657
0.672
0.692
0.13
0.13
0.13
0.13
0.131
0.131
0.131
0.131
0.131
0.131
0.131
0.131
0.131
0.131
0.131
0.131
0.131
0.131
0.131
0.131
0.131
0.131
0.131
0.131
0.131
0.131
0.131
0.131
0.131
0.131
0.131
0.131
0.131
0.131
0.132
0.132
0.132
0.132
0.132
0.132
0.132
0.132
0.132
0.132
0.132
0.132
0.132
0.132
0.132
0.132
0.132
0.132
0.132
0.132
0.132
0.132
0.132
0.132
0.132
0.132
0.132
0.132
0.132
0.133
0.133
0.133
0.133
0.133
0.133
0.133
0.133
0.133
0.133
0.133
0.133
0.133
0.133
0.133
0.133
0.133
0.133
0.133
0.133
0.133
0.133
0.133
0.133
0.133
0.133
0.133
0.133
0.133
0.133
0.133
0.133
0.134
0.134
0.134
0.134
0.134
0.134
0.134
0.134
0.134
0.134
0.134
0.134
0.134
0.134
0.134
0.134
0.134
0.134
0.135
0.135
0.135
0.135
0.135
0.135
0.135
0.135
0.135
0.135
0.135
0.135
0.135
0.135
0.135
0.135
0.135
0.135
0.136
0.136
0.136
0.136
0.136
0.136
0.136
0.136
0.136
0.136
0.136
0.136
0.136
0.136
0.136
0.136
0.136
0.136
0.136
0.136
0.136
0.136
0.136
0.136
0.136
0.136
0.136
0.136
0.136
0.136
0.136
0.136
0.136
0.136
0.137
0.137
0.137
0.137
0.137
0.137
0.137
0.137
0.137
0.137
0.137
0.137
0.137
0.137
0.137
0.137
0.137
0.137
0.137
0.137
0.137
0.137
0.137
0.137
0.137
0.138
0.138
0.138
0.138
0.138
0.138
0.138
0.138
0.138
0.138
0.138
0.138
0.138
0.138
0.138
0.138
0.138
0.138
0.138
0.138
0.138
0.139
0.139
0.139
0.139
0.139
0.139
0.139
0.139
0.139
0.139
0.139
0.139
0.139
0.139
0.139
0.139
0.139
0.139
0.139
0.139
0.139
0.139
0.139
0.139
0.139
0.139
0.139
0.14
0.14
0.14
0.14
0.14
0.14
0.14
0.14
0.14
0.14
0.14
0.14
0.14
0.14
0.14
0.14
0.14
0.14
0.14
0.14
0.141
0.141
0.141
0.141
0.141
0.141
0.141
0.141
0.141
0.141
0.141
0.141
0.141
0.141
0.141
0.141
0.141
0.141
0.141
0.141
0.141
0.141
0.142
0.142
0.142
0.142
0.142
0.142
0.142
0.142
0.143
0.143
0.143
0.143
0.143
0.143
0.143
0.143
0.143
0.143
0.143
0.143
0.143
0.143
0.143
0.143
0.143
0.143
0.143
0.143
0.143
0.143
0.143
0.143
0.143
0.143
0.144
0.144
0.144
0.144
0.144
0.144
0.144
0.144
0.144
0.144
0.144
0.144
0.144
0.144
0.144
0.144
0.144
0.145
0.145
0.145
0.145
0.145
0.145
0.145
0.145
0.145
0.145
0.145
0.145
0.145
0.145
0.145
0.145
0.145
0.145
0.145
0.145
0.145
0.146
0.146
0.146
0.146
0.146
0.146
0.146
0.146
0.146
0.146
0.146
0.147
0.147
0.147
0.147
0.147
0.147
0.147
0.147
0.147
0.147
0.147
0.147
0.147
0.147
0.147
0.148
0.148
0.148
0.148
0.148
0.148
0.148
0.148
0.148
0.148
0.148
0.149
0.149
0.149
0.149
0.149
0.149
0.149
0.149
0.149
0.149
0.15
0.15
0.15
0.15
0.15
0.15
0.15
0.15
0.15
0.15
0.15
0.15
0.151
0.151
0.151
0.151
0.151
0.151
0.151
0.151
0.151
0.151
0.151
0.151
0.151
0.151
0.151
0.152
0.152
0.152
0.152
0.152
0.152
0.152
0.152
0.152
0.152
0.152
0.152
0.152
0.153
0.153
0.153
0.153
0.153
0.153
0.153
0.153
0.153
0.153
0.153
0.153
0.154
0.154
0.154
0.154
0.154
0.154
0.154
0.154
0.154
0.155
0.155
0.155
0.155
0.155
0.155
0.155
0.155
0.156
0.156
0.156
0.156
0.156
0.156
0.156
0.157
0.157
0.157
0.157
0.157
0.157
0.157
0.157
0.157
0.158
0.158
0.158
0.158
0.158
0.158
0.158
0.158
0.159
0.159
0.159
0.159
0.159
0.159
0.159
0.16
0.16
0.16
0.16
0.16
0.16
0.16
0.16
0.161
0.161
0.161
0.161
0.161
0.161
0.161
0.161
0.162
0.162
0.162
0.162
0.162
0.163
0.163
0.163
0.163
0.163
0.163
0.163
0.163
0.163
0.163
0.163
0.163
0.163
0.163
0.163
0.164
0.164
0.164
0.164
0.164
0.164
0.164
0.165
0.165
0.165
0.165
0.165
0.165
0.165
0.165
0.165
0.165
0.166
0.166
0.166
0.166
0.166
0.166
0.166
0.166
0.167
0.167
0.167
0.167
0.167
0.167
0.168
0.168
0.168
0.168
0.168
0.168
0.168
0.168
0.169
0.169
0.169
0.169
0.169
0.169
0.169
0.169
0.169
0.169
0.169
0.169
0.17
0.17
0.17
0.17
0.17
0.171
0.171
0.171
0.171
0.171
0.172
0.172
0.172
0.172
0.172
0.172
0.172
0.172
0.173
0.173
0.173
0.173
0.173
0.174
0.175
0.175
0.175
0.175
0.175
0.176
0.176
0.176
0.176
0.176
0.176
0.177
0.177
0.177
0.178
0.178
0.178
0.178
0.179
0.179
0.179
0.179
0.18
0.18
0.181
0.181
0.181
0.181
0.181
0.181
0.182
0.182
0.182
0.183
0.183
0.183
0.183
0.183
0.183
0.183
0.183
0.183
0.183
0.184
0.184
0.184
0.185
0.185
0.185
0.185
0.185
0.186
0.186
0.186
0.186
0.187
0.187
0.187
0.187
0.187
0.187
0.187
0.187
0.187
0.187
0.187
0.188
0.189
0.189
0.189
0.189
0.189
0.19
0.191
0.192
0.192
0.192
0.192
0.192
0.193
0.193
0.193
0.193
0.194
0.194
0.194
0.195
0.195
0.195
0.195
0.195
0.196
0.196
0.196
0.197
0.197
0.197
0.197
0.197
0.197
0.197
0.197
0.198
0.198
0.198
0.199
0.199
0.199
0.199
0.199
0.199
0.199
0.199
0.2
0.2
0.2
0.201
0.201
0.201
0.201
0.201
0.201
0.202
0.202
0.202
0.203
0.203
0.203
0.203
0.203
0.204
0.204
0.204
0.204
0.204
0.204
0.204
0.205
0.205
0.205
0.206
0.206
0.207
0.207
0.208
0.208
0.209
0.209
0.209
0.209
0.21
0.21
0.211
0.211
0.212
0.212
0.212
0.212
0.212
0.213
0.213
0.213
0.213
0.213
0.214
0.214
0.214
0.216
0.216
0.217
0.217
0.217
0.218
0.218
0.218
0.219
0.22
0.221
0.222
0.223
0.223
0.223
0.224
0.226
0.226
0.226
0.226
0.226
0.226
0.227
0.227
0.227
0.228
0.228
0.228
0.229
0.23
0.231
0.231
0.232
0.233
0.233
0.236
0.237
0.237
0.237
0.237
0.238
0.238
0.238
0.239
0.239
0.239
0.239
0.24
0.241
0.241
0.241
0.243
0.245
0.246
0.246
0.247
0.247
0.248
0.248
0.249
0.249
0.249
0.25
0.251
0.253
0.253
0.254
0.254
0.256
0.258
0.258
0.259
0.259
0.26
0.261
0.261
0.263
0.265
0.265
0.265
0.265
0.266
0.268
0.268
0.269
0.27
0.271
0.271
0.272
0.273
0.274
0.274
0.274
0.275
0.276
0.276
0.277
0.278
0.279
0.28
0.28
0.28
0.281
0.283
0.283
0.284
0.284
0.285
0.286
0.286
0.287
0.287
0.289
0.289
0.29
0.291
0.291
0.291
0.291
0.291
0.293
0.294
0.295
0.296
0.297
0.3
0.3
0.301
0.303
0.303
0.303
0.306
0.306
0.307
0.307
0.307
0.308
0.309
0.311
0.314
0.315
0.316
0.317
0.32
0.321
0.323
0.324
0.329
0.334
0.335
0.335
0.336
0.339
0.34
0.34
0.341
0.342
0.344
0.346
0.354
0.357
0.357
0.357
0.359
0.366
0.373
0.375
0.376
0.383
0.384
0.384
0.385
0.385
0.387
0.389
0.391
0.392
0.393
0.401
0.402
0.404
0.407
0.41
0.412
0.413
0.424
0.427
0.428
0.433
0.434
0.438
0.44
0.459
0.46
0.464
0.469
0.469
0.471
0.473
0.473
0.48
0.484
0.491
0.5
0.505
0.514
0.521
0.526
0.531
0.534
0.558
0.562
0.573
0.579
0.585
0.597
0.628
0.638
0.671
0.782
0.801
0.834
0.887
0.13
0.13
0.131
0.131
0.131
0.131
0.131
0.131
0.131
0.131
0.131
0.131
0.131
0.131
0.131
0.131
0.131
0.131
0.131
0.131
0.131
0.131
0.132
0.132
0.132
0.132
0.132
0.132
0.132
0.132
0.132
0.132
0.132
0.132
0.132
0.132
0.132
0.132
0.132
0.133
0.133
0.133
0.133
0.133
0.133
0.133
0.133
0.133
0.133
0.133
0.133
0.133
0.133
0.133
0.133
0.133
0.133
0.133
0.133
0.133
0.133
0.133
0.134
0.134
0.134
0.134
0.134
0.134
0.134
0.134
0.134
0.134
0.134
0.134
0.134
0.134
0.134
0.134
0.134
0.134
0.134
0.134
0.134
0.134
0.135
0.135
0.135
0.135
0.135
0.135
0.135
0.135
0.135
0.135
0.135
0.135
0.135
0.135
0.135
0.135
0.135
0.135
0.135
0.135
0.136
0.136
0.136
0.136
0.136
0.136
0.136
0.136
0.136
0.136
0.136
0.136
0.136
0.136
0.136
0.136
0.136
0.136
0.137
0.137
0.137
0.137
0.137
0.137
0.137
0.137
0.137
0.137
0.137
0.137
0.137
0.137
0.137
0.137
0.137
0.137
0.137
0.137
0.137
0.137
0.138
0.138
0.138
0.138
0.138
0.138
0.138
0.138
0.138
0.138
0.138
0.138
0.138
0.138
0.138
0.138
0.138
0.138
0.138
0.138
0.138
0.138
0.138
0.138
0.138
0.139
0.139
0.139
0.139
0.139
0.139
0.139
0.139
0.139
0.139
0.139
0.139
0.139
0.139
0.139
0.139
0.139
0.139
0.139
0.139
0.139
0.139
0.14
0.14
0.14
0.14
0.14
0.14
0.14
0.14
0.14
0.14
0.14
0.14
0.14
0.14
0.14
0.14
0.14
0.14
0.14
0.14
0.14
0.14
0.14
0.14
0.14
0.14
0.14
0.14
0.14
0.14
0.14
0.14
0.141
0.141
0.141
0.141
0.141
0.141
0.141
0.141
0.141
0.141
0.141
0.141
0.142
0.142
0.142
0.142
0.142
0.142
0.142
0.142
0.142
0.142
0.142
0.142
0.142
0.142
0.142
0.142
0.142
0.142
0.142
0.142
0.142
0.142
0.142
0.143
0.143
0.143
0.143
0.143
0.143
0.143
0.143
0.143
0.143
0.143
0.143
0.143
0.143
0.143
0.143
0.143
0.143
0.143
0.143
0.143
0.143
0.143
0.143
0.144
0.144
0.144
0.144
0.144
0.144
0.144
0.144
0.144
0.144
0.144
0.145
0.145
0.145
0.145
0.145
0.145
0.145
0.145
0.145
0.145
0.145
0.145
0.146
0.146
0.146
0.146
0.146
0.146
0.146
0.146
0.146
0.146
0.146
0.146
0.146
0.146
0.146
0.146
0.146
0.146
0.146
0.146
0.146
0.146
0.146
0.147
0.147
0.147
0.147
0.147
0.147
0.147
0.147
0.147
0.147
0.147
0.147
0.147
0.148
0.148
0.148
0.148
0.148
0.148
0.148
0.148
0.148
0.148
0.148
0.148
0.148
0.148
0.149
0.149
0.149
0.149
0.149
0.149
0.149
0.149
0.149
0.149
0.15
0.15
0.15
0.15
0.15
0.15
0.15
0.15
0.15
0.15
0.15
0.15
0.15
0.15
0.15
0.151
0.151
0.151
0.151
0.151
0.151
0.151
0.151
0.151
0.151
0.151
0.151
0.151
0.152
0.152
0.152
0.152
0.152
0.152
0.152
0.152
0.152
0.152
0.152
0.152
0.152
0.153
0.153
0.153
0.153
0.153
0.153
0.153
0.153
0.153
0.153
0.153
0.153
0.153
0.154
0.154
0.154
0.154
0.154
0.154
0.154
0.154
0.154
0.154
0.154
0.154
0.154
0.154
0.154
0.154
0.154
0.154
0.154
0.154
0.155
0.155
0.155
0.155
0.155
0.155
0.155
0.155
0.155
0.155
0.155
0.155
0.155
0.155
0.156
0.156
0.156
0.156
0.156
0.156
0.156
0.156
0.156
0.156
0.156
0.157
0.157
0.157
0.157
0.157
0.157
0.157
0.157
0.158
0.158
0.158
0.158
0.158
0.158
0.158
0.159
0.159
0.159
0.159
0.159
0.159
0.159
0.16
0.16
0.16
0.16
0.16
0.16
0.16
0.16
0.16
0.16
0.16
0.16
0.16
0.16
0.16
0.16
0.161
0.161
0.161
0.161
0.161
0.161
0.161
0.161
0.162
0.162
0.162
0.162
0.162
0.162
0.162
0.162
0.162
0.162
0.162
0.163
0.163
0.163
0.163
0.163
0.164
0.164
0.164
0.164
0.164
0.164
0.164
0.164
0.164
0.164
0.164
0.164
0.165
0.165
0.165
0.165
0.165
0.165
0.166
0.166
0.166
0.166
0.166
0.166
0.166
0.167
0.167
0.167
0.167
0.167
0.168
0.168
0.168
0.168
0.168
0.168
0.168
0.168
0.168
0.169
0.169
0.169
0.169
0.169
0.169
0.169
0.17
0.17
0.17
0.17
0.17
0.17
0.17
0.17
0.171
0.171
0.171
0.171
0.171
0.171
0.171
0.172
0.172
0.172
0.172
0.172
0.172
0.172
0.173
0.173
0.173
0.173
0.173
0.173
0.173
0.173
0.173
0.174
0.174
0.174
0.174
0.175
0.175
0.175
0.175
0.175
0.175
0.175
0.176
0.176
0.176
0.176
0.176
0.176
0.177
0.177
0.177
0.178
0.178
0.178
0.178
0.178
0.178
0.178
0.178
0.178
0.179
0.179
0.179
0.179
0.179
0.179
0.179
0.179
0.179
0.179
0.18
0.18
0.18
0.18
0.18
0.18
0.18
0.181
0.181
0.181
0.181
0.181
0.181
0.181
0.181
0.181
0.182
0.182
0.182
0.182
0.182
0.182
0.182
0.182
0.183
0.183
0.183
0.184
0.184
0.184
0.184
0.185
0.185
0.186
0.186
0.186
0.186
0.186
0.186
0.186
0.186
0.187
0.187
0.187
0.187
0.188
0.188
0.189
0.189
0.19
0.19
0.19
0.19
0.19
0.19
0.191
0.191
0.191
0.191
0.191
0.191
0.192
0.193
0.193
0.193
0.193
0.193
0.193
0.194
0.194
0.194
0.194
0.194
0.194
0.194
0.194
0.194
0.195
0.196
0.196
0.196
0.196
0.196
0.197
0.197
0.197
0.197
0.197
0.197
0.198
0.198
0.199
0.2
0.2
0.2
0.2
0.2
0.201
0.201
0.201
0.201
0.201
0.202
0.202
0.202
0.202
0.203
0.203
0.203
0.203
0.203
0.204
0.204
0.204
0.204
0.204
0.204
0.205
0.205
0.205
0.205
0.206
0.206
0.206
0.206
0.207
0.207
0.208
0.209
0.209
0.209
0.209
0.21
0.21
0.21
0.21
0.211
0.212
0.212
0.214
0.214
0.215
0.215
0.216
0.216
0.217
0.217
0.218
0.218
0.218
0.218
0.219
0.219
0.22
0.22
0.22
0.221
0.222
0.223
0.223
0.224
0.224
0.224
0.224
0.224
0.226
0.227
0.228
0.228
0.228
0.228
0.229
0.23
0.231
0.231
0.231
0.231
0.231
0.232
0.232
0.232
0.232
0.232
0.232
0.232
0.233
0.235
0.235
0.235
0.236
0.237
0.238
0.239
0.24
0.242
0.242
0.243
0.243
0.244
0.245
0.245
0.245
0.247
0.247
0.248
0.249
0.25
0.251
0.251
0.251
0.252
0.253
0.254
0.254
0.255
0.256
0.257
0.259
0.26
0.261
0.261
0.262
0.263
0.263
0.264
0.265
0.266
0.266
0.267
0.269
0.271
0.272
0.274
0.274
0.276
0.276
0.277
0.278
0.279
0.279
0.282
0.282
0.282
0.285
0.286
0.286
0.288
0.292
0.292
0.293
0.294
0.296
0.297
0.297
0.298
0.299
0.299
0.301
0.301
0.302
0.302
0.306
0.307
0.309
0.309
0.309
0.31
0.317
0.318
0.321
0.322
0.322
0.323
0.323
0.325
0.331
0.332
0.332
0.333
0.335
0.335
0.338
0.342
0.342
0.344
0.348
0.349
0.35
0.35
0.352
0.357
0.357
0.358
0.361
0.363
0.365
0.365
0.365
0.365
0.366
0.368
0.372
0.375
0.378
0.378
0.384
0.387
0.388
0.391
0.394
0.394
0.397
0.398
0.402
0.403
0.41
0.412
0.415
0.418
0.418
0.422
0.423
0.436
0.44
0.44
0.443
0.448
0.449
0.453
0.454
0.458
0.463
0.468
0.473
0.473
0.476
0.476
0.476
0.489
0.491
0.496
0.503
0.518
0.519
0.523
0.525
0.545
0.559
0.592
0.604
0.639
0.661
0.721
0.734
0.793
0.797
0.798
0.803
0.13
0.13
0.13
0.13
0.13
0.13
0.13
0.131
0.131
0.131
0.131
0.131
0.131
0.131
0.131
0.131
0.131
0.131
0.131
0.131
0.131
0.131
0.131
0.131
0.131
0.131
0.131
0.131
0.131
0.131
0.131
0.131
0.131
0.131
0.131
0.131
0.131
0.132
0.132
0.132
0.132
0.132
0.132
0.132
0.132
0.132
0.132
0.132
0.132
0.132
0.132
0.132
0.132
0.132
0.132
0.133
0.133
0.133
0.133
0.133
0.133
0.133
0.133
0.133
0.133
0.133
0.133
0.133
0.133
0.133
0.133
0.133
0.133
0.133
0.133
0.133
0.133
0.133
0.133
0.134
0.134
0.134
0.134
0.134
0.134
0.134
0.134
0.134
0.134
0.134
0.134
0.134
0.134
0.134
0.134
0.134
0.135
0.135
0.135
0.135
0.135
0.135
0.135
0.135
0.135
0.135
0.135
0.135
0.135
0.135
0.135
0.135
0.135
0.136
0.136
0.136
0.136
0.136
0.136
0.136
0.136
0.136
0.136
0.136
0.136
0.136
0.136
0.136
0.136
0.136
0.136
0.136
0.136
0.136
0.136
0.136
0.137
0.137
0.137
0.137
0.137
0.137
0.137
0.137
0.137
0.137
0.137
0.137
0.137
0.137
0.137
0.137
0.137
0.137
0.138
0.138
0.138
0.138
0.138
0.138
0.138
0.138
0.138
0.138
0.138
0.138
0.138
0.138
0.138
0.138
0.138
0.138
0.138
0.138
0.138
0.138
0.138
0.138
0.138
0.139
0.139
0.139
0.139
0.139
0.139
0.139
0.139
0.139
0.139
0.139
0.139
0.139
0.139
0.139
0.139
0.139
0.139
0.139
0.139
0.139
0.139
0.14
0.14
0.14
0.14
0.14
0.14
0.14
0.14
0.14
0.14
0.14
0.14
0.14
0.141
0.141
0.141
0.141
0.141
0.141
0.141
0.141
0.141
0.141
0.141
0.141
0.141
0.141
0.141
0.141
0.142
0.142
0.142
0.142
0.142
0.142
0.142
0.142
0.142
0.142
0.142
0.142
0.142
0.142
0.142
0.142
0.142
0.142
0.142
0.143
0.143
0.143
0.143
0.143
0.143
0.143
0.143
0.143
0.143
0.143
0.143
0.143
0.143
0.143
0.143
0.143
0.143
0.144
0.144
0.144
0.144
0.144
0.144
0.144
0.144
0.144
0.144
0.144
0.144
0.144
0.144
0.144
0.144
0.144
0.144
0.144
0.144
0.144
0.144
0.145
0.145
0.145
0.145
0.145
0.145
0.145
0.145
0.145
0.145
0.145
0.145
0.145
0.145
0.145
0.146
0.146
0.146
0.146
0.146
0.146
0.146
0.146
0.146
0.146
0.146
0.146
0.146
0.146
0.147
0.147
0.147
0.147
0.147
0.147
0.147
0.147
0.147
0.147
0.147
0.147
0.147
0.147
0.147
0.148
0.148
0.148
0.148
0.148
0.148
0.148
0.148
0.148
0.148
0.148
0.148
0.148
0.149
0.149
0.149
0.149
0.149
0.149
0.149
0.149
0.149
0.149
0.149
0.149
0.149
0.149
0.149
0.149
0.149
0.149
0.149
0.149
0.149
0.15
0.15
0.15
0.15
0.15
0.15
0.15
0.15
0.15
0.151
0.151
0.151
0.151
0.151
0.151
0.151
0.151
0.151
0.151
0.151
0.152
0.152
0.152
0.152
0.152
0.152
0.152
0.152
0.152
0.152
0.152
0.152
0.152
0.152
0.152
0.153
0.153
0.153
0.153
0.153
0.153
0.153
0.153
0.153
0.153
0.153
0.153
0.153
0.153
0.153
0.153
0.153
0.154
0.154
0.154
0.154
0.154
0.154
0.154
0.154
0.154
0.154
0.154
0.154
0.155
0.155
0.155
0.155
0.155
0.155
0.155
0.155
0.155
0.155
0.155
0.155
0.156
0.156
0.156
0.156
0.156
0.156
0.156
0.156
0.157
0.157
0.157
0.157
0.157
0.157
0.157
0.157
0.157
0.157
0.157
0.157
0.157
0.158
0.158
0.158
0.158
0.158
0.158
0.158
0.158
0.158
0.159
0.159
0.159
0.159
0.159
0.159
0.159
0.159
0.159
0.16
0.16
0.16
0.16
0.16
0.16
0.16
0.16
0.161
0.161
0.161
0.161
0.161
0.161
0.161
0.161
0.161
0.161
0.162
0.162
0.162
0.162
0.162
0.162
0.162
0.162
0.162
0.162
0.162
0.163
0.163
0.163
0.163
0.163
0.163
0.163
0.163
0.163
0.164
0.164
0.164
0.165
0.165
0.165
0.165
0.165
0.165
0.165
0.166
0.166
0.166
0.166
0.166
0.166
0.166
0.166
0.166
0.166
0.167
0.167
0.167
0.167
0.167
0.168
0.168
0.168
0.168
0.168
0.169
0.169
0.169
0.169
0.169
0.169
0.169
0.169
0.169
0.169
0.17
0.17
0.17
0.17
0.17
0.17
0.17
0.17
0.17
0.17
0.171
0.171
0.171
0.171
0.172
0.172
0.172
0.172
0.173
0.173
0.173
0.173
0.173
0.173
0.173
0.173
0.173
0.173
0.173
0.174
0.174
0.174
0.174
0.174
0.175
0.175
0.175
0.175
0.176
0.176
0.176
0.176
0.176
0.176
0.177
0.177
0.177
0.177
0.177
0.177
0.178
0.178
0.178
0.179
0.179
0.179
0.179
0.179
0.18
0.181
0.181
0.181
0.181
0.181
0.181
0.181
0.182
0.182
0.182
0.183
0.183
0.184
0.184
0.184
0.185
0.185
0.185
0.185
0.185
0.185
0.185
0.186
0.186
0.186
0.186
0.186
0.186
0.186
0.187
0.187
0.187
0.187
0.187
0.188
0.188
0.189
0.189
0.189
0.189
0.189
0.189
0.19
0.19
0.19
0.19
0.19
0.191
0.191
0.191
0.191
0.191
0.192
0.192
0.193
0.193
0.193
0.193
0.193
0.193
0.193
0.193
0.194
0.194
0.194
0.194
0.195
0.195
0.195
0.195
0.195
0.195
0.196
0.196
0.196
0.196
0.196
0.197
0.197
0.197
0.197
0.198
0.198
0.198
0.198
0.198
0.198
0.198
0.198
0.199
0.199
0.199
0.199
0.2
0.2
0.2
0.201
0.201
0.201
0.202
0.202
0.202
0.203
0.204
0.205
0.205
0.206
0.206
0.206
0.206
0.207
0.208
0.208
0.208
0.209
0.209
0.209
0.21
0.21
0.21
0.211
0.211
0.211
0.211
0.211
0.211
0.212
0.212
0.212
0.212
0.213
0.214
0.214
0.214
0.215
0.215
0.215
0.215
0.215
0.217
0.218
0.218
0.218
0.218
0.218
0.219
0.219
0.219
0.22
0.221
0.221
0.222
0.223
0.223
0.224
0.224
0.225
0.225
0.225
0.225
0.225
0.225
0.225
0.226
0.227
0.227
0.227
0.228
0.229
0.231
0.233
0.233
0.233
0.233
0.233
0.235
0.236
0.236
0.236
0.237
0.237
0.237
0.238
0.238
0.238
0.24
0.241
0.242
0.243
0.243
0.245
0.245
0.245
0.246
0.246
0.248
0.248
0.249
0.25
0.251
0.251
0.251
0.252
0.252
0.252
0.253
0.253
0.253
0.254
0.254
0.254
0.255
0.256
0.257
0.257
0.257
0.258
0.259
0.26
0.261
0.262
0.263
0.264
0.264
0.265
0.265
0.267
0.267
0.267
0.267
0.269
0.27
0.27
0.271
0.273
0.274
0.274
0.274
0.275
0.276
0.277
0.278
0.278
0.279
0.279
0.28
0.28
0.28
0.281
0.281
0.282
0.282
0.282
0.283
0.283
0.284
0.284
0.285
0.285
0.285
0.285
0.288
0.29
0.291
0.292
0.293
0.294
0.295
0.295
0.295
0.296
0.297
0.3
0.302
0.302
0.304
0.305
0.306
0.307
0.309
0.309
0.311
0.313
0.315
0.316
0.316
0.318
0.318
0.319
0.319
0.32
0.322
0.322
0.322
0.323
0.324
0.325
0.328
0.328
0.329
0.329
0.332
0.333
0.334
0.334
0.337
0.337
0.338
0.34
0.342
0.343
0.344
0.345
0.348
0.349
0.349
0.349
0.35
0.352
0.357
0.359
0.366
0.366
0.367
0.37
0.371
0.374
0.376
0.379
0.381
0.385
0.39
0.395
0.395
0.399
0.399
0.401
0.405
0.406
0.412
0.413
0.415
0.416
0.417
0.424
0.427
0.43
0.435
0.435
0.45
0.454
0.455
0.471
0.471
0.471
0.48
0.482
0.484
0.488
0.489
0.494
0.499
0.499
0.5
0.511
0.517
0.551
0.551
0.566
0.573
0.591
0.601
0.607
0.624
0.625
0.636
0.64
0.657
0.673
0.68
0.728
0.129
0.13
0.13
0.13
0.13
0.13
0.13
0.13
0.13
0.131
0.131
0.131
0.131
0.131
0.131
0.131
0.131
0.131
0.131
0.131
0.131
0.131
0.131
0.131
0.131
0.131
0.131
0.131
0.131
0.131
0.131
0.131
0.131
0.131
0.131
0.131
0.131
0.132
0.132
0.132
0.132
0.132
0.132
0.132
0.132
0.132
0.132
0.132
0.132
0.132
0.132
0.132
0.132
0.132
0.132
0.132
0.132
0.132
0.132
0.132
0.132
0.132
0.132
0.132
0.132
0.132
0.132
0.132
0.132
0.132
0.132
0.132
0.132
0.132
0.133
0.133
0.133
0.133
0.133
0.133
0.133
0.133
0.133
0.133
0.133
0.133
0.133
0.133
0.133
0.133
0.133
0.133
0.133
0.133
0.133
0.133
0.133
0.133
0.133
0.133
0.133
0.133
0.133
0.134
0.134
0.134
0.134
0.134
0.134
0.134
0.134
0.134
0.134
0.134
0.134
0.134
0.134
0.134
0.134
0.134
0.134
0.135
0.135
0.135
0.135
0.135
0.135
0.135
0.135
0.135
0.135
0.135
0.135
0.135
0.135
0.135
0.135
0.135
0.135
0.135
0.135
0.135
0.135
0.135
0.136
0.136
0.136
0.136
0.136
0.136
0.136
0.136
0.136
0.136
0.136
0.136
0.136
0.136
0.137
0.137
0.137
0.137
0.137
0.137
0.137
0.137
0.137
0.137
0.137
0.137
0.137
0.137
0.137
0.137
0.137
0.137
0.137
0.137
0.137
0.137
0.137
0.137
0.137
0.138
0.138
0.138
0.138
0.138
0.138
0.138
0.138
0.138
0.138
0.138
0.138
0.138
0.138
0.138
0.138
0.138
0.138
0.138
0.138
0.138
0.138
0.138
0.138
0.139
0.139
0.139
0.139
0.139
0.139
0.139
0.139
0.139
0.139
0.139
0.139
0.139
0.139
0.139
0.139
0.139
0.139
0.14
0.14
0.14
0.14
0.14
0.14
0.14
0.14
0.14
0.14
0.14
0.14
0.14
0.14
0.14
0.14
0.14
0.14
0.141
0.141
0.141
0.141
0.141
0.141
0.141
0.141
0.141
0.141
0.141
0.141
0.141
0.141
0.141
0.141
0.141
0.142
0.142
0.142
0.142
0.142
0.142
0.142
0.142
0.142
0.142
0.142
0.142
0.142
0.142
0.142
0.142
0.142
0.142
0.143
0.143
0.143
0.143
0.143
0.143
0.143
0.143
0.143
0.143
0.143
0.143
0.143
0.143
0.143
0.143
0.143
0.143
0.143
0.143
0.143
0.144
0.144
0.144
0.144
0.144
0.144
0.144
0.144
0.144
0.144
0.144
0.144
0.144
0.144
0.144
0.144
0.144
0.144
0.144
0.144
0.145
0.145
0.145
0.145
0.145
0.145
0.145
0.145
0.145
0.145
0.145
0.145
0.145
0.145
0.145
0.145
0.145
0.146
0.146
0.146
0.146
0.146
0.146
0.146
0.146
0.146
0.146
0.146
0.146
0.146
0.146
0.147
0.147
0.147
0.147
0.147
0.147
0.147
0.147
0.147
0.147
0.147
0.147
0.147
0.147
0.148
0.148
0.148
0.148
0.148
0.148
0.148
0.148
0.148
0.148
0.148
0.148
0.148
0.148
0.149
0.149
0.149
0.149
0.149
0.149
0.149
0.149
0.15
0.15
0.15
0.15
0.15
0.15
0.15
0.15
0.151
0.151
0.151
0.151
0.151
0.151
0.151
0.151
0.151
0.151
0.151
0.151
0.151
0.151
0.151
0.151
0.151
0.151
0.152
0.152
0.152
0.152
0.152
0.152
0.153
0.153
0.153
0.153
0.153
0.153
0.153
0.153
0.153
0.153
0.153
0.153
0.153
0.153
0.153
0.153
0.154
0.154
0.154
0.154
0.154
0.154
0.154
0.154
0.154
0.155
0.155
0.155
0.155
0.155
0.155
0.155
0.155
0.155
0.156
0.156
0.156
0.156
0.156
0.156
0.156
0.156
0.156
0.156
0.157
0.157
0.157
0.157
0.157
0.157
0.157
0.157
0.157
0.157
0.157
0.157
0.157
0.157
0.157
0.158
0.158
0.158
0.158
0.158
0.158
0.158
0.158
0.158
0.158
0.158
0.158
0.159
0.159
0.159
0.159
0.159
0.159
0.159
0.159
0.16
0.16
0.16
0.16
0.16
0.16
0.16
0.16
0.16
0.16
0.16
0.16
0.16
0.161
0.161
0.161
0.161
0.161
0.161
0.162
0.162
0.162
0.162
0.162
0.162
0.162
0.162
0.163
0.163
0.163
0.163
0.163
0.163
0.164
0.164
0.164
0.164
0.164
0.164
0.164
0.164
0.164
0.164
0.164
0.165
0.165
0.165
0.165
0.165
0.165
0.165
0.165
0.165
0.165
0.166
0.166
0.166
0.166
0.166
0.166
0.166
0.167
0.167
0.167
0.167
0.167
0.167
0.168
0.168
0.168
0.168
0.168
0.168
0.168
0.168
0.169
0.169
0.169
0.169
0.169
0.169
0.169
0.169
0.17
0.17
0.17
0.17
0.17
0.17
0.17
0.17
0.17
0.171
0.171
0.171
0.171
0.171
0.171
0.171
0.171
0.171
0.171
0.172
0.172
0.172
0.172
0.172
0.172
0.172
0.172
0.172
0.172
0.172
0.172
0.173
0.173
0.173
0.173
0.173
0.173
0.173
0.174
0.174
0.174
0.174
0.174
0.174
0.174
0.174
0.174
0.175
0.175
0.175
0.175
0.175
0.175
0.176
0.177
0.177
0.177
0.177
0.177
0.177
0.177
0.177
0.177
0.177
0.178
0.178
0.178
0.178
0.178
0.178
0.178
0.179
0.179
0.179
0.179
0.179
0.179
0.18
0.18
0.18
0.18
0.18
0.181
0.181
0.182
0.182
0.182
0.183
0.183
0.183
0.183
0.183
0.183
0.183
0.184
0.184
0.184
0.184
0.185
0.185
0.185
0.185
0.185
0.185
0.185
0.185
0.185
0.186
0.186
0.187
0.187
0.187
0.187
0.187
0.188
0.188
0.188
0.19
0.19
0.19
0.19
0.19
0.19
0.19
0.19
0.191
0.191
0.191
0.191
0.191
0.191
0.191
0.192
0.192
0.193
0.193
0.193
0.193
0.194
0.194
0.194
0.194
0.196
0.196
0.196
0.196
0.197
0.197
0.197
0.197
0.198
0.198
0.198
0.198
0.198
0.199
0.199
0.2
0.2
0.2
0.2
0.2
0.2
0.201
0.201
0.201
0.202
0.202
0.202
0.202
0.202
0.202
0.203
0.203
0.204
0.205
0.205
0.206
0.206
0.207
0.207
0.207
0.207
0.207
0.207
0.208
0.208
0.208
0.209
0.209
0.209
0.209
0.209
0.21
0.211
0.211
0.211
0.211
0.211
0.211
0.211
0.212
0.212
0.212
0.213
0.213
0.213
0.214
0.214
0.214
0.214
0.215
0.216
0.216
0.216
0.217
0.217
0.217
0.218
0.219
0.219
0.22
0.223
0.223
0.223
0.223
0.224
0.224
0.226
0.227
0.229
0.23
0.23
0.231
0.231
0.234
0.234
0.237
0.237
0.237
0.237
0.238
0.239
0.239
0.239
0.24
0.241
0.241
0.242
0.242
0.242
0.243
0.243
0.244
0.246
0.246
0.247
0.247
0.249
0.25
0.253
0.253
0.255
0.256
0.257
0.257
0.258
0.258
0.258
0.259
0.259
0.259
0.259
0.26
0.26
0.261
0.262
0.263
0.264
0.265
0.266
0.266
0.267
0.267
0.269
0.271
0.273
0.274
0.274
0.274
0.276
0.277
0.277
0.278
0.278
0.279
0.28
0.283
0.284
0.285
0.285
0.286
0.286
0.286
0.288
0.288
0.289
0.29
0.291
0.293
0.294
0.296
0.299
0.3
0.302
0.302
0.302
0.302
0.306
0.309
0.311
0.313
0.315
0.316
0.316
0.316
0.317
0.318
0.319
0.321
0.322
0.322
0.324
0.325
0.326
0.327
0.328
0.328
0.328
0.329
0.33
0.332
0.332
0.332
0.334
0.336
0.337
0.338
0.341
0.342
0.344
0.346
0.347
0.348
0.35
0.351
0.353
0.355
0.355
0.356
0.356
0.358
0.358
0.358
0.36
0.361
0.361
0.363
0.365
0.372
0.373
0.375
0.376
0.378
0.38
0.383
0.387
0.388
0.388
0.389
0.389
0.392
0.394
0.402
0.403
0.412
0.412
0.417
0.423
0.434
0.436
0.454
0.463
0.464
0.467
0.47
0.471
0.472
0.481
0.487
0.497
0.503
0.512
0.517
0.526
0.529
0.53
0.537
0.545
0.558
0.566
0.567
0.57
0.571
0.575
0.58
0.599
0.614
0.631
0.666
0.129
0.13
0.13
0.13
0.13
0.13
0.13
0.13
0.131
0.131
0.131
0.131
0.131
0.131
0.131
0.131
0.131
0.131
0.131
0.131
0.131
0.131
0.131
0.131
0.131
0.131
0.131
0.131
0.131
0.131
0.131
0.131
0.131
0.131
0.131
0.131
0.131
0.132
0.132
0.132
0.132
0.132
0.132
0.132
0.132
0.132
0.132
0.132
0.132
0.132
0.132
0.132
0.132
0.132
0.132
0.132
0.132
0.132
0.132
0.132
0.132
0.132
0.132
0.132
0.132
0.132
0.132
0.132
0.133
0.133
0.133
0.133
0.133
0.133
0.133
0.133
0.133
0.133
0.133
0.133
0.133
0.133
0.133
0.133
0.133
0.133
0.133
0.133
0.133
0.133
0.133
0.133
0.133
0.133
0.134
0.134
0.134
0.134
0.134
0.134
0.134
0.134
0.134
0.134
0.134
0.134
0.134
0.134
0.134
0.134
0.134
0.134
0.134
0.134
0.134
0.134
0.134
0.134
0.134
0.134
0.134
0.134
0.134
0.134
0.134
0.134
0.134
0.135
0.135
0.135
0.135
0.135
0.135
0.135
0.135
0.135
0.135
0.135
0.135
0.135
0.135
0.135
0.135
0.135
0.135
0.135
0.135
0.136
0.136
0.136
0.136
0.136
0.136
0.136
0.136
0.136
0.136
0.136
0.136
0.136
0.136
0.136
0.136
0.136
0.136
0.136
0.136
0.136
0.137
0.137
0.137
0.137
0.137
0.137
0.137
0.137
0.137
0.137
0.137
0.137
0.137
0.137
0.137
0.137
0.137
0.137
0.138
0.138
0.138
0.138
0.138
0.138
0.138
0.138
0.138
0.138
0.138
0.138
0.138
0.138
0.138
0.138
0.138
0.138
0.138
0.138
0.138
0.138
0.138
0.139
0.139
0.139
0.139
0.139
0.139
0.139
0.139
0.139
0.139
0.139
0.139
0.139
0.139
0.139
0.139
0.139
0.139
0.139
0.139
0.139
0.139
0.139
0.14
0.14
0.14
0.14
0.14
0.14
0.14
0.14
0.14
0.14
0.14
0.14
0.14
0.14
0.14
0.14
0.14
0.14
0.14
0.14
0.14
0.14
0.14
0.14
0.14
0.14
0.141
0.141
0.141
0.141
0.141
0.141
0.141
0.141
0.141
0.141
0.141
0.141
0.141
0.141
0.141
0.141
0.141
0.141
0.141
0.141
0.141
0.141
0.141
0.141
0.142
0.142
0.142
0.142
0.142
0.142
0.142
0.142
0.142
0.142
0.142
0.142
0.142
0.142
0.142
0.142
0.142
0.142
0.142
0.143
0.143
0.143
0.143
0.143
0.143
0.143
0.143
0.143
0.143
0.143
0.143
0.143
0.143
0.143
0.143
0.144
0.144
0.144
0.144
0.144
0.144
0.144
0.144
0.144
0.144
0.144
0.144
0.144
0.144
0.145
0.145
0.145
0.145
0.145
0.145
0.145
0.145
0.145
0.145
0.145
0.145
0.145
0.145
0.145
0.145
0.145
0.146
0.146
0.146
0.146
0.146
0.146
0.146
0.146
0.146
0.146
0.146
0.146
0.146
0.146
0.147
0.147
0.147
0.147
0.147
0.147
0.147
0.147
0.147
0.147
0.147
0.147
0.147
0.147
0.147
0.147
0.147
0.148
0.148
0.148
0.148
0.148
0.148
0.148
0.148
0.148
0.148
0.148
0.148
0.148
0.148
0.148
0.149
0.149
0.149
0.149
0.149
0.149
0.149
0.149
0.149
0.149
0.15
0.15
0.15
0.15
0.15
0.15
0.15
0.15
0.15
0.15
0.15
0.15
0.15
0.15
0.151
0.151
0.151
0.151
0.151
0.151
0.151
0.151
0.151
0.151
0.151
0.151
0.151
0.151
0.151
0.151
0.151
0.151
0.152
0.152
0.152
0.152
0.152
0.152
0.152
0.152
0.152
0.152
0.152
0.152
0.152
0.153
0.153
0.153
0.153
0.153
0.153
0.153
0.153
0.153
0.153
0.153
0.153
0.153
0.154
0.154
0.154
0.154
0.154
0.154
0.154
0.154
0.154
0.154
0.154
0.154
0.154
0.154
0.155
0.155
0.155
0.155
0.155
0.155
0.155
0.155
0.155
0.155
0.155
0.155
0.156
0.156
0.156
0.156
0.157
0.157
0.157
0.158
0.158
0.158
0.158
0.158
0.158
0.158
0.158
0.158
0.158
0.159
0.159
0.159
0.159
0.159
0.159
0.159
0.159
0.159
0.159
0.16
0.16
0.16
0.16
0.16
0.16
0.161
0.161
0.161
0.161
0.161
0.162
0.162
0.162
0.162
0.162
0.162
0.162
0.162
0.163
0.163
0.163
0.163
0.163
0.163
0.164
0.164
0.164
0.164
0.164
0.164
0.164
0.164
0.164
0.164
0.165
0.165
0.165
0.165
0.165
0.165
0.165
0.165
0.166
0.166
0.166
0.166
0.166
0.166
0.166
0.167
0.167
0.168
0.168
0.168
0.168
0.168
0.168
0.168
0.168
0.168
0.168
0.169
0.169
0.169
0.169
0.17
0.17
0.17
0.17
0.17
0.17
0.17
0.17
0.17
0.171
0.171
0.171
0.171
0.171
0.171
0.171
0.172
0.172
0.172
0.172
0.172
0.172
0.172
0.172
0.173
0.173
0.173
0.173
0.173
0.173
0.173
0.173
0.173
0.174
0.174
0.174
0.174
0.174
0.175
0.175
0.175
0.176
0.176
0.176
0.176
0.177
0.177
0.177
0.178
0.178
0.178
0.178
0.179
0.179
0.179
0.179
0.179
0.179
0.18
0.18
0.18
0.18
0.18
0.18
0.181
0.181
0.181
0.181
0.181
0.181
0.181
0.181
0.181
0.182
0.182
0.182
0.182
0.182
0.183
0.183
0.183
0.183
0.183
0.183
0.184
0.184
0.184
0.184
0.184
0.184
0.185
0.185
0.185
0.185
0.185
0.185
0.185
0.186
0.186
0.187
0.187
0.187
0.187
0.187
0.187
0.187
0.188
0.188
0.188
0.188
0.188
0.188
0.188
0.188
0.188
0.189
0.189
0.189
0.19
0.191
0.191
0.191
0.192
0.192
0.192
0.192
0.193
0.193
0.193
0.193
0.193
0.193
0.194
0.194
0.194
0.194
0.195
0.196
0.196
0.197
0.197
0.197
0.197
0.197
0.198
0.199
0.199
0.2
0.2
0.2
0.2
0.2
0.2
0.201
0.201
0.201
0.202
0.202
0.202
0.202
0.202
0.202
0.203
0.203
0.204
0.205
0.205
0.205
0.205
0.206
0.206
0.207
0.207
0.207
0.207
0.208
0.208
0.208
0.208
0.208
0.208
0.208
0.209
0.209
0.209
0.209
0.21
0.21
0.21
0.211
0.211
0.211
0.211
0.212
0.212
0.212
0.213
0.213
0.213
0.216
0.216
0.217
0.217
0.217
0.218
0.219
0.219
0.22
0.22
0.22
0.221
0.221
0.221
0.222
0.222
0.222
0.223
0.223
0.224
0.224
0.224
0.225
0.225
0.225
0.225
0.225
0.225
0.226
0.227
0.227
0.227
0.228
0.228
0.229
0.229
0.23
0.231
0.231
0.231
0.232
0.232
0.232
0.234
0.234
0.235
0.236
0.237
0.238
0.239
0.239
0.239
0.239
0.239
0.242
0.245
0.245
0.246
0.247
0.247
0.248
0.248
0.248
0.248
0.248
0.251
0.252
0.254
0.255
0.256
0.256
0.257
0.257
0.258
0.259
0.26
0.261
0.263
0.263
0.263
0.263
0.264
0.264
0.264
0.266
0.267
0.268
0.269
0.269
0.269
0.269
0.27
0.272
0.274
0.275
0.276
0.276
0.276
0.279
0.282
0.284
0.284
0.285
0.288
0.289
0.289
0.289
0.289
0.29
0.294
0.294
0.295
0.295
0.295
0.296
0.296
0.298
0.299
0.299
0.3
0.3
0.301
0.301
0.301
0.301
0.302
0.303
0.304
0.305
0.305
0.306
0.308
0.308
0.308
0.309
0.31
0.312
0.313
0.313
0.314
0.316
0.317
0.317
0.32
0.321
0.322
0.323
0.324
0.324
0.331
0.332
0.333
0.338
0.338
0.34
0.344
0.344
0.345
0.35
0.351
0.353
0.356
0.357
0.358
0.361
0.363
0.364
0.364
0.365
0.366
0.367
0.37
0.371
0.373
0.38
0.381
0.389
0.394
0.396
0.401
0.407
0.408
0.415
0.415
0.418
0.419
0.42
0.421
0.429
0.432
0.446
0.448
0.456
0.464
0.464
0.471
0.472
0.473
0.509
0.516
0.517
0.518
0.519
0.52
0.524
0.525
0.531
0.532
0.543
0.545
0.568
0.614
0.622
0.634
0.649
0.667
0.701
0.714
0.723
0.724
0.13
0.13
0.13
0.13
0.131
0.131
0.131
0.131
0.131
0.131
0.131
0.131
0.131
0.131
0.131
0.131
0.131
0.131
0.131
0.131
0.131
0.131
0.131
0.131
0.131
0.131
0.131
0.131
0.132
0.132
0.132
0.132
0.132
0.132
0.132
0.132
0.132
0.132
0.132
0.132
0.132
0.132
0.132
0.132
0.132
0.132
0.132
0.132
0.132
0.132
0.132
0.132
0.132
0.133
0.133
0.133
0.133
0.133
0.133
0.133
0.133
0.133
0.133
0.133
0.133
0.133
0.133
0.133
0.133
0.133
0.133
0.133
0.133
0.133
0.133
0.133
0.133
0.134
0.134
0.134
0.134
0.134
0.134
0.134
0.134
0.134
0.134
0.134
0.134
0.134
0.134
0.134
0.134
0.134
0.134
0.134
0.135
0.135
0.135
0.135
0.135
0.135
0.135
0.135
0.135
0.135
0.135
0.135
0.135
0.135
0.135
0.135
0.135
0.135
0.135
0.136
0.136
0.136
0.136
0.136
0.136
0.136
0.136
0.136
0.136
0.136
0.136
0.136
0.136
0.136
0.136
0.136
0.136
0.136
0.137
0.137
0.137
0.137
0.137
0.137
0.137
0.137
0.137
0.137
0.137
0.137
0.137
0.137
0.137
0.137
0.137
0.137
0.137
0.137
0.137
0.137
0.137
0.137
0.137
0.138
0.138
0.138
0.138
0.138
0.138
0.138
0.138
0.138
0.138
0.138
0.138
0.138
0.138
0.138
0.138
0.138
0.138
0.138
0.138
0.138
0.138
0.138
0.138
0.138
0.139
0.139
0.139
0.139
0.139
0.139
0.139
0.139
0.139
0.139
0.139
0.139
0.139
0.14
0.14
0.14
0.14
0.14
0.14
0.14
0.14
0.14
0.14
0.14
0.141
0.141
0.141
0.141
0.141
0.141
0.141
0.141
0.141
0.141
0.141
0.141
0.141
0.141
0.141
0.141
0.141
0.141
0.141
0.141
0.141
0.141
0.141
0.141
0.141
0.141
0.142
0.142
0.142
0.142
0.142
0.142
0.142
0.142
0.142
0.142
0.142
0.142
0.142
0.142
0.142
0.142
0.142
0.142
0.143
0.143
0.143
0.143
0.143
0.143
0.143
0.143
0.143
0.143
0.143
0.143
0.143
0.143
0.143
0.143
0.143
0.143
0.143
0.143
0.143
0.143
0.143
0.143
0.144
0.144
0.144
0.144
0.144
0.144
0.144
0.144
0.144
0.144
0.144
0.144
0.144
0.144
0.144
0.144
0.145
0.145
0.145
0.145
0.145
0.145
0.145
0.145
0.145
0.145
0.145
0.146
0.146
0.146
0.146
0.146
0.146
0.146
0.146
0.146
0.146
0.146
0.146
0.146
0.146
0.147
0.147
0.147
0.147
0.147
0.147
0.147
0.147
0.147
0.147
0.147
0.147
0.147
0.147
0.147
0.147
0.147
0.147
0.147
0.147
0.147
0.148
0.148
0.148
0.148
0.148
0.148
0.148
0.148
0.148
0.148
0.148
0.148
0.148
0.149
0.149
0.149
0.149
0.149
0.149
0.149
0.149
0.149
0.149
0.149
0.15
0.15
0.15
0.15
0.15
0.15
0.15
0.15
0.15
0.15
0.15
0.151
0.151
0.151
0.151
0.151
0.151
0.151
0.151
0.151
0.151
0.151
0.152
0.152
0.152
0.152
0.152
0.152
0.152
0.152
0.152
0.152
0.152
0.152
0.152
0.152
0.152
0.152
0.153
0.153
0.153
0.153
0.153
0.154
0.154
0.154
0.154
0.154
0.154
0.154
0.154
0.154
0.154
0.154
0.154
0.154
0.155
0.155
0.155
0.155
0.155
0.155
0.155
0.155
0.155
0.155
0.155
0.156
0.156
0.156
0.156
0.156
0.156
0.156
0.156
0.156
0.156
0.156
0.156
0.157
0.157
0.157
0.157
0.157
0.157
0.157
0.157
0.157
0.157
0.157
0.157
0.157
0.158
0.158
0.158
0.158
0.158
0.158
0.158
0.158
0.158
0.158
0.158
0.158
0.158
0.159
0.159
0.159
0.159
0.159
0.159
0.159
0.16
0.16
0.16
0.16
0.16
0.16
0.16
0.16
0.16
0.16
0.161
0.161
0.161
0.161
0.161
0.161
0.161
0.161
0.161
0.161
0.161
0.161
0.162
0.162
0.162
0.162
0.162
0.162
0.162
0.163
0.163
0.163
0.163
0.163
0.163
0.163
0.164
0.164
0.164
0.164
0.164
0.164
0.164
0.164
0.164
0.164
0.165
0.165
0.165
0.165
0.165
0.165
0.166
0.166
0.166
0.166
0.166
0.166
0.167
0.167
0.167
0.167
0.167
0.167
0.167
0.167
0.168
0.168
0.168
0.168
0.168
0.168
0.168
0.169
0.169
0.169
0.169
0.169
0.169
0.169
0.169
0.169
0.169
0.169
0.17
0.17
0.17
0.171
0.171
0.171
0.171
0.172
0.172
0.172
0.172
0.172
0.172
0.173
0.173
0.173
0.173
0.173
0.173
0.174
0.174
0.174
0.174
0.174
0.174
0.175
0.175
0.175
0.175
0.175
0.175
0.175
0.175
0.175
0.175
0.175
0.176
0.176
0.176
0.176
0.176
0.177
0.177
0.177
0.178
0.178
0.178
0.178
0.178
0.179
0.179
0.179
0.179
0.179
0.179
0.179
0.18
0.18
0.18
0.18
0.18
0.182
0.182
0.182
0.182
0.182
0.182
0.182
0.182
0.182
0.183
0.183
0.183
0.183
0.183
0.183
0.184
0.184
0.184
0.184
0.186
0.186
0.186
0.186
0.186
0.186
0.186
0.186
0.187
0.187
0.187
0.187
0.187
0.187
0.188
0.189
0.189
0.189
0.19
0.19
0.19
0.19
0.191
0.191
0.191
0.191
0.191
0.192
0.192
0.192
0.192
0.192
0.193
0.193
0.193
0.193
0.193
0.193
0.194
0.194
0.194
0.194
0.195
0.195
0.195
0.196
0.196
0.196
0.197
0.197
0.197
0.197
0.197
0.198
0.198
0.198
0.199
0.2
0.2
0.2
0.2
0.201
0.201
0.201
0.201
0.201
0.201
0.201
0.201
0.202
0.202
0.202
0.202
0.202
0.202
0.203
0.203
0.203
0.204
0.204
0.205
0.205
0.206
0.207
0.208
0.208
0.208
0.208
0.208
0.208
0.209
0.209
0.209
0.209
0.209
0.209
0.209
0.21
0.21
0.21
0.21
0.211
0.211
0.212
0.212
0.212
0.212
0.212
0.212
0.213
0.213
0.214
0.214
0.214
0.215
0.216
0.216
0.216
0.217
0.217
0.217
0.217
0.218
0.218
0.219
0.219
0.219
0.219
0.22
0.22
0.22
0.22
0.22
0.222
0.222
0.222
0.222
0.223
0.223
0.224
0.224
0.224
0.225
0.225
0.225
0.225
0.225
0.226
0.227
0.227
0.228
0.228
0.228
0.228
0.228
0.229
0.23
0.231
0.231
0.232
0.232
0.232
0.232
0.233
0.233
0.234
0.234
0.234
0.234
0.235
0.236
0.236
0.237
0.238
0.238
0.239
0.239
0.239
0.24
0.24
0.24
0.241
0.241
0.241
0.242
0.243
0.244
0.244
0.245
0.246
0.246
0.248
0.248
0.249
0.25
0.252
0.252
0.253
0.255
0.255
0.255
0.257
0.257
0.257
0.258
0.259
0.26
0.262
0.262
0.263
0.264
0.264
0.264
0.265
0.266
0.266
0.266
0.271
0.272
0.272
0.274
0.274
0.274
0.275
0.277
0.278
0.278
0.278
0.28
0.281
0.282
0.282
0.282
0.284
0.284
0.285
0.285
0.286
0.286
0.287
0.287
0.288
0.289
0.29
0.293
0.293
0.294
0.294
0.295
0.296
0.296
0.297
0.297
0.297
0.298
0.298
0.299
0.3
0.3
0.3
0.302
0.302
0.304
0.305
0.305
0.306
0.307
0.308
0.308
0.308
0.309
0.312
0.313
0.315
0.316
0.316
0.317
0.317
0.318
0.32
0.32
0.321
0.322
0.323
0.327
0.328
0.333
0.333
0.336
0.336
0.341
0.341
0.341
0.341
0.342
0.344
0.348
0.353
0.354
0.355
0.357
0.358
0.364
0.365
0.366
0.367
0.367
0.373
0.377
0.377
0.378
0.381
0.382
0.384
0.391
0.393
0.397
0.4
0.401
0.403
0.404
0.419
0.421
0.424
0.425
0.428
0.428
0.43
0.431
0.45
0.453
0.461
0.462
0.467
0.468
0.471
0.488
0.493
0.493
0.493
0.496
0.5
0.501
0.51
0.519
0.528
0.529
0.537
0.542
0.542
0.545
0.562
0.562
0.566
0.581
0.588
0.605
0.645
0.657
0.69
0.746
0.756
