0.405
0.405
0.406
0.406
0.407
0.407
0.407
0.407
0.407
0.407
0.407
0.407
0.408
0.408
0.408
0.408
0.408
0.408
0.408
0.409
0.409
0.409
0.409
0.409
0.409
0.409
0.409
0.409
0.41
0.41
0.41
0.411
0.411
0.411
0.411
0.411
0.411
0.411
0.412
0.412
0.413
0.413
0.413
0.413
0.413
0.413
0.413
0.413
0.413
0.414
0.414
0.414
0.414
0.414
0.414
0.414
0.414
0.414
0.415
0.415
0.415
0.415
0.415
0.415
0.415
0.415
0.415
0.415
0.415
0.415
0.416
0.416
0.416
0.416
0.416
0.416
0.417
0.417
0.418
0.418
0.418
0.418
0.418
0.419
0.419
0.419
0.419
0.42
0.42
0.42
0.42
0.42
0.421
0.422
0.422
0.422
0.423
0.423
0.423
0.423
0.423
0.423
0.423
0.424
0.424
0.424
0.424
0.424
0.424
0.425
0.425
0.425
0.425
0.425
0.426
0.426
0.426
0.427
0.427
0.428
0.428
0.428
0.428
0.428
0.429
0.429
0.43
0.43
0.431
0.431
0.432
0.432
0.432
0.432
0.433
0.433
0.433
0.433
0.433
0.433
0.434
0.435
0.435
0.435
0.435
0.435
0.435
0.435
0.435
0.436
0.436
0.437
0.438
0.438
0.438
0.438
0.438
0.438
0.439
0.439
0.439
0.44
0.44
0.441
0.442
0.442
0.442
0.442
0.442
0.443
0.443
0.445
0.445
0.445
0.445
0.445
0.445
0.445
0.445
0.446
0.446
0.446
0.446
0.447
0.447
0.447
0.447
0.447
0.447
0.447
0.448
0.448
0.449
0.449
0.449
0.449
0.449
0.449
0.45
0.45
0.45
0.45
0.451
0.451
0.451
0.451
0.452
0.452
0.452
0.452
0.452
0.453
0.453
0.453
0.453
0.453
0.454
0.454
0.455
0.456
0.456
0.456
0.456
0.456
0.456
0.457
0.457
0.457
0.457
0.458
0.458
0.458
0.458
0.459
0.459
0.459
0.46
0.46
0.46
0.461
0.461
0.462
0.462
0.463
0.463
0.463
0.464
0.464
0.465
0.465
0.465
0.465
0.465
0.466
0.467
0.467
0.467
0.467
0.467
0.467
0.468
0.469
0.469
0.469
0.469
0.47
0.47
0.47
0.47
0.47
0.47
0.47
0.471
0.471
0.471
0.472
0.473
0.473
0.473
0.473
0.474
0.474
0.474
0.474
0.475
0.475
0.475
0.475
0.476
0.476
0.476
0.476
0.476
0.477
0.477
0.477
0.477
0.478
0.478
0.478
0.479
0.479
0.479
0.48
0.48
0.481
0.481
0.481
0.482
0.483
0.483
0.484
0.484
0.485
0.485
0.486
0.486
0.486
0.487
0.487
0.488
0.488
0.488
0.488
0.488
0.488
0.488
0.489
0.49
0.49
0.49
0.49
0.491
0.491
0.492
0.492
0.492
0.493
0.493
0.494
0.494
0.495
0.496
0.497
0.497
0.498
0.499
0.499
0.5
0.5
0.502
0.502
0.502
0.502
0.502
0.503
0.503
0.503
0.503
0.504
0.504
0.505
0.505
0.505
0.506
0.507
0.507
0.507
0.508
0.508
0.508
0.509
0.509
0.509
0.51
0.511
0.511
0.512
0.512
0.512
0.513
0.514
0.514
0.514
0.515
0.515
0.516
0.517
0.518
0.519
0.52
0.521
0.522
0.522
0.522
0.522
0.523
0.525
0.525
0.527
0.527
0.527
0.528
0.528
0.528
0.528
0.529
0.53
0.53
0.531
0.532
0.532
0.533
0.533
0.533
0.533
0.534
0.535
0.536
0.536
0.536
0.536
0.536
0.537
0.538
0.538
0.539
0.54
0.541
0.541
0.541
0.542
0.543
0.543
0.544
0.545
0.547
0.547
0.548
0.548
0.548
0.55
0.55
0.551
0.552
0.552
0.552
0.553
0.554
0.555
0.555
0.555
0.556
0.557
0.557
0.557
0.559
0.559
0.559
0.561
0.562
0.562
0.563
0.564
0.564
0.564
0.564
0.565
0.566
0.566
0.566
0.566
0.566
0.568
0.569
0.569
0.57
0.571
0.571
0.574
0.575
0.576
0.576
0.578
0.578
0.581
0.581
0.581
0.582
0.582
0.583
0.583
0.583
0.584
0.587
0.588
0.588
0.59
0.59
0.59
0.591
0.591
0.592
0.592
0.593
0.594
0.594
0.595
0.595
0.597
0.598
0.598
0.599
0.599
0.599
0.6
0.6
0.601
0.601
0.602
0.602
0.602
0.603
0.603
0.604
0.604
0.604
0.605
0.605
0.606
0.606
0.606
0.606
0.606
0.609
0.609
0.609
0.611
0.611
0.612
0.612
0.612
0.612
0.613
0.614
0.614
0.614
0.615
0.616
0.617
0.617
0.618
0.619
0.619
0.622
0.622
0.624
0.624
0.625
0.627
0.628
0.629
0.629
0.629
0.63
0.632
0.632
0.633
0.634
0.634
0.634
0.634
0.635
0.636
0.636
0.637
0.638
0.638
0.64
0.641
0.641
0.644
0.648
0.648
0.649
0.65
0.652
0.653
0.654
0.654
0.654
0.654
0.657
0.66
0.66
0.661
0.666
0.667
0.668
0.668
0.669
0.669
0.669
0.671
0.671
0.672
0.674
0.675
0.676
0.679
0.679
0.685
0.686
0.686
0.686
0.686
0.687
0.687
0.687
0.689
0.689
0.69
0.694
0.694
0.695
0.695
0.697
0.697
0.697
0.697
0.698
0.7
0.7
0.705
0.706
0.709
0.71
0.712
0.714
0.715
0.717
0.718
0.72
0.72
0.722
0.722
0.723
0.726
0.728
0.733
0.733
0.734
0.735
0.741
0.742
0.743
0.745
0.746
0.747
0.75
0.752
0.754
0.754
0.756
0.757
0.759
0.761
0.761
0.766
0.766
0.767
0.768
0.769
0.77
0.771
0.773
0.774
0.776
0.777
0.779
0.78
0.78
0.783
0.784
0.785
0.787
0.787
0.793
0.797
0.799
0.802
0.803
0.804
0.804
0.808
0.81
0.814
0.816
0.821
0.823
0.824
0.826
0.827
0.827
0.829
0.833
0.834
0.834
0.837
0.837
0.842
0.842
0.844
0.845
0.845
0.848
0.849
0.849
0.85
0.853
0.857
0.857
0.86
0.861
0.863
0.863
0.865
0.865
0.865
0.868
0.869
0.871
0.873
0.876
0.876
0.88
0.88
0.881
0.881
0.882
0.883
0.891
0.893
0.899
0.899
0.901
0.903
0.903
0.903
0.906
0.911
0.911
0.912
0.914
0.914
0.915
0.92
0.924
0.925
0.93
0.932
0.932
0.937
0.945
0.948
0.95
0.955
0.955
0.959
0.963
0.963
0.966
0.972
0.973
0.974
0.975
0.983
0.985
0.986
0.988
0.99
1
1
1
1
1
1
1
1
1
1
1
1
1
1
1
1
1
1
1
1
1
1
1
1
1
1
1
1
1
1
1
1
1
1
1
1
1
1
1
1
1
1
1
1
1
1
1
1
1
1
1
1
1
1
1
1
1
1
1
1
1
1
1
1
1
1
1
1
1
1
1
1
1
1
1
1
1
1
1
1
1
1
1
1
1
1
1
1
1
1
1
1
1
1
1
1
1
1
1
1
1
1
1
1
1
1
1
1
1
1
1
1
1
1
1
1
1
1
1
1
1
1
1
1
1
1
1
1
1
1
1
1
1
1
1
1
1
1
1
1
1
1
1
1
1
1
1
1
1
1
1
1
1
1
1
1
1
1
1
1
1
1
1
1
1
1
1
1
1
1
1
1
1
1
1
1
1
1
1
1
1
1
1
1
1
1
1
1
1
1
1
1
1
1
1
1
1
1
1
1
1
1
1
1
1
1
1
1
1
1
1
1
1
1
1
1
1
1
1
