0.202
0.203
0.203
0.203
0.204
0.205
0.205
0.205
0.205
0.205
0.205
0.205
0.206
0.206
0.206
0.206
0.206
0.206
0.206
0.206
0.206
0.206
0.206
0.206
0.206
0.207
0.207
0.207
0.207
0.207
0.207
0.207
0.207
0.207
0.208
0.208
0.208
0.208
0.208
0.208
0.208
0.208
0.208
0.208
0.208
0.208
0.208
0.209
0.209
0.209
0.209
0.209
0.209
0.209
0.209
0.209
0.209
0.209
0.209
0.209
0.209
0.209
0.209
0.209
0.209
0.209
0.209
0.209
0.209
0.209
0.209
0.209
0.21
0.21
0.21
0.21
0.21
0.21
0.21
0.21
0.21
0.21
0.21
0.21
0.21
0.21
0.21
0.21
0.21
0.21
0.21
0.21
0.21
0.21
0.21
0.21
0.21
0.21
0.21
0.21
0.21
0.21
0.211
0.211
0.211
0.211
0.211
0.211
0.211
0.211
0.211
0.211
0.211
0.211
0.211
0.211
0.211
0.211
0.211
0.211
0.211
0.211
0.211
0.211
0.211
0.211
0.211
0.211
0.211
0.211
0.211
0.211
0.211
0.211
0.211
0.211
0.211
0.211
0.211
0.211
0.212
0.212
0.212
0.212
0.212
0.212
0.212
0.212
0.212
0.212
0.212
0.212
0.212
0.212
0.212
0.212
0.212
0.212
0.212
0.212
0.212
0.212
0.212
0.212
0.212
0.212
0.212
0.212
0.212
0.212
0.212
0.212
0.212
0.212
0.212
0.212
0.212
0.212
0.212
0.212
0.212
0.212
0.212
0.212
0.212
0.212
0.212
0.212
0.212
0.212
0.212
0.212
0.212
0.212
0.212
0.213
0.213
0.213
0.213
0.213
0.213
0.213
0.213
0.213
0.213
0.213
0.213
0.213
0.213
0.213
0.213
0.213
0.213
0.213
0.213
0.213
0.213
0.213
0.213
0.213
0.213
0.213
0.213
0.213
0.213
0.213
0.213
0.213
0.213
0.213
0.213
0.213
0.213
0.213
0.213
0.213
0.213
0.213
0.213
0.213
0.213
0.213
0.213
0.213
0.213
0.213
0.213
0.213
0.213
0.213
0.213
0.213
0.214
0.214
0.214
0.214
0.214
0.214
0.214
0.214
0.214
0.214
0.214
0.214
0.214
0.214
0.214
0.214
0.214
0.214
0.214
0.214
0.214
0.214
0.214
0.214
0.214
0.214
0.214
0.214
0.214
0.214
0.214
0.214
0.214
0.214
0.214
0.214
0.214
0.214
0.214
0.214
0.214
0.214
0.214
0.214
0.215
0.215
0.215
0.215
0.215
0.215
0.215
0.215
0.215
0.215
0.215
0.215
0.215
0.215
0.215
0.215
0.215
0.215
0.215
0.215
0.215
0.215
0.215
0.215
0.215
0.215
0.215
0.215
0.215
0.215
0.215
0.215
0.215
0.215
0.215
0.215
0.215
0.215
0.216
0.216
0.216
0.216
0.216
0.216
0.216
0.216
0.216
0.216
0.216
0.216
0.216
0.216
0.216
0.216
0.216
0.216
0.216
0.216
0.216
0.216
0.216
0.216
0.216
0.216
0.216
0.216
0.216
0.216
0.216
0.216
0.216
0.217
0.217
0.217
0.217
0.217
0.217
0.217
0.217
0.217
0.217
0.217
0.217
0.217
0.217
0.217
0.217
0.217
0.217
0.217
0.217
0.217
0.217
0.217
0.217
0.217
0.217
0.217
0.217
0.217
0.218
0.218
0.218
0.218
0.218
0.218
0.218
0.218
0.218
0.218
0.218
0.218
0.218
0.218
0.218
0.218
0.218
0.218
0.218
0.218
0.218
0.218
0.218
0.218
0.218
0.218
0.218
0.218
0.218
0.219
0.219
0.219
0.219
0.219
0.219
0.219
0.219
0.219
0.219
0.219
0.219
0.219
0.219
0.219
0.219
0.219
0.219
0.219
0.219
0.219
0.219
0.219
0.219
0.219
0.219
0.219
0.22
0.22
0.22
0.22
0.22
0.22
0.22
0.22
0.22
0.22
0.22
0.22
0.22
0.22
0.22
0.22
0.22
0.22
0.22
0.22
0.22
0.22
0.22
0.22
0.221
0.221
0.221
0.221
0.221
0.221
0.221
0.221
0.221
0.221
0.221
0.221
0.221
0.221
0.221
0.221
0.221
0.221
0.221
0.221
0.221
0.221
0.221
0.222
0.222
0.222
0.222
0.222
0.222
0.222
0.222
0.222
0.222
0.222
0.222
0.222
0.222
0.222
0.222
0.222
0.222
0.222
0.222
0.222
0.222
0.222
0.222
0.222
0.222
0.222
0.223
0.223
0.223
0.223
0.223
0.223
0.223
0.223
0.224
0.224
0.224
0.224
0.224
0.224
0.224
0.224
0.224
0.224
0.224
0.224
0.224
0.224
0.224
0.224
0.224
0.225
0.225
0.225
0.225
0.225
0.225
0.225
0.225
0.225
0.225
0.225
0.225
0.225
0.225
0.226
0.226
0.226
0.226
0.226
0.226
0.226
0.226
0.227
0.227
0.227
0.227
0.227
0.227
0.227
0.227
0.227
0.227
0.227
0.227
0.227
0.227
0.227
0.227
0.227
0.228
0.228
0.228
0.228
0.228
0.228
0.228
0.228
0.228
0.229
0.229
0.229
0.229
0.229
0.229
0.229
0.229
0.229
0.229
0.229
0.23
0.23
0.23
0.23
0.23
0.231
0.231
0.231
0.231
0.231
0.231
0.231
0.231
0.232
0.232
0.232
0.233
0.233
0.233
0.233
0.233
0.233
0.233
0.234
0.234
0.234
0.234
0.234
0.235
0.235
0.235
0.235
0.235
0.235
0.235
0.236
0.236
0.236
0.236
0.236
0.236
0.236
0.236
0.236
0.236
0.237
0.237
0.237
0.237
0.237
0.237
0.238
0.238
0.238
0.238
0.238
0.239
0.239
0.239
0.239
0.239
0.239
0.239
0.239
0.239
0.239
0.24
0.24
0.24
0.24
0.24
0.241
0.241
0.241
0.241
0.241
0.241
0.242
0.242
0.242
0.242
0.242
0.242
0.242
0.242
0.242
0.243
0.243
0.243
0.243
0.243
0.243
0.244
0.244
0.244
0.244
0.245
0.245
0.245
0.245
0.245
0.246
0.246
0.246
0.247
0.247
0.247
0.247
0.248
0.248
0.248
0.248
0.248
0.248
0.249
0.249
0.249
0.249
0.25
0.25
0.25
0.25
0.25
0.25
0.251
0.251
0.251
0.252
0.252
0.252
0.252
0.252
0.252
0.253
0.253
0.253
0.254
0.254
0.254
0.254
0.254
0.255
0.255
0.255
0.255
0.255
0.256
0.256
0.256
0.257
0.257
0.257
0.257
0.257
0.257
0.258
0.258
0.258
0.258
0.258
0.259
0.26
0.26
0.26
0.26
0.261
0.261
0.261
0.261
0.261
0.262
0.262
0.262
0.264
0.264
0.264
0.265
0.265
0.266
0.266
0.267
0.267
0.268
0.268
0.268
0.269
0.27
0.27
0.27
0.27
0.271
0.271
0.271
0.271
0.271
0.272
0.272
0.272
0.273
0.273
0.273
0.273
0.273
0.273
0.273
0.274
0.275
0.276
0.276
0.276
0.277
0.277
0.277
0.278
0.279
0.28
0.282
0.282
0.282
0.283
0.283
0.283
0.284
0.284
0.284
0.284
0.286
0.286
0.286
0.286
0.286
0.286
0.286
0.287
0.287
0.287
0.287
0.287
0.287
0.288
0.291
0.291
0.291
0.291
0.291
0.293
0.293
0.294
0.294
0.296
0.296
0.297
0.297
0.297
0.297
0.298
0.298
0.298
0.298
0.298
0.299
0.3
0.301
0.302
0.302
0.303
0.304
0.304
0.306
0.306
0.307
0.308
0.309
0.309
0.311
0.312
0.314
0.315
0.318
0.319
0.32
0.321
0.321
0.321
0.321
0.321
0.322
0.323
0.324
0.326
0.327
0.329
0.329
0.329
0.33
0.33
0.331
0.332
0.335
0.336
0.339
0.341
0.341
0.344
0.345
0.346
0.351
0.353
0.353
0.354
0.362
0.364
0.364
0.364
0.366
0.366
0.366
0.368
0.369
0.369
0.37
0.374
0.374
0.375
0.379
0.384
0.385
0.386
0.386
0.389
0.39
0.391
0.394
0.396
0.399
0.4
0.402
0.407
0.41
0.412
0.422
0.429
0.434
0.435
0.437
0.442
0.442
0.442
0.442
0.448
0.451
0.455
0.455
0.456
0.457
0.458
0.46
0.462
0.47
0.471
0.473
0.475
0.48
0.484
0.487
0.492
0.499
0.502
0.504
0.508
0.516
0.519
0.521
0.531
0.547
0.559
0.567
0.57
0.571
0.59
0.598
0.606
0.607
0.621
0.631
0.648
0.678
0.684
0.707
0.827
