0.2
0.203
0.204
0.204
0.204
0.204
0.204
0.205
0.205
0.205
0.205
0.205
0.205
0.206
0.206
0.206
0.206
0.206
0.206
0.206
0.206
0.206
0.206
0.206
0.207
0.207
0.207
0.207
0.207
0.207
0.207
0.207
0.207
0.207
0.207
0.208
0.208
0.208
0.208
0.208
0.208
0.208
0.208
0.208
0.208
0.208
0.208
0.208
0.208
0.208
0.208
0.208
0.208
0.208
0.208
0.208
0.209
0.209
0.209
0.209
0.209
0.209
0.209
0.209
0.209
0.209
0.209
0.209
0.209
0.209
0.209
0.209
0.209
0.209
0.209
0.209
0.209
0.209
0.209
0.209
0.209
0.209
0.209
0.209
0.209
0.209
0.209
0.209
0.209
0.209
0.21
0.21
0.21
0.21
0.21
0.21
0.21
0.21
0.21
0.21
0.21
0.21
0.21
0.21
0.21
0.21
0.21
0.21
0.21
0.21
0.21
0.21
0.21
0.21
0.21
0.21
0.21
0.21
0.21
0.21
0.21
0.21
0.21
0.211
0.211
0.211
0.211
0.211
0.211
0.211
0.211
0.211
0.211
0.211
0.211
0.211
0.211
0.211
0.211
0.211
0.211
0.211
0.211
0.211
0.211
0.211
0.211
0.211
0.211
0.211
0.211
0.211
0.211
0.211
0.211
0.211
0.211
0.211
0.211
0.211
0.211
0.211
0.211
0.211
0.211
0.211
0.211
0.212
0.212
0.212
0.212
0.212
0.212
0.212
0.212
0.212
0.212
0.212
0.212
0.212
0.212
0.212
0.212
0.212
0.212
0.212
0.212
0.212
0.212
0.212
0.212
0.212
0.212
0.212
0.212
0.212
0.212
0.212
0.212
0.212
0.212
0.212
0.212
0.212
0.212
0.213
0.213
0.213
0.213
0.213
0.213
0.213
0.213
0.213
0.213
0.213
0.213
0.213
0.213
0.213
0.213
0.213
0.213
0.213
0.213
0.213
0.213
0.213
0.213
0.213
0.213
0.213
0.213
0.213
0.213
0.213
0.213
0.213
0.213
0.213
0.213
0.213
0.213
0.213
0.213
0.213
0.213
0.213
0.213
0.213
0.213
0.213
0.213
0.214
0.214
0.214
0.214
0.214
0.214
0.214
0.214
0.214
0.214
0.214
0.214
0.214
0.214
0.214
0.214
0.214
0.214
0.214
0.214
0.214
0.214
0.214
0.214
0.214
0.214
0.214
0.214
0.214
0.214
0.214
0.214
0.214
0.214
0.214
0.214
0.214
0.214
0.214
0.214
0.214
0.214
0.214
0.214
0.214
0.214
0.214
0.214
0.214
0.214
0.215
0.215
0.215
0.215
0.215
0.215
0.215
0.215
0.215
0.215
0.215
0.215
0.215
0.215
0.215
0.215
0.215
0.215
0.215
0.215
0.215
0.215
0.215
0.215
0.215
0.215
0.215
0.215
0.215
0.215
0.215
0.215
0.215
0.215
0.215
0.215
0.215
0.215
0.215
0.215
0.216
0.216
0.216
0.216
0.216
0.216
0.216
0.216
0.216
0.216
0.216
0.216
0.216
0.216
0.216
0.216
0.216
0.216
0.216
0.216
0.216
0.216
0.216
0.216
0.216
0.216
0.216
0.216
0.216
0.216
0.216
0.216
0.216
0.216
0.216
0.216
0.216
0.216
0.216
0.217
0.217
0.217
0.217
0.217
0.217
0.217
0.217
0.217
0.217
0.217
0.217
0.217
0.217
0.217
0.217
0.217
0.217
0.217
0.217
0.217
0.217
0.217
0.217
0.217
0.217
0.217
0.217
0.217
0.217
0.217
0.217
0.217
0.217
0.217
0.218
0.218
0.218
0.218
0.218
0.218
0.218
0.218
0.218
0.218
0.218
0.218
0.218
0.218
0.218
0.218
0.218
0.218
0.218
0.218
0.218
0.218
0.218
0.218
0.218
0.218
0.218
0.218
0.218
0.218
0.218
0.218
0.218
0.218
0.218
0.218
0.218
0.218
0.219
0.219
0.219
0.219
0.219
0.219
0.219
0.219
0.219
0.219
0.219
0.219
0.219
0.219
0.219
0.219
0.219
0.219
0.219
0.219
0.22
0.22
0.22
0.22
0.22
0.22
0.22
0.22
0.22
0.22
0.22
0.22
0.22
0.22
0.22
0.22
0.22
0.22
0.22
0.22
0.22
0.22
0.22
0.22
0.22
0.22
0.22
0.22
0.221
0.221
0.221
0.221
0.221
0.221
0.221
0.221
0.221
0.221
0.221
0.221
0.221
0.221
0.221
0.221
0.221
0.221
0.222
0.222
0.222
0.222
0.222
0.222
0.222
0.222
0.222
0.222
0.222
0.222
0.222
0.222
0.222
0.222
0.222
0.222
0.222
0.223
0.223
0.223
0.223
0.223
0.223
0.223
0.223
0.223
0.223
0.223
0.223
0.223
0.223
0.223
0.223
0.224
0.224
0.224
0.224
0.224
0.224
0.224
0.224
0.225
0.225
0.225
0.225
0.225
0.225
0.225
0.225
0.225
0.225
0.225
0.225
0.225
0.225
0.225
0.225
0.225
0.225
0.225
0.226
0.226
0.226
0.226
0.226
0.226
0.226
0.226
0.226
0.226
0.226
0.226
0.226
0.226
0.226
0.226
0.227
0.227
0.227
0.227
0.227
0.227
0.227
0.227
0.228
0.228
0.228
0.228
0.228
0.228
0.229
0.229
0.229
0.229
0.229
0.229
0.229
0.229
0.229
0.229
0.23
0.23
0.23
0.23
0.23
0.23
0.23
0.23
0.23
0.231
0.231
0.231
0.231
0.231
0.231
0.231
0.232
0.232
0.232
0.232
0.232
0.233
0.233
0.233
0.233
0.233
0.233
0.233
0.233
0.233
0.233
0.234
0.234
0.234
0.234
0.234
0.235
0.235
0.235
0.235
0.235
0.235
0.235
0.235
0.236
0.236
0.236
0.236
0.236
0.236
0.236
0.237
0.237
0.237
0.237
0.237
0.237
0.238
0.238
0.238
0.238
0.238
0.238
0.238
0.238
0.238
0.238
0.239
0.24
0.24
0.24
0.24
0.24
0.24
0.24
0.241
0.241
0.241
0.241
0.242
0.242
0.242
0.242
0.242
0.242
0.242
0.243
0.243
0.243
0.243
0.243
0.243
0.244
0.244
0.244
0.244
0.245
0.245
0.245
0.245
0.245
0.245
0.245
0.245
0.245
0.246
0.246
0.246
0.247
0.247
0.247
0.247
0.247
0.247
0.247
0.247
0.247
0.248
0.248
0.248
0.248
0.248
0.248
0.249
0.249
0.249
0.249
0.25
0.25
0.25
0.25
0.25
0.25
0.251
0.251
0.251
0.251
0.251
0.252
0.252
0.252
0.252
0.253
0.253
0.253
0.253
0.254
0.254
0.254
0.254
0.254
0.255
0.255
0.255
0.255
0.255
0.256
0.256
0.256
0.256
0.256
0.256
0.256
0.257
0.257
0.257
0.258
0.258
0.258
0.259
0.259
0.259
0.259
0.26
0.26
0.261
0.261
0.261
0.262
0.262
0.262
0.262
0.263
0.263
0.263
0.265
0.266
0.266
0.267
0.267
0.267
0.268
0.268
0.268
0.268
0.268
0.268
0.268
0.268
0.269
0.269
0.269
0.269
0.269
0.27
0.27
0.27
0.27
0.27
0.271
0.271
0.271
0.271
0.273
0.273
0.273
0.273
0.273
0.273
0.274
0.274
0.275
0.277
0.278
0.278
0.278
0.278
0.279
0.28
0.281
0.282
0.282
0.283
0.284
0.284
0.284
0.286
0.288
0.288
0.289
0.289
0.289
0.29
0.291
0.291
0.292
0.292
0.292
0.294
0.295
0.296
0.297
0.298
0.299
0.3
0.3
0.3
0.301
0.301
0.303
0.303
0.304
0.306
0.306
0.307
0.307
0.309
0.309
0.309
0.309
0.31
0.31
0.311
0.313
0.313
0.314
0.314
0.315
0.316
0.316
0.319
0.32
0.32
0.321
0.323
0.323
0.327
0.331
0.331
0.332
0.333
0.334
0.334
0.337
0.337
0.339
0.339
0.34
0.342
0.343
0.344
0.347
0.348
0.349
0.352
0.353
0.354
0.356
0.357
0.358
0.36
0.361
0.361
0.363
0.364
0.367
0.368
0.371
0.372
0.372
0.372
0.372
0.375
0.376
0.379
0.379
0.381
0.381
0.383
0.384
0.386
0.386
0.388
0.389
0.391
0.398
0.4
0.406
0.406
0.409
0.412
0.413
0.415
0.418
0.419
0.422
0.424
0.424
0.43
0.432
0.432
0.433
0.439
0.441
0.446
0.447
0.455
0.463
0.464
0.468
0.505
0.518
0.525
0.536
0.546
0.566
0.57
0.572
0.603
0.605
0.62
0.62
0.627
0.639
0.639
0.67
0.737
