0.69
0.691
0.691
0.691
0.693
0.693
0.694
0.694
0.694
0.694
0.695
0.695
0.695
0.696
0.697
0.697
0.697
0.698
0.698
0.698
0.699
0.699
0.699
0.699
0.7
0.7
0.701
0.703
0.703
0.703
0.704
0.704
0.704
0.705
0.705
0.706
0.706
0.707
0.707
0.707
0.708
0.708
0.709
0.709
0.709
0.71
0.71
0.71
0.71
0.71
0.711
0.711
0.711
0.711
0.712
0.712
0.713
0.713
0.713
0.713
0.714
0.714
0.714
0.714
0.715
0.715
0.716
0.716
0.717
0.717
0.718
0.719
0.719
0.719
0.719
0.719
0.72
0.72
0.72
0.72
0.721
0.721
0.721
0.722
0.722
0.723
0.723
0.723
0.723
0.724
0.725
0.726
0.727
0.727
0.728
0.728
0.728
0.728
0.729
0.729
0.729
0.73
0.73
0.73
0.731
0.731
0.731
0.731
0.731
0.731
0.731
0.732
0.732
0.733
0.733
0.733
0.733
0.733
0.735
0.735
0.735
0.736
0.736
0.736
0.737
0.739
0.739
0.74
0.74
0.74
0.741
0.741
0.743
0.743
0.743
0.743
0.743
0.744
0.744
0.745
0.745
0.746
0.746
0.746
0.747
0.747
0.748
0.748
0.748
0.748
0.749
0.749
0.749
0.749
0.749
0.75
0.75
0.75
0.751
0.751
0.752
0.752
0.752
0.752
0.752
0.753
0.753
0.753
0.754
0.754
0.754
0.754
0.754
0.755
0.755
0.755
0.756
0.756
0.756
0.757
0.757
0.758
0.76
0.76
0.76
0.76
0.761
0.761
0.761
0.761
0.761
0.761
0.762
0.762
0.762
0.762
0.763
0.763
0.763
0.764
0.764
0.765
0.765
0.766
0.766
0.766
0.767
0.767
0.767
0.768
0.768
0.768
0.769
0.769
0.769
0.769
0.769
0.769
0.769
0.77
0.771
0.771
0.772
0.773
0.774
0.774
0.774
0.774
0.775
0.775
0.775
0.775
0.775
0.775
0.775
0.776
0.776
0.776
0.776
0.776
0.777
0.777
0.778
0.78
0.78
0.781
0.781
0.781
0.782
0.783
0.784
0.784
0.785
0.785
0.785
0.785
0.786
0.786
0.786
0.787
0.787
0.787
0.788
0.788
0.788
0.788
0.789
0.789
0.789
0.79
0.79
0.791
0.792
0.792
0.792
0.794
0.794
0.794
0.795
0.795
0.795
0.795
0.795
0.795
0.797
0.797
0.797
0.798
0.799
0.8
0.801
0.801
0.801
0.801
0.802
0.803
0.803
0.804
0.804
0.804
0.805
0.805
0.805
0.805
0.805
0.807
0.807
0.808
0.808
0.808
0.809
0.809
0.81
0.811
0.812
0.812
0.813
0.813
0.814
0.814
0.814
0.816
0.816
0.816
0.817
0.818
0.819
0.819
0.819
0.82
0.82
0.821
0.822
0.823
0.823
0.823
0.824
0.825
0.825
0.826
0.827
0.827
0.827
0.827
0.827
0.829
0.833
0.833
0.833
0.834
0.835
0.836
0.836
0.837
0.837
0.837
0.838
0.842
0.843
0.845
0.845
0.846
0.846
0.846
0.847
0.847
0.847
0.848
0.849
0.849
0.85
0.85
0.851
0.852
0.853
0.853
0.853
0.853
0.854
0.854
0.855
0.856
0.856
0.857
0.858
0.858
0.859
0.859
0.859
0.859
0.859
0.862
0.862
0.864
0.864
0.864
0.864
0.864
0.865
0.866
0.867
0.868
0.87
0.87
0.871
0.871
0.872
0.873
0.873
0.874
0.875
0.876
0.876
0.876
0.876
0.877
0.878
0.879
0.88
0.88
0.881
0.881
0.881
0.882
0.883
0.883
0.885
0.886
0.886
0.888
0.888
0.889
0.89
0.89
0.891
0.892
0.893
0.894
0.895
0.895
0.895
0.895
0.896
0.896
0.896
0.898
0.898
0.9
0.9
0.9
0.9
0.905
0.906
0.907
0.908
0.908
0.909
0.909
0.91
0.911
0.911
0.911
0.913
0.914
0.914
0.914
0.914
0.915
0.915
0.916
0.917
0.918
0.919
0.92
0.921
0.922
0.923
0.924
0.924
0.924
0.927
0.927
0.927
0.928
0.928
0.929
0.93
0.93
0.932
0.932
0.932
0.932
0.935
0.937
0.939
0.94
0.94
0.94
0.94
0.941
0.942
0.942
0.943
0.943
0.944
0.946
0.946
0.946
0.946
0.947
0.947
0.947
0.948
0.949
0.949
0.949
0.95
0.95
0.951
0.951
0.951
0.952
0.953
0.954
0.956
0.957
0.959
0.959
0.96
0.961
0.962
0.962
0.967
0.967
0.968
0.968
0.97
0.971
0.972
0.973
0.973
0.975
0.979
0.981
0.981
0.982
0.982
0.984
0.985
0.986
0.986
0.987
0.987
0.987
0.988
0.989
0.991
0.991
0.991
0.992
0.993
0.994
0.994
0.994
0.996
0.997
0.998
0.998
0.998
0.998
0.999
1
1
1
1
1
1
1
1
1
1
1
1
1
1
1
1
1
1
1
1
1
1
1
1
1
1
1
1
1
1
1
1
1
1
1
1
1
1
1
1
1
1
1
1
1
1
1
1
1
1
1
1
1
1
1
1
1
1
1
1
1
1
1
1
1
1
1
1
1
1
1
1
1
1
1
1
1
1
1
1
1
1
1
1
1
1
1
1
1
1
1
1
1
1
1
1
1
1
1
1
1
1
1
1
1
1
1
1
1
1
1
1
1
1
1
1
1
1
1
1
1
1
1
1
1
1
1
1
1
1
1
1
1
1
1
1
1
1
1
1
1
1
1
1
1
1
1
1
1
1
1
1
1
1
1
1
1
1
1
1
1
1
1
1
1
1
1
1
1
1
1
1
1
1
1
1
1
1
1
1
1
1
1
1
1
1
1
1
1
1
1
1
1
1
1
1
1
1
1
1
1
1
1
1
1
1
1
1
1
1
1
1
1
1
1
1
1
1
1
1
1
1
1
1
1
1
1
1
1
1
1
1
1
1
1
1
1
1
1
1
1
1
1
1
1
1
1
1
1
1
1
1
1
1
1
1
1
1
1
1
1
1
1
1
1
1
1
1
1
1
1
1
1
1
1
1
1
1
1
1
1
1
1
1
1
1
1
1
1
1
1
1
1
1
1
1
1
1
1
1
1
1
1
1
1
1
1
1
1
1
1
1
1
1
1
1
1
1
1
1
1
1
1
1
1
1
1
1
1
1
1
1
1
1
1
1
1
1
1
1
1
1
1
1
1
1
1
1
1
1
1
1
1
1
1
1
1
1
1
1
1
1
1
1
1
1
1
1
1
1
1
1
1
1
1
1
1
1
1
1
1
1
1
1
1
1
1
1
1
1
1
1
1
1
1
1
1
1
1
1
1
1
1
1
1
1
1
1
1
1
1
1
1
1
1
1
1
1
1
1
1
1
1
1
1
1
1
1
1
