0.38
0.385
0.391
0.392
0.392
0.392
0.393
0.393
0.399
0.399
0.399
0.399
0.401
0.402
0.403
0.403
0.403
0.403
0.403
0.404
0.404
0.404
0.405
0.405
0.405
0.405
0.406
0.406
0.406
0.406
0.406
0.407
0.407
0.407
0.407
0.408
0.409
0.409
0.409
0.409
0.409
0.41
0.41
0.41
0.41
0.411
0.411
0.411
0.411
0.412
0.412
0.412
0.412
0.413
0.413
0.413
0.414
0.414
0.414
0.414
0.414
0.415
0.415
0.415
0.415
0.416
0.416
0.416
0.416
0.416
0.417
0.417
0.417
0.417
0.417
0.417
0.418
0.418
0.418
0.418
0.42
0.42
0.421
0.421
0.421
0.421
0.421
0.422
0.422
0.422
0.422
0.423
0.423
0.423
0.423
0.425
0.425
0.425
0.425
0.425
0.425
0.425
0.425
0.426
0.426
0.426
0.427
0.427
0.427
0.427
0.427
0.427
0.427
0.427
0.428
0.428
0.428
0.428
0.428
0.429
0.429
0.429
0.43
0.43
0.43
0.43
0.431
0.431
0.431
0.431
0.432
0.433
0.433
0.433
0.433
0.433
0.433
0.434
0.434
0.434
0.434
0.434
0.434
0.435
0.435
0.435
0.435
0.435
0.435
0.436
0.436
0.436
0.436
0.436
0.437
0.437
0.437
0.437
0.437
0.438
0.438
0.438
0.438
0.439
0.439
0.44
0.44
0.441
0.441
0.442
0.442
0.443
0.443
0.443
0.443
0.443
0.443
0.443
0.444
0.444
0.445
0.445
0.446
0.446
0.447
0.447
0.447
0.447
0.447
0.448
0.448
0.448
0.448
0.449
0.449
0.449
0.449
0.449
0.449
0.449
0.45
0.451
0.451
0.452
0.452
0.452
0.452
0.452
0.452
0.453
0.453
0.453
0.454
0.455
0.455
0.456
0.456
0.456
0.456
0.457
0.457
0.458
0.458
0.458
0.458
0.459
0.459
0.46
0.46
0.46
0.461
0.461
0.461
0.461
0.461
0.461
0.462
0.462
0.463
0.464
0.464
0.464
0.464
0.465
0.465
0.465
0.466
0.466
0.466
0.467
0.467
0.467
0.467
0.468
0.468
0.468
0.468
0.468
0.469
0.469
0.469
0.469
0.469
0.47
0.47
0.47
0.47
0.471
0.471
0.472
0.472
0.472
0.472
0.473
0.474
0.475
0.475
0.475
0.475
0.477
0.478
0.478
0.478
0.478
0.478
0.478
0.478
0.478
0.478
0.48
0.48
0.48
0.481
0.481
0.481
0.482
0.482
0.483
0.483
0.484
0.484
0.484
0.484
0.485
0.485
0.486
0.486
0.486
0.487
0.487
0.487
0.487
0.488
0.488
0.488
0.489
0.489
0.489
0.489
0.491
0.492
0.493
0.493
0.493
0.494
0.495
0.495
0.495
0.496
0.497
0.497
0.497
0.497
0.497
0.499
0.499
0.499
0.501
0.501
0.502
0.502
0.502
0.502
0.503
0.503
0.504
0.504
0.504
0.504
0.505
0.506
0.507
0.508
0.508
0.508
0.508
0.509
0.512
0.513
0.514
0.515
0.516
0.517
0.518
0.518
0.519
0.519
0.519
0.52
0.52
0.52
0.521
0.521
0.522
0.525
0.526
0.526
0.526
0.526
0.527
0.527
0.527
0.529
0.529
0.53
0.531
0.531
0.532
0.532
0.533
0.533
0.533
0.534
0.534
0.535
0.536
0.537
0.537
0.538
0.539
0.539
0.54
0.54
0.543
0.543
0.545
0.545
0.546
0.547
0.547
0.549
0.549
0.549
0.549
0.549
0.55
0.55
0.55
0.55
0.551
0.551
0.551
0.552
0.553
0.553
0.553
0.553
0.553
0.553
0.554
0.554
0.554
0.554
0.555
0.555
0.555
0.556
0.556
0.557
0.557
0.557
0.558
0.56
0.56
0.56
0.56
0.561
0.561
0.561
0.561
0.562
0.563
0.563
0.563
0.564
0.564
0.564
0.565
0.565
0.565
0.567
0.568
0.568
0.568
0.569
0.571
0.573
0.575
0.576
0.577
0.577
0.579
0.579
0.579
0.579
0.58
0.58
0.58
0.58
0.581
0.581
0.582
0.582
0.582
0.582
0.582
0.584
0.586
0.586
0.586
0.586
0.588
0.588
0.588
0.59
0.591
0.592
0.592
0.593
0.593
0.594
0.594
0.595
0.595
0.596
0.599
0.599
0.601
0.601
0.601
0.601
0.602
0.602
0.603
0.603
0.606
0.606
0.606
0.607
0.608
0.609
0.61
0.611
0.611
0.612
0.612
0.613
0.614
0.614
0.615
0.615
0.616
0.616
0.616
0.617
0.618
0.62
0.622
0.622
0.623
0.625
0.625
0.625
0.626
0.626
0.627
0.628
0.628
0.628
0.628
0.629
0.629
0.629
0.63
0.633
0.635
0.637
0.638
0.638
0.641
0.641
0.646
0.647
0.647
0.648
0.649
0.649
0.649
0.649
0.65
0.652
0.653
0.654
0.655
0.656
0.656
0.658
0.658
0.66
0.66
0.662
0.662
0.664
0.665
0.666
0.669
0.67
0.671
0.671
0.671
0.673
0.673
0.674
0.674
0.674
0.675
0.675
0.675
0.678
0.678
0.678
0.678
0.679
0.68
0.681
0.683
0.683
0.685
0.686
0.686
0.687
0.687
0.688
0.689
0.69
0.691
0.691
0.691
0.692
0.692
0.693
0.696
0.696
0.698
0.698
0.699
0.701
0.704
0.705
0.705
0.707
0.708
0.711
0.712
0.714
0.715
0.715
0.716
0.717
0.717
0.717
0.719
0.721
0.723
0.723
0.727
0.728
0.728
0.729
0.73
0.73
0.733
0.733
0.734
0.736
0.739
0.74
0.742
0.744
0.747
0.747
0.747
0.748
0.748
0.751
0.751
0.757
0.758
0.759
0.759
0.762
0.762
0.765
0.765
0.765
0.767
0.768
0.771
0.771
0.772
0.773
0.773
0.776
0.779
0.779
0.782
0.783
0.784
0.789
0.792
0.792
0.795
0.797
0.797
0.797
0.802
0.803
0.804
0.805
0.806
0.809
0.81
0.811
0.811
0.813
0.817
0.819
0.823
0.824
0.828
0.829
0.829
0.83
0.831
0.831
0.833
0.834
0.835
0.835
0.835
0.836
0.837
0.839
0.84
0.841
0.844
0.845
0.845
0.848
0.849
0.85
0.851
0.851
0.851
0.852
0.852
0.854
0.864
0.869
0.869
0.872
0.873
0.875
0.879
0.882
0.89
0.891
0.891
0.893
0.893
0.894
0.895
0.895
0.895
0.896
0.902
0.906
0.907
0.908
0.909
0.91
0.91
0.911
0.912
0.913
0.922
0.923
0.924
0.924
0.924
0.926
0.93
0.935
0.944
0.946
0.947
0.948
0.948
0.948
0.95
0.951
0.955
0.956
0.959
0.96
0.961
0.964
0.967
0.974
0.983
0.985
0.985
0.99
0.991
0.996
0.999
1
1
1
1
1
1
1
1
1
1
1
1
1
1
1
1
1
1
1
1
1
1
1
1
1
1
1
1
1
1
1
1
1
1
1
1
1
1
1
1
1
1
1
1
1
1
1
1
1
1
1
1
1
1
1
1
1
1
1
1
1
1
1
1
1
1
1
1
1
1
1
1
1
1
1
1
1
1
1
1
1
1
1
1
1
1
1
1
1
1
1
1
1
1
1
1
1
1
1
1
1
1
1
1
1
1
1
1
1
1
1
1
1
1
1
1
1
1
1
1
1
1
1
1
1
1
1
1
1
1
1
1
1
1
1
1
1
1
1
1
1
1
1
1
1
1
1
1
1
1
1
1
1
1
1
1
1
1
1
1
1
1
1
1
1
1
1
1
1
1
1
1
1
1
1
1
1
1
1
1
1
1
1
1
1
1
1
1
1
1
1
1
1
1
1
1
1
1
1
1
1
1
1
1
