0.543
0.547
0.554
0.555
0.558
0.561
0.564
0.564
0.564
0.566
0.566
0.567
0.572
0.572
0.573
0.574
0.574
0.574
0.577
0.579
0.579
0.579
0.58
0.58
0.581
0.581
0.582
0.582
0.582
0.582
0.582
0.582
0.584
0.584
0.584
0.584
0.585
0.585
0.586
0.586
0.586
0.586
0.586
0.586
0.587
0.587
0.587
0.587
0.587
0.588
0.588
0.589
0.589
0.589
0.589
0.59
0.59
0.591
0.591
0.591
0.592
0.593
0.593
0.593
0.593
0.595
0.596
0.597
0.597
0.597
0.598
0.598
0.598
0.598
0.598
0.598
0.598
0.599
0.599
0.599
0.6
0.6
0.6
0.6
0.601
0.601
0.601
0.602
0.602
0.602
0.602
0.603
0.603
0.603
0.603
0.603
0.603
0.603
0.603
0.604
0.604
0.604
0.604
0.604
0.604
0.604
0.604
0.605
0.605
0.605
0.605
0.605
0.605
0.606
0.606
0.606
0.606
0.606
0.606
0.606
0.607
0.607
0.607
0.607
0.607
0.608
0.608
0.608
0.608
0.608
0.608
0.609
0.609
0.609
0.609
0.609
0.609
0.609
0.61
0.61
0.61
0.61
0.61
0.611
0.611
0.611
0.611
0.611
0.611
0.612
0.612
0.612
0.612
0.612
0.612
0.612
0.612
0.613
0.613
0.613
0.613
0.613
0.613
0.614
0.614
0.614
0.614
0.614
0.614
0.614
0.614
0.615
0.615
0.615
0.615
0.615
0.615
0.616
0.616
0.616
0.616
0.616
0.616
0.616
0.616
0.616
0.616
0.616
0.617
0.617
0.617
0.617
0.617
0.618
0.618
0.618
0.618
0.618
0.618
0.618
0.618
0.618
0.618
0.618
0.618
0.618
0.618
0.619
0.619
0.619
0.619
0.619
0.619
0.619
0.62
0.62
0.62
0.621
0.621
0.621
0.621
0.622
0.622
0.622
0.623
0.623
0.623
0.623
0.623
0.623
0.623
0.623
0.623
0.623
0.624
0.624
0.624
0.624
0.624
0.624
0.624
0.624
0.624
0.625
0.625
0.625
0.625
0.625
0.625
0.625
0.625
0.625
0.625
0.626
0.626
0.626
0.626
0.626
0.626
0.626
0.626
0.626
0.626
0.626
0.626
0.627
0.627
0.627
0.627
0.627
0.627
0.627
0.627
0.627
0.627
0.628
0.628
0.628
0.628
0.628
0.628
0.628
0.628
0.628
0.628
0.628
0.628
0.629
0.629
0.629
0.629
0.629
0.629
0.629
0.629
0.629
0.63
0.63
0.63
0.63
0.63
0.63
0.63
0.63
0.631
0.631
0.631
0.631
0.631
0.631
0.631
0.631
0.632
0.632
0.632
0.632
0.632
0.632
0.632
0.632
0.632
0.632
0.633
0.633
0.633
0.633
0.633
0.633
0.633
0.634
0.634
0.634
0.634
0.634
0.634
0.635
0.635
0.635
0.635
0.636
0.636
0.636
0.636
0.636
0.636
0.636
0.637
0.637
0.637
0.637
0.637
0.638
0.638
0.638
0.638
0.638
0.638
0.638
0.638
0.638
0.638
0.638
0.638
0.639
0.639
0.639
0.639
0.639
0.64
0.64
0.64
0.64
0.64
0.64
0.64
0.64
0.641
0.641
0.641
0.641
0.641
0.642
0.642
0.642
0.642
0.642
0.642
0.642
0.642
0.643
0.643
0.643
0.643
0.643
0.643
0.643
0.643
0.643
0.643
0.644
0.644
0.644
0.644
0.644
0.644
0.644
0.645
0.645
0.645
0.645
0.645
0.645
0.645
0.645
0.646
0.646
0.646
0.646
0.646
0.647
0.647
0.647
0.647
0.647
0.647
0.648
0.648
0.648
0.648
0.648
0.648
0.649
0.649
0.649
0.649
0.65
0.65
0.65
0.65
0.65
0.65
0.65
0.651
0.651
0.651
0.651
0.651
0.651
0.651
0.652
0.652
0.652
0.652
0.652
0.652
0.652
0.653
0.653
0.653
0.653
0.653
0.654
0.654
0.654
0.654
0.654
0.654
0.655
0.655
0.655
0.655
0.655
0.655
0.655
0.656
0.656
0.656
0.656
0.657
0.657
0.657
0.657
0.658
0.658
0.658
0.658
0.658
0.659
0.659
0.659
0.66
0.66
0.66
0.66
0.66
0.661
0.661
0.661
0.661
0.661
0.662
0.662
0.662
0.662
0.662
0.662
0.663
0.663
0.663
0.663
0.663
0.663
0.664
0.664
0.664
0.664
0.664
0.664
0.664
0.665
0.666
0.666
0.666
0.666
0.666
0.667
0.667
0.667
0.667
0.667
0.667
0.668
0.668
0.668
0.668
0.668
0.668
0.669
0.669
0.669
0.669
0.67
0.67
0.671
0.671
0.671
0.671
0.671
0.671
0.672
0.672
0.672
0.672
0.672
0.672
0.672
0.672
0.673
0.673
0.675
0.675
0.675
0.675
0.676
0.676
0.676
0.676
0.677
0.677
0.678
0.678
0.678
0.679
0.679
0.679
0.679
0.68
0.68
0.68
0.68
0.68
0.681
0.681
0.681
0.681
0.681
0.681
0.683
0.684
0.684
0.684
0.685
0.685
0.685
0.686
0.687
0.687
0.687
0.688
0.689
0.689
0.691
0.691
0.691
0.692
0.692
0.692
0.692
0.694
0.694
0.694
0.695
0.695
0.695
0.695
0.695
0.696
0.697
0.699
0.699
0.699
0.7
0.701
0.701
0.701
0.701
0.701
0.702
0.702
0.702
0.703
0.703
0.703
0.703
0.705
0.706
0.706
0.706
0.707
0.707
0.707
0.707
0.708
0.709
0.709
0.709
0.709
0.71
0.71
0.711
0.713
0.713
0.714
0.714
0.714
0.714
0.714
0.715
0.715
0.715
0.715
0.716
0.716
0.717
0.717
0.718
0.719
0.72
0.72
0.72
0.721
0.721
0.721
0.722
0.723
0.723
0.723
0.724
0.726
0.726
0.726
0.726
0.726
0.727
0.727
0.727
0.728
0.728
0.73
0.73
0.73
0.731
0.731
0.732
0.732
0.732
0.733
0.734
0.735
0.735
0.735
0.736
0.736
0.736
0.737
0.737
0.737
0.737
0.738
0.739
0.739
0.741
0.741
0.741
0.742
0.742
0.742
0.743
0.744
0.744
0.744
0.747
0.749
0.749
0.75
0.751
0.752
0.754
0.755
0.755
0.755
0.757
0.757
0.758
0.758
0.76
0.761
0.761
0.762
0.762
0.763
0.764
0.764
0.765
0.767
0.768
0.769
0.769
0.769
0.769
0.77
0.771
0.772
0.774
0.776
0.777
0.778
0.779
0.784
0.785
0.786
0.788
0.789
0.79
0.79
0.791
0.791
0.791
0.792
0.792
0.792
0.792
0.795
0.796
0.797
0.798
0.798
0.799
0.799
0.799
0.8
0.8
0.8
0.8
0.802
0.806
0.81
0.812
0.814
0.815
0.817
0.824
0.831
0.834
0.834
0.835
0.835
0.836
0.842
0.843
0.844
0.844
0.845
0.846
0.847
0.848
0.849
0.849
0.85
0.85
0.851
0.853
0.854
0.855
0.857
0.857
0.86
0.86
0.861
0.866
0.872
0.873
0.875
0.884
0.885
0.885
0.886
0.889
0.89
0.892
0.894
0.895
0.896
0.899
0.9
0.9
0.902
0.903
0.906
0.907
0.908
0.908
0.91
0.911
0.911
0.911
0.913
0.915
0.919
0.922
0.923
0.924
0.924
0.932
0.933
0.933
0.934
0.936
0.937
0.937
0.939
0.941
0.941
0.942
0.946
0.952
0.952
0.953
0.955
0.956
0.96
0.962
0.962
0.962
0.964
0.967
0.968
0.973
0.98
0.983
0.985
0.985
0.987
0.999
0.999
1
1
1
1
1
1
1
1
1
1
1
1
1
1
1
1
1
1
1
1
1
1
1
1
1
1
1
1
1
1
1
1
1
1
1
1
1
1
1
1
1
1
1
1
1
1
1
1
1
1
1
1
1
1
1
1
1
1
1
1
1
1
1
1
1
1
1
1
1
1
1
1
1
1
1
1
1
1
1
1
1
1
1
1
1
1
1
1
1
1
1
1
1
1
1
1
1
1
1
1
1
1
1
1
1
1
1
1
1
1
1
1
1
1
1
