0.197
0.198
0.199
0.199
0.2
0.2
0.2
0.2
0.2
0.2
0.201
0.201
0.201
0.201
0.201
0.202
0.202
0.202
0.202
0.202
0.203
0.203
0.203
0.203
0.203
0.203
0.203
0.203
0.203
0.203
0.203
0.203
0.203
0.203
0.204
0.204
0.204
0.204
0.204
0.204
0.204
0.204
0.204
0.205
0.205
0.205
0.205
0.205
0.205
0.205
0.205
0.205
0.205
0.205
0.205
0.205
0.205
0.205
0.206
0.206
0.206
0.206
0.206
0.206
0.206
0.206
0.206
0.206
0.206
0.206
0.206
0.206
0.206
0.206
0.206
0.206
0.206
0.207
0.207
0.207
0.207
0.207
0.207
0.207
0.207
0.207
0.207
0.207
0.207
0.207
0.207
0.207
0.207
0.207
0.207
0.207
0.207
0.207
0.207
0.207
0.207
0.207
0.207
0.207
0.208
0.208
0.208
0.208
0.208
0.208
0.208
0.208
0.208
0.208
0.208
0.208
0.208
0.208
0.208
0.208
0.208
0.208
0.208
0.208
0.208
0.208
0.208
0.208
0.208
0.208
0.208
0.208
0.208
0.208
0.208
0.208
0.208
0.209
0.209
0.209
0.209
0.209
0.209
0.209
0.209
0.209
0.209
0.209
0.209
0.209
0.209
0.209
0.209
0.209
0.209
0.209
0.209
0.209
0.209
0.209
0.209
0.209
0.209
0.209
0.21
0.21
0.21
0.21
0.21
0.21
0.21
0.21
0.21
0.21
0.21
0.21
0.21
0.21
0.21
0.21
0.21
0.21
0.21
0.21
0.21
0.21
0.21
0.21
0.21
0.21
0.21
0.21
0.21
0.21
0.211
0.211
0.211
0.211
0.211
0.211
0.211
0.211
0.211
0.211
0.211
0.211
0.211
0.211
0.211
0.211
0.211
0.211
0.211
0.211
0.211
0.211
0.211
0.211
0.211
0.211
0.211
0.211
0.211
0.212
0.212
0.212
0.212
0.212
0.212
0.212
0.212
0.212
0.212
0.212
0.212
0.212
0.212
0.212
0.212
0.212
0.212
0.212
0.212
0.212
0.212
0.212
0.212
0.212
0.212
0.212
0.212
0.212
0.212
0.212
0.212
0.212
0.212
0.212
0.213
0.213
0.213
0.213
0.213
0.213
0.213
0.213
0.213
0.213
0.213
0.213
0.213
0.213
0.213
0.213
0.213
0.213
0.213
0.213
0.213
0.213
0.213
0.213
0.213
0.213
0.213
0.213
0.213
0.213
0.213
0.213
0.213
0.213
0.214
0.214
0.214
0.214
0.214
0.214
0.214
0.214
0.214
0.214
0.214
0.214
0.214
0.214
0.214
0.214
0.214
0.214
0.214
0.214
0.214
0.214
0.214
0.214
0.214
0.214
0.214
0.214
0.214
0.214
0.214
0.214
0.214
0.214
0.214
0.215
0.215
0.215
0.215
0.215
0.215
0.215
0.215
0.215
0.215
0.215
0.215
0.215
0.215
0.215
0.215
0.215
0.215
0.215
0.215
0.215
0.215
0.215
0.215
0.215
0.215
0.215
0.215
0.215
0.215
0.215
0.216
0.216
0.216
0.216
0.216
0.216
0.216
0.216
0.216
0.216
0.216
0.216
0.216
0.216
0.216
0.216
0.216
0.216
0.216
0.216
0.216
0.216
0.216
0.216
0.216
0.216
0.216
0.216
0.216
0.216
0.216
0.217
0.217
0.217
0.217
0.217
0.217
0.217
0.217
0.217
0.217
0.217
0.217
0.217
0.217
0.217
0.217
0.217
0.217
0.217
0.217
0.217
0.217
0.217
0.217
0.217
0.217
0.217
0.217
0.217
0.217
0.217
0.217
0.217
0.217
0.217
0.217
0.218
0.218
0.218
0.218
0.218
0.218
0.218
0.218
0.218
0.218
0.218
0.218
0.218
0.218
0.218
0.218
0.218
0.218
0.218
0.218
0.218
0.219
0.219
0.219
0.219
0.219
0.219
0.219
0.219
0.219
0.219
0.219
0.219
0.219
0.219
0.219
0.219
0.219
0.219
0.219
0.219
0.219
0.219
0.219
0.219
0.219
0.219
0.219
0.219
0.219
0.219
0.219
0.219
0.219
0.22
0.22
0.22
0.22
0.22
0.22
0.22
0.22
0.22
0.22
0.22
0.22
0.22
0.22
0.22
0.22
0.22
0.22
0.22
0.22
0.22
0.22
0.221
0.221
0.221
0.221
0.221
0.221
0.221
0.221
0.221
0.221
0.221
0.221
0.221
0.221
0.221
0.221
0.222
0.222
0.222
0.222
0.222
0.222
0.222
0.222
0.222
0.222
0.222
0.222
0.223
0.223
0.223
0.223
0.223
0.223
0.223
0.223
0.223
0.223
0.223
0.223
0.223
0.223
0.223
0.223
0.223
0.224
0.224
0.224
0.224
0.224
0.224
0.224
0.224
0.224
0.224
0.224
0.224
0.224
0.225
0.225
0.225
0.225
0.225
0.225
0.225
0.225
0.225
0.225
0.225
0.225
0.226
0.226
0.226
0.226
0.226
0.226
0.226
0.226
0.226
0.226
0.226
0.226
0.226
0.226
0.226
0.227
0.227
0.227
0.227
0.227
0.227
0.227
0.227
0.228
0.228
0.228
0.228
0.228
0.228
0.228
0.228
0.228
0.228
0.229
0.229
0.229
0.229
0.229
0.229
0.229
0.229
0.229
0.229
0.229
0.23
0.23
0.23
0.23
0.23
0.23
0.23
0.23
0.23
0.23
0.231
0.231
0.231
0.231
0.231
0.231
0.231
0.231
0.231
0.231
0.231
0.231
0.232
0.232
0.232
0.232
0.232
0.232
0.233
0.233
0.233
0.233
0.233
0.233
0.234
0.234
0.234
0.234
0.235
0.235
0.235
0.235
0.235
0.235
0.236
0.236
0.236
0.236
0.236
0.236
0.237
0.237
0.237
0.237
0.237
0.237
0.237
0.237
0.237
0.237
0.237
0.238
0.238
0.238
0.238
0.238
0.238
0.238
0.239
0.239
0.239
0.239
0.239
0.239
0.239
0.24
0.24
0.24
0.24
0.24
0.24
0.24
0.24
0.24
0.241
0.241
0.241
0.241
0.241
0.241
0.242
0.242
0.242
0.243
0.243
0.243
0.243
0.243
0.244
0.244
0.244
0.244
0.244
0.245
0.245
0.245
0.245
0.246
0.246
0.247
0.247
0.247
0.247
0.247
0.248
0.248
0.248
0.249
0.249
0.249
0.249
0.249
0.249
0.249
0.249
0.249
0.25
0.25
0.25
0.25
0.251
0.251
0.251
0.251
0.251
0.251
0.252
0.252
0.252
0.253
0.254
0.254
0.254
0.255
0.255
0.255
0.255
0.255
0.255
0.256
0.256
0.256
0.257
0.257
0.257
0.257
0.258
0.258
0.258
0.258
0.258
0.259
0.259
0.259
0.259
0.26
0.26
0.26
0.26
0.261
0.261
0.261
0.261
0.261
0.261
0.261
0.261
0.262
0.262
0.262
0.262
0.263
0.263
0.263
0.263
0.264
0.265
0.265
0.266
0.266
0.266
0.266
0.267
0.267
0.267
0.267
0.267
0.268
0.268
0.268
0.268
0.268
0.269
0.269
0.269
0.269
0.269
0.269
0.27
0.271
0.271
0.271
0.272
0.272
0.272
0.273
0.274
0.274
0.275
0.275
0.275
0.276
0.277
0.277
0.277
0.277
0.277
0.278
0.278
0.279
0.279
0.281
0.281
0.281
0.281
0.282
0.282
0.283
0.283
0.283
0.284
0.284
0.285
0.285
0.285
0.285
0.287
0.287
0.288
0.289
0.29
0.29
0.291
0.291
0.292
0.293
0.295
0.295
0.295
0.296
0.296
0.297
0.297
0.297
0.298
0.299
0.299
0.299
0.3
0.301
0.302
0.303
0.304
0.304
0.304
0.305
0.306
0.307
0.308
0.309
0.309
0.31
0.31
0.311
0.312
0.315
0.32
0.32
0.321
0.321
0.322
0.322
0.323
0.323
0.323
0.324
0.324
0.324
0.327
0.328
0.328
0.328
0.329
0.329
0.33
0.33
0.33
0.331
0.332
0.334
0.334
0.334
0.334
0.335
0.336
0.338
0.34
0.342
0.344
0.345
0.346
0.347
0.353
0.356
0.357
0.358
0.359
0.36
0.361
0.363
0.367
0.369
0.37
0.375
0.377
0.377
0.38
0.383
0.386
0.389
0.393
0.393
0.397
0.398
0.399
0.399
0.404
0.407
0.414
0.416
0.43
0.432
0.432
0.438
0.444
0.451
0.454
0.455
0.466
0.469
0.477
0.479
0.48
0.483
0.487
0.493
0.498
0.499
0.5
0.502
0.532
0.544
0.556
0.558
0.573
0.573
0.577
0.606
0.609
0.611
0.616
0.639
0.656
0.678
0.714
