0.751
0.808
0.812
0.82
0.829
0.833
0.837
0.838
0.843
0.851
0.853
0.854
0.855
0.855
0.856
0.857
0.863
0.864
0.865
0.866
0.868
0.872
0.872
0.873
0.874
0.875
0.876
0.879
0.882
0.883
0.883
0.883
0.883
0.884
0.887
0.89
0.89
0.892
0.892
0.892
0.893
0.894
0.894
0.895
0.897
0.897
0.898
0.898
0.9
0.9
0.902
0.902
0.902
0.903
0.905
0.905
0.906
0.906
0.907
0.909
0.909
0.911
0.911
0.911
0.911
0.912
0.912
0.913
0.914
0.916
0.916
0.916
0.916
0.917
0.917
0.919
0.92
0.92
0.92
0.921
0.921
0.922
0.924
0.924
0.924
0.924
0.924
0.925
0.925
0.925
0.926
0.926
0.926
0.926
0.928
0.929
0.93
0.93
0.931
0.931
0.932
0.932
0.932
0.932
0.932
0.932
0.933
0.933
0.933
0.933
0.933
0.934
0.934
0.935
0.935
0.938
0.938
0.938
0.939
0.939
0.94
0.94
0.94
0.941
0.941
0.941
0.942
0.942
0.942
0.942
0.942
0.942
0.942
0.943
0.943
0.944
0.944
0.944
0.944
0.945
0.945
0.945
0.946
0.946
0.946
0.947
0.948
0.948
0.948
0.948
0.949
0.949
0.95
0.951
0.951
0.952
0.952
0.952
0.953
0.953
0.953
0.953
0.954
0.954
0.955
0.955
0.955
0.956
0.956
0.956
0.957
0.957
0.958
0.958
0.958
0.958
0.958
0.959
0.959
0.959
0.959
0.96
0.96
0.96
0.961
0.961
0.962
0.962
0.962
0.963
0.963
0.963
0.964
0.964
0.964
0.965
0.965
0.965
0.966
0.966
0.967
0.967
0.968
0.968
0.968
0.968
0.969
0.97
0.97
0.97
0.971
0.972
0.973
0.973
0.973
0.973
0.974
0.975
0.975
0.975
0.976
0.976
0.976
0.976
0.976
0.976
0.976
0.976
0.977
0.977
0.977
0.978
0.978
0.978
0.978
0.978
0.979
0.979
0.98
0.98
0.98
0.98
0.981
0.981
0.982
0.983
0.983
0.983
0.984
0.984
0.984
0.984
0.984
0.984
0.984
0.985
0.985
0.985
0.986
0.986
0.986
0.986
0.986
0.987
0.987
0.987
0.988
0.989
0.989
0.99
0.99
0.991
0.991
0.991
0.991
0.991
0.991
0.991
0.991
0.992
0.992
0.992
0.993
0.993
0.993
0.993
0.993
0.993
0.993
0.995
0.995
0.995
0.996
0.996
0.996
0.996
0.997
0.997
0.997
0.998
0.998
0.998
0.998
0.999
0.999
0.999
0.999
1
1
1
1
1
1
1
1
1
1
1
1
1
1
1
1
1
1
1
1
1
1
1
1
1
1
1
1
1
1
1
1
1
1
1
1
1
1
1
1
1
1
1
1
1
1
1
1
1
1
1
1
1
1
1
1
1
1
1
1
1
1
1
1
1
1
1
1
1
1
1
1
1
1
1
1
1
1
1
1
1
1
1
1
1
1
1
1
1
1
1
1
1
1
1
1
1
1
1
1
1
1
1
1
1
1
1
1
1
1
1
1
1
1
1
1
1
1
1
1
1
1
1
1
1
1
1
1
1
1
1
1
1
1
1
1
1
1
1
1
1
1
1
1
1
1
1
1
1
1
1
1
1
1
1
1
1
1
1
1
1
1
1
1
1
1
1
1
1
1
1
1
1
1
1
1
1
1
1
1
1
1
1
1
1
1
1
1
1
1
1
1
1
1
1
1
1
1
1
1
1
1
1
1
1
1
1
1
1
1
1
1
1
1
1
1
1
1
1
1
1
1
1
1
1
1
1
1
1
1
1
1
1
1
1
1
1
1
1
1
1
1
1
1
1
1
1
1
1
1
1
1
1
1
1
1
1
1
1
1
1
1
1
1
1
1
1
1
1
1
1
1
1
1
1
1
1
1
1
1
1
1
1
1
1
1
1
1
1
1
1
1
1
1
1
1
1
1
1
1
1
1
1
1
1
1
1
1
1
1
1
1
1
1
1
1
1
1
1
1
1
1
1
1
1
1
1
1
1
1
1
1
1
1
1
1
1
1
1
1
1
1
1
1
1
1
1
1
1
1
1
1
1
1
1
1
1
1
1
1
1
1
1
1
1
1
1
1
1
1
1
1
1
1
1
1
1
1
1
1
1
1
1
1
1
1
1
1
1
1
1
1
1
1
1
1
1
1
1
1
1
1
1
1
1
1
1
1
1
1
1
1
1
1
1
1
1
1
1
1
1
1
1
1
1
1
1
1
1
1
1
1
1
1
1
1
1
1
1
1
1
1
1
1
1
1
1
1
1
1
1
1
1
1
1
1
1
1
1
1
1
1
1
1
1
1
1
1
1
1
1
1
1
1
1
1
1
1
1
1
1
1
1
1
1
1
1
1
1
1
1
1
1
1
1
1
1
1
1
1
1
1
1
1
1
1
1
1
1
1
1
1
1
1
1
1
1
1
1
1
1
1
1
1
1
1
1
1
1
1
1
1
1
1
1
1
1
1
1
1
1
1
1
1
1
1
1
1
1
1
1
1
1
1
1
1
1
1
1
1
1
1
1
1
1
1
1
1
1
1
1
1
1
1
1
1
1
1
1
1
1
1
1
1
1
1
1
1
1
1
1
1
1
1
1
1
1
1
1
1
1
1
1
1
1
1
1
1
1
1
1
1
1
1
1
1
1
1
1
1
1
1
1
1
1
1
1
1
1
1
1
1
1
1
1
1
1
1
1
1
1
1
1
1
1
1
1
1
1
1
1
1
1
1
1
1
1
1
1
1
1
1
1
1
1
1
1
1
1
1
1
1
1
1
1
1
1
1
1
1
1
1
1
1
1
1
1
1
1
1
1
1
1
