0.309
0.313
0.315
0.316
0.316
0.317
0.317
0.318
0.319
0.319
0.319
0.319
0.319
0.32
0.32
0.32
0.32
0.32
0.32
0.32
0.32
0.32
0.32
0.321
0.321
0.321
0.321
0.321
0.321
0.321
0.321
0.321
0.321
0.321
0.321
0.322
0.322
0.322
0.322
0.322
0.322
0.322
0.322
0.322
0.322
0.322
0.322
0.322
0.322
0.323
0.323
0.323
0.323
0.323
0.323
0.323
0.323
0.323
0.323
0.323
0.323
0.323
0.323
0.323
0.324
0.324
0.324
0.324
0.324
0.324
0.324
0.324
0.324
0.324
0.324
0.324
0.324
0.324
0.324
0.324
0.324
0.324
0.324
0.324
0.324
0.324
0.324
0.324
0.324
0.324
0.325
0.325
0.325
0.325
0.325
0.325
0.325
0.325
0.325
0.325
0.325
0.325
0.325
0.325
0.325
0.325
0.325
0.325
0.325
0.325
0.325
0.325
0.325
0.325
0.325
0.325
0.325
0.325
0.325
0.325
0.325
0.325
0.325
0.326
0.326
0.326
0.326
0.326
0.326
0.326
0.326
0.326
0.326
0.326
0.326
0.326
0.326
0.326
0.326
0.326
0.326
0.326
0.326
0.326
0.326
0.326
0.326
0.326
0.326
0.326
0.327
0.327
0.327
0.327
0.327
0.327
0.327
0.327
0.327
0.327
0.327
0.327
0.327
0.327
0.327
0.327
0.327
0.327
0.327
0.327
0.327
0.327
0.327
0.327
0.328
0.328
0.328
0.328
0.328
0.328
0.328
0.328
0.328
0.328
0.328
0.328
0.328
0.328
0.328
0.328
0.328
0.328
0.328
0.328
0.328
0.328
0.328
0.328
0.328
0.329
0.329
0.329
0.329
0.329
0.329
0.329
0.329
0.329
0.329
0.329
0.329
0.329
0.329
0.329
0.329
0.329
0.329
0.329
0.329
0.329
0.329
0.329
0.329
0.329
0.329
0.329
0.329
0.329
0.329
0.33
0.33
0.33
0.33
0.33
0.33
0.33
0.33
0.33
0.33
0.33
0.33
0.33
0.33
0.33
0.33
0.33
0.33
0.33
0.33
0.33
0.33
0.33
0.33
0.33
0.33
0.33
0.33
0.33
0.33
0.33
0.33
0.33
0.33
0.33
0.33
0.33
0.331
0.331
0.331
0.331
0.331
0.331
0.331
0.331
0.331
0.331
0.331
0.331
0.331
0.331
0.331
0.331
0.331
0.331
0.331
0.331
0.331
0.331
0.331
0.331
0.331
0.331
0.332
0.332
0.332
0.332
0.332
0.332
0.332
0.332
0.332
0.332
0.332
0.332
0.332
0.332
0.332
0.332
0.332
0.332
0.332
0.332
0.332
0.332
0.332
0.332
0.332
0.332
0.332
0.332
0.332
0.333
0.333
0.333
0.333
0.333
0.333
0.333
0.333
0.333
0.333
0.333
0.333
0.333
0.333
0.333
0.333
0.333
0.333
0.333
0.333
0.333
0.333
0.333
0.333
0.333
0.333
0.333
0.333
0.333
0.333
0.333
0.334
0.334
0.334
0.334
0.334
0.334
0.334
0.334
0.334
0.334
0.334
0.334
0.334
0.334
0.334
0.334
0.334
0.334
0.334
0.334
0.334
0.334
0.334
0.334
0.334
0.334
0.335
0.335
0.335
0.335
0.335
0.335
0.335
0.335
0.335
0.335
0.335
0.335
0.335
0.335
0.335
0.335
0.335
0.335
0.335
0.335
0.335
0.335
0.335
0.335
0.335
0.335
0.335
0.336
0.336
0.336
0.336
0.336
0.336
0.336
0.336
0.336
0.336
0.336
0.336
0.336
0.336
0.336
0.336
0.336
0.336
0.336
0.336
0.337
0.337
0.337
0.337
0.337
0.337
0.337
0.337
0.337
0.337
0.337
0.337
0.337
0.337
0.337
0.337
0.337
0.337
0.337
0.337
0.337
0.337
0.337
0.337
0.338
0.338
0.338
0.338
0.338
0.338
0.338
0.338
0.338
0.338
0.338
0.338
0.338
0.338
0.338
0.338
0.338
0.338
0.338
0.338
0.338
0.338
0.338
0.338
0.338
0.339
0.339
0.339
0.339
0.339
0.339
0.339
0.339
0.339
0.339
0.339
0.339
0.339
0.339
0.339
0.339
0.339
0.339
0.339
0.339
0.339
0.339
0.34
0.34
0.34
0.34
0.34
0.34
0.34
0.34
0.34
0.34
0.34
0.34
0.34
0.34
0.34
0.34
0.34
0.34
0.341
0.341
0.341
0.341
0.341
0.341
0.341
0.341
0.341
0.341
0.341
0.341
0.341
0.341
0.341
0.341
0.341
0.341
0.341
0.341
0.341
0.341
0.342
0.342
0.342
0.342
0.342
0.342
0.342
0.342
0.342
0.342
0.342
0.342
0.342
0.342
0.343
0.343
0.343
0.343
0.343
0.343
0.343
0.343
0.343
0.343
0.343
0.344
0.344
0.344
0.344
0.344
0.344
0.344
0.344
0.344
0.344
0.344
0.344
0.344
0.344
0.344
0.344
0.344
0.344
0.345
0.345
0.345
0.345
0.345
0.345
0.345
0.345
0.346
0.346
0.346
0.346
0.346
0.346
0.346
0.346
0.347
0.347
0.347
0.347
0.347
0.348
0.348
0.348
0.348
0.348
0.348
0.348
0.348
0.348
0.348
0.349
0.349
0.349
0.349
0.349
0.35
0.35
0.35
0.35
0.35
0.351
0.351
0.351
0.351
0.351
0.351
0.351
0.351
0.351
0.352
0.352
0.352
0.352
0.352
0.352
0.352
0.352
0.352
0.352
0.352
0.352
0.353
0.353
0.353
0.353
0.353
0.354
0.354
0.354
0.354
0.354
0.354
0.354
0.355
0.355
0.355
0.355
0.355
0.355
0.355
0.355
0.356
0.356
0.356
0.356
0.356
0.356
0.356
0.357
0.357
0.357
0.357
0.358
0.358
0.358
0.358
0.358
0.358
0.358
0.358
0.358
0.358
0.358
0.359
0.359
0.359
0.359
0.359
0.36
0.36
0.36
0.36
0.36
0.36
0.36
0.361
0.361
0.361
0.361
0.361
0.361
0.362
0.362
0.362
0.362
0.362
0.362
0.363
0.363
0.363
0.363
0.364
0.364
0.364
0.364
0.364
0.364
0.364
0.365
0.365
0.365
0.365
0.365
0.366
0.366
0.366
0.366
0.366
0.367
0.367
0.367
0.367
0.367
0.368
0.368
0.368
0.368
0.369
0.37
0.37
0.37
0.37
0.37
0.37
0.37
0.371
0.371
0.371
0.372
0.372
0.373
0.373
0.374
0.374
0.374
0.374
0.374
0.375
0.375
0.375
0.375
0.376
0.376
0.376
0.376
0.376
0.377
0.377
0.378
0.378
0.379
0.379
0.379
0.38
0.38
0.38
0.38
0.38
0.38
0.38
0.38
0.381
0.382
0.382
0.382
0.382
0.383
0.383
0.383
0.384
0.384
0.384
0.385
0.385
0.386
0.386
0.386
0.386
0.386
0.387
0.387
0.387
0.387
0.388
0.388
0.389
0.389
0.391
0.391
0.391
0.392
0.392
0.392
0.393
0.394
0.394
0.394
0.395
0.396
0.396
0.397
0.397
0.398
0.398
0.399
0.399
0.4
0.4
0.4
0.401
0.401
0.401
0.401
0.401
0.402
0.402
0.402
0.403
0.403
0.403
0.403
0.404
0.404
0.404
0.404
0.404
0.404
0.406
0.406
0.407
0.408
0.408
0.41
0.411
0.415
0.415
0.415
0.415
0.416
0.417
0.417
0.417
0.417
0.418
0.419
0.42
0.421
0.423
0.424
0.424
0.424
0.425
0.425
0.425
0.425
0.426
0.426
0.427
0.429
0.431
0.432
0.432
0.432
0.433
0.433
0.434
0.436
0.437
0.437
0.438
0.439
0.44
0.44
0.445
0.445
0.446
0.446
0.447
0.448
0.449
0.45
0.451
0.453
0.455
0.455
0.456
0.456
0.458
0.46
0.46
0.464
0.465
0.465
0.469
0.472
0.472
0.474
0.474
0.477
0.478
0.478
0.479
0.481
0.483
0.483
0.489
0.49
0.49
0.491
0.491
0.492
0.493
0.493
0.5
0.5
0.504
0.506
0.506
0.507
0.509
0.509
0.51
0.51
0.511
0.516
0.517
0.52
0.521
0.521
0.522
0.526
0.527
0.528
0.529
0.529
0.533
0.545
0.548
0.548
0.548
0.549
0.549
0.553
0.554
0.56
0.57
0.572
0.575
0.58
0.581
0.585
0.587
0.589
0.592
0.594
0.595
0.596
0.598
0.598
0.6
0.614
0.619
0.633
0.633
0.635
0.664
0.668
0.678
0.697
0.717
0.718
0.72
0.727
0.728
0.735
0.751
0.771
0.772
0.833
0.844
