0.313
0.314
0.315
0.315
0.316
0.316
0.316
0.316
0.317
0.317
0.318
0.318
0.318
0.318
0.318
0.318
0.319
0.319
0.319
0.319
0.319
0.319
0.319
0.319
0.319
0.319
0.319
0.319
0.32
0.32
0.32
0.32
0.32
0.32
0.32
0.32
0.32
0.321
0.321
0.321
0.321
0.321
0.321
0.321
0.321
0.321
0.322
0.322
0.322
0.322
0.322
0.322
0.322
0.322
0.322
0.322
0.323
0.323
0.323
0.323
0.323
0.323
0.323
0.323
0.323
0.323
0.323
0.323
0.323
0.323
0.323
0.323
0.323
0.323
0.323
0.323
0.324
0.324
0.324
0.324
0.324
0.324
0.324
0.324
0.324
0.324
0.324
0.324
0.324
0.324
0.325
0.325
0.325
0.325
0.325
0.325
0.325
0.325
0.325
0.325
0.325
0.325
0.325
0.325
0.325
0.325
0.325
0.325
0.325
0.325
0.325
0.325
0.325
0.325
0.325
0.325
0.326
0.326
0.326
0.326
0.326
0.326
0.326
0.326
0.326
0.326
0.326
0.326
0.326
0.326
0.326
0.326
0.326
0.326
0.326
0.326
0.327
0.327
0.327
0.327
0.327
0.327
0.327
0.327
0.327
0.327
0.327
0.327
0.327
0.327
0.327
0.327
0.327
0.327
0.327
0.327
0.327
0.327
0.327
0.327
0.328
0.328
0.328
0.328
0.328
0.328
0.328
0.328
0.328
0.328
0.328
0.328
0.328
0.328
0.328
0.328
0.328
0.328
0.328
0.328
0.328
0.328
0.328
0.328
0.328
0.328
0.328
0.328
0.328
0.328
0.328
0.328
0.328
0.329
0.329
0.329
0.329
0.329
0.329
0.329
0.329
0.329
0.329
0.329
0.329
0.329
0.329
0.329
0.329
0.329
0.329
0.329
0.329
0.329
0.329
0.329
0.329
0.329
0.329
0.329
0.329
0.329
0.329
0.329
0.329
0.33
0.33
0.33
0.33
0.33
0.33
0.33
0.33
0.33
0.33
0.33
0.33
0.33
0.33
0.33
0.33
0.33
0.33
0.33
0.33
0.33
0.33
0.33
0.33
0.33
0.33
0.33
0.331
0.331
0.331
0.331
0.331
0.331
0.331
0.331
0.331
0.331
0.331
0.331
0.331
0.331
0.331
0.331
0.331
0.331
0.331
0.331
0.331
0.331
0.331
0.331
0.331
0.331
0.331
0.331
0.332
0.332
0.332
0.332
0.332
0.332
0.332
0.332
0.332
0.332
0.332
0.332
0.332
0.332
0.332
0.332
0.332
0.332
0.332
0.332
0.332
0.332
0.332
0.332
0.332
0.332
0.332
0.332
0.332
0.332
0.332
0.332
0.333
0.333
0.333
0.333
0.333
0.333
0.333
0.333
0.333
0.333
0.333
0.333
0.333
0.333
0.333
0.333
0.333
0.333
0.333
0.333
0.333
0.333
0.333
0.333
0.333
0.333
0.333
0.333
0.333
0.334
0.334
0.334
0.334
0.334
0.334
0.334
0.334
0.334
0.334
0.334
0.334
0.334
0.334
0.334
0.334
0.334
0.334
0.334
0.334
0.334
0.334
0.334
0.334
0.334
0.334
0.335
0.335
0.335
0.335
0.335
0.335
0.335
0.335
0.335
0.335
0.335
0.335
0.335
0.335
0.335
0.335
0.335
0.336
0.336
0.336
0.336
0.336
0.336
0.336
0.336
0.336
0.336
0.336
0.336
0.336
0.336
0.336
0.336
0.336
0.336
0.336
0.336
0.336
0.336
0.336
0.336
0.336
0.336
0.336
0.336
0.336
0.336
0.336
0.336
0.337
0.337
0.337
0.337
0.337
0.337
0.337
0.337
0.337
0.337
0.337
0.337
0.337
0.337
0.337
0.337
0.337
0.337
0.337
0.337
0.337
0.337
0.337
0.337
0.337
0.338
0.338
0.338
0.338
0.338
0.338
0.338
0.338
0.338
0.338
0.338
0.338
0.338
0.338
0.338
0.338
0.338
0.338
0.338
0.338
0.338
0.338
0.338
0.338
0.339
0.339
0.339
0.339
0.339
0.339
0.339
0.339
0.339
0.339
0.339
0.339
0.339
0.339
0.339
0.339
0.339
0.34
0.34
0.34
0.34
0.34
0.34
0.34
0.34
0.34
0.34
0.34
0.34
0.34
0.34
0.34
0.341
0.341
0.341
0.341
0.341
0.341
0.341
0.341
0.341
0.341
0.341
0.341
0.341
0.341
0.341
0.341
0.342
0.342
0.342
0.342
0.342
0.342
0.342
0.342
0.342
0.342
0.342
0.342
0.342
0.342
0.342
0.342
0.342
0.342
0.343
0.343
0.343
0.343
0.343
0.343
0.343
0.343
0.343
0.343
0.343
0.343
0.343
0.343
0.343
0.343
0.343
0.343
0.343
0.343
0.343
0.343
0.343
0.344
0.344
0.344
0.344
0.344
0.344
0.344
0.344
0.344
0.344
0.345
0.345
0.345
0.345
0.345
0.345
0.345
0.345
0.345
0.345
0.345
0.346
0.346
0.346
0.346
0.346
0.346
0.347
0.347
0.347
0.347
0.347
0.347
0.347
0.347
0.347
0.347
0.347
0.347
0.347
0.347
0.347
0.348
0.348
0.348
0.348
0.348
0.348
0.348
0.348
0.349
0.349
0.349
0.349
0.35
0.35
0.35
0.35
0.35
0.35
0.351
0.351
0.351
0.351
0.351
0.352
0.352
0.352
0.352
0.352
0.352
0.352
0.352
0.352
0.352
0.353
0.353
0.353
0.353
0.353
0.354
0.354
0.354
0.354
0.354
0.354
0.355
0.355
0.355
0.355
0.355
0.355
0.355
0.355
0.356
0.356
0.356
0.356
0.357
0.357
0.357
0.357
0.357
0.358
0.358
0.358
0.359
0.359
0.359
0.359
0.359
0.359
0.36
0.36
0.36
0.36
0.36
0.36
0.36
0.361
0.361
0.361
0.361
0.361
0.361
0.361
0.361
0.362
0.362
0.362
0.362
0.362
0.362
0.363
0.363
0.363
0.363
0.363
0.363
0.363
0.363
0.364
0.364
0.364
0.365
0.365
0.365
0.365
0.365
0.365
0.366
0.366
0.367
0.367
0.367
0.367
0.367
0.367
0.368
0.368
0.368
0.368
0.368
0.369
0.369
0.369
0.369
0.369
0.37
0.37
0.37
0.37
0.37
0.37
0.37
0.371
0.371
0.371
0.371
0.371
0.371
0.372
0.372
0.372
0.372
0.372
0.373
0.373
0.373
0.374
0.374
0.374
0.374
0.374
0.374
0.374
0.375
0.375
0.376
0.376
0.376
0.376
0.376
0.376
0.376
0.377
0.377
0.377
0.377
0.377
0.377
0.378
0.378
0.378
0.379
0.379
0.38
0.38
0.38
0.381
0.381
0.382
0.382
0.384
0.385
0.385
0.386
0.386
0.386
0.386
0.386
0.387
0.387
0.387
0.388
0.389
0.389
0.389
0.389
0.39
0.39
0.391
0.391
0.392
0.392
0.392
0.392
0.392
0.393
0.394
0.394
0.394
0.394
0.395
0.398
0.398
0.398
0.398
0.398
0.4
0.401
0.401
0.402
0.403
0.403
0.403
0.404
0.406
0.407
0.408
0.408
0.409
0.409
0.41
0.411
0.412
0.412
0.412
0.412
0.413
0.413
0.414
0.415
0.415
0.415
0.417
0.419
0.419
0.419
0.42
0.422
0.422
0.425
0.425
0.426
0.427
0.427
0.429
0.43
0.43
0.432
0.432
0.432
0.435
0.435
0.436
0.437
0.437
0.437
0.437
0.44
0.441
0.443
0.444
0.444
0.444
0.445
0.445
0.445
0.445
0.445
0.447
0.448
0.448
0.448
0.449
0.449
0.452
0.452
0.454
0.455
0.455
0.456
0.457
0.457
0.458
0.458
0.458
0.459
0.461
0.465
0.467
0.467
0.468
0.468
0.469
0.47
0.471
0.473
0.473
0.475
0.478
0.479
0.482
0.483
0.484
0.484
0.486
0.486
0.487
0.488
0.49
0.49
0.491
0.493
0.494
0.494
0.495
0.498
0.498
0.499
0.502
0.503
0.504
0.506
0.506
0.508
0.509
0.511
0.512
0.512
0.512
0.513
0.521
0.525
0.525
0.526
0.529
0.53
0.533
0.54
0.543
0.545
0.546
0.547
0.556
0.556
0.557
0.559
0.561
0.562
0.567
0.568
0.57
0.574
0.575
0.582
0.587
0.588
0.589
0.59
0.59
0.591
0.594
0.597
0.598
0.598
0.6
0.606
0.607
0.615
0.615
0.616
0.631
0.632
0.633
0.638
0.648
0.665
0.681
0.681
0.681
0.687
0.69
0.706
0.715
0.72
0.744
0.774
0.793
0.798
0.812
0.827
0.847
0.866
0.934
