0.308
0.309
0.312
0.312
0.314
0.315
0.316
0.316
0.317
0.317
0.318
0.318
0.318
0.319
0.319
0.319
0.319
0.319
0.319
0.319
0.319
0.319
0.319
0.319
0.319
0.319
0.319
0.32
0.32
0.32
0.321
0.321
0.321
0.321
0.321
0.321
0.321
0.321
0.321
0.321
0.321
0.321
0.321
0.322
0.322
0.322
0.322
0.322
0.322
0.322
0.322
0.322
0.322
0.322
0.322
0.323
0.323
0.323
0.323
0.323
0.323
0.323
0.323
0.323
0.323
0.323
0.323
0.323
0.323
0.323
0.323
0.323
0.323
0.323
0.324
0.324
0.324
0.324
0.324
0.324
0.324
0.324
0.324
0.324
0.324
0.324
0.324
0.324
0.324
0.324
0.325
0.325
0.325
0.325
0.325
0.325
0.325
0.325
0.325
0.325
0.325
0.325
0.325
0.325
0.325
0.325
0.325
0.325
0.325
0.326
0.326
0.326
0.326
0.326
0.326
0.326
0.326
0.326
0.326
0.326
0.326
0.326
0.326
0.326
0.326
0.326
0.326
0.326
0.326
0.326
0.326
0.326
0.326
0.326
0.326
0.326
0.326
0.326
0.326
0.326
0.327
0.327
0.327
0.327
0.327
0.327
0.327
0.327
0.327
0.327
0.327
0.327
0.327
0.327
0.327
0.327
0.327
0.327
0.327
0.327
0.327
0.327
0.327
0.327
0.327
0.328
0.328
0.328
0.328
0.328
0.328
0.328
0.328
0.328
0.328
0.328
0.328
0.328
0.328
0.328
0.328
0.328
0.328
0.328
0.328
0.328
0.328
0.328
0.328
0.328
0.328
0.328
0.328
0.328
0.328
0.328
0.328
0.328
0.328
0.329
0.329
0.329
0.329
0.329
0.329
0.329
0.329
0.329
0.329
0.329
0.329
0.329
0.329
0.329
0.329
0.329
0.329
0.329
0.329
0.329
0.329
0.329
0.329
0.329
0.329
0.329
0.329
0.329
0.329
0.329
0.33
0.33
0.33
0.33
0.33
0.33
0.33
0.33
0.33
0.33
0.33
0.33
0.33
0.33
0.33
0.33
0.33
0.33
0.33
0.33
0.33
0.33
0.33
0.33
0.33
0.33
0.33
0.33
0.33
0.33
0.33
0.33
0.33
0.33
0.33
0.33
0.33
0.33
0.33
0.33
0.33
0.33
0.33
0.331
0.331
0.331
0.331
0.331
0.331
0.331
0.331
0.331
0.331
0.331
0.331
0.331
0.331
0.331
0.331
0.331
0.331
0.331
0.331
0.331
0.331
0.331
0.331
0.331
0.331
0.331
0.332
0.332
0.332
0.332
0.332
0.332
0.332
0.332
0.332
0.332
0.332
0.332
0.332
0.332
0.332
0.332
0.332
0.332
0.332
0.332
0.332
0.332
0.332
0.332
0.332
0.332
0.332
0.332
0.332
0.332
0.332
0.333
0.333
0.333
0.333
0.333
0.333
0.333
0.333
0.333
0.333
0.333
0.333
0.333
0.333
0.333
0.333
0.333
0.333
0.333
0.333
0.333
0.333
0.333
0.333
0.334
0.334
0.334
0.334
0.334
0.334
0.334
0.334
0.334
0.334
0.334
0.334
0.334
0.334
0.334
0.334
0.334
0.334
0.334
0.334
0.334
0.334
0.334
0.334
0.334
0.335
0.335
0.335
0.335
0.335
0.335
0.335
0.335
0.335
0.335
0.335
0.335
0.335
0.335
0.335
0.335
0.335
0.335
0.335
0.335
0.335
0.335
0.335
0.335
0.335
0.335
0.336
0.336
0.336
0.336
0.336
0.336
0.336
0.336
0.336
0.336
0.336
0.336
0.336
0.336
0.336
0.336
0.337
0.337
0.337
0.337
0.337
0.337
0.337
0.337
0.337
0.337
0.337
0.337
0.337
0.337
0.337
0.337
0.337
0.337
0.337
0.337
0.337
0.337
0.337
0.337
0.337
0.337
0.338
0.338
0.338
0.338
0.338
0.338
0.338
0.338
0.338
0.338
0.338
0.338
0.338
0.338
0.338
0.338
0.338
0.338
0.338
0.338
0.338
0.338
0.338
0.338
0.338
0.338
0.338
0.339
0.339
0.339
0.339
0.339
0.339
0.339
0.339
0.339
0.339
0.339
0.339
0.339
0.339
0.339
0.34
0.34
0.34
0.34
0.34
0.34
0.34
0.34
0.34
0.34
0.34
0.341
0.341
0.341
0.341
0.341
0.341
0.341
0.341
0.341
0.341
0.341
0.341
0.341
0.341
0.341
0.342
0.342
0.342
0.342
0.342
0.342
0.342
0.342
0.342
0.342
0.342
0.342
0.342
0.342
0.342
0.342
0.342
0.342
0.342
0.343
0.343
0.343
0.343
0.343
0.343
0.343
0.343
0.343
0.343
0.343
0.343
0.343
0.343
0.343
0.343
0.344
0.344
0.344
0.344
0.344
0.344
0.344
0.344
0.344
0.344
0.344
0.344
0.344
0.345
0.345
0.345
0.345
0.345
0.345
0.345
0.345
0.345
0.345
0.345
0.346
0.346
0.346
0.346
0.346
0.346
0.346
0.346
0.346
0.346
0.346
0.346
0.347
0.347
0.347
0.347
0.347
0.347
0.347
0.347
0.347
0.347
0.348
0.348
0.348
0.348
0.348
0.348
0.348
0.348
0.348
0.348
0.348
0.349
0.349
0.349
0.349
0.349
0.349
0.349
0.349
0.35
0.35
0.35
0.35
0.35
0.35
0.351
0.351
0.351
0.351
0.351
0.351
0.351
0.351
0.351
0.351
0.351
0.352
0.352
0.352
0.352
0.352
0.352
0.353
0.353
0.353
0.353
0.353
0.353
0.353
0.353
0.353
0.353
0.354
0.354
0.354
0.354
0.354
0.354
0.354
0.355
0.355
0.355
0.355
0.355
0.355
0.355
0.355
0.355
0.355
0.356
0.357
0.357
0.357
0.357
0.357
0.358
0.358
0.359
0.359
0.359
0.359
0.359
0.359
0.36
0.36
0.36
0.36
0.36
0.36
0.361
0.361
0.362
0.362
0.362
0.362
0.363
0.363
0.363
0.363
0.363
0.363
0.364
0.364
0.364
0.364
0.364
0.365
0.365
0.365
0.365
0.365
0.366
0.366
0.367
0.367
0.367
0.367
0.368
0.368
0.368
0.368
0.368
0.369
0.369
0.369
0.369
0.37
0.37
0.37
0.37
0.371
0.371
0.371
0.371
0.371
0.371
0.371
0.371
0.371
0.373
0.373
0.373
0.374
0.374
0.374
0.374
0.375
0.375
0.375
0.375
0.375
0.376
0.376
0.376
0.376
0.377
0.377
0.377
0.378
0.378
0.378
0.38
0.38
0.38
0.38
0.381
0.381
0.381
0.381
0.381
0.382
0.382
0.382
0.383
0.383
0.384
0.384
0.384
0.385
0.385
0.386
0.386
0.387
0.388
0.388
0.388
0.389
0.389
0.389
0.39
0.391
0.391
0.391
0.392
0.393
0.393
0.394
0.394
0.395
0.395
0.395
0.396
0.397
0.397
0.397
0.399
0.399
0.399
0.399
0.4
0.402
0.402
0.402
0.403
0.403
0.404
0.405
0.406
0.406
0.406
0.407
0.408
0.409
0.409
0.409
0.411
0.411
0.412
0.412
0.412
0.413
0.413
0.414
0.415
0.415
0.416
0.417
0.417
0.418
0.421
0.422
0.423
0.423
0.424
0.425
0.425
0.426
0.427
0.427
0.427
0.428
0.43
0.43
0.43
0.43
0.43
0.431
0.432
0.432
0.432
0.433
0.434
0.434
0.436
0.437
0.44
0.441
0.441
0.444
0.445
0.447
0.447
0.449
0.45
0.45
0.451
0.453
0.455
0.455
0.455
0.456
0.457
0.459
0.459
0.46
0.46
0.461
0.462
0.463
0.466
0.469
0.47
0.472
0.472
0.472
0.472
0.474
0.476
0.476
0.478
0.478
0.479
0.483
0.485
0.487
0.487
0.489
0.49
0.49
0.491
0.491
0.494
0.496
0.498
0.498
0.498
0.499
0.501
0.503
0.503
0.503
0.504
0.505
0.506
0.506
0.508
0.508
0.509
0.511
0.515
0.515
0.516
0.518
0.519
0.52
0.52
0.52
0.521
0.522
0.522
0.523
0.523
0.524
0.526
0.527
0.528
0.53
0.531
0.532
0.533
0.538
0.539
0.539
0.542
0.543
0.544
0.547
0.55
0.553
0.553
0.555
0.557
0.561
0.564
0.566
0.573
0.573
0.574
0.581
0.584
0.587
0.587
0.589
0.594
0.594
0.597
0.598
0.602
0.602
0.604
0.611
0.612
0.618
0.63
0.638
0.639
0.641
0.645
0.647
0.659
0.662
0.665
0.672
0.673
0.689
0.689
0.692
0.694
0.709
0.753
0.766
0.777
0.849
