0.31
0.314
0.314
0.316
0.316
0.317
0.317
0.317
0.317
0.317
0.317
0.318
0.319
0.319
0.319
0.319
0.319
0.319
0.319
0.319
0.319
0.319
0.32
0.32
0.32
0.32
0.321
0.321
0.321
0.321
0.321
0.321
0.321
0.321
0.321
0.321
0.321
0.321
0.321
0.321
0.322
0.322
0.322
0.322
0.322
0.322
0.322
0.322
0.322
0.322
0.322
0.322
0.322
0.322
0.322
0.322
0.322
0.323
0.323
0.323
0.323
0.323
0.323
0.323
0.323
0.323
0.323
0.323
0.324
0.324
0.324
0.324
0.324
0.324
0.324
0.324
0.324
0.324
0.324
0.324
0.324
0.324
0.324
0.325
0.325
0.325
0.325
0.325
0.325
0.325
0.325
0.325
0.325
0.325
0.325
0.325
0.325
0.325
0.325
0.325
0.325
0.326
0.326
0.326
0.326
0.326
0.326
0.326
0.326
0.326
0.326
0.326
0.326
0.326
0.326
0.326
0.326
0.326
0.326
0.326
0.326
0.326
0.326
0.326
0.326
0.326
0.327
0.327
0.327
0.327
0.327
0.327
0.327
0.327
0.327
0.327
0.327
0.327
0.327
0.327
0.327
0.327
0.327
0.327
0.327
0.327
0.327
0.327
0.327
0.327
0.327
0.327
0.327
0.327
0.328
0.328
0.328
0.328
0.328
0.328
0.328
0.328
0.328
0.328
0.328
0.328
0.328
0.328
0.328
0.328
0.328
0.328
0.328
0.328
0.328
0.328
0.328
0.328
0.328
0.328
0.328
0.328
0.329
0.329
0.329
0.329
0.329
0.329
0.329
0.329
0.329
0.329
0.329
0.329
0.329
0.329
0.329
0.329
0.329
0.329
0.329
0.329
0.329
0.329
0.329
0.329
0.33
0.33
0.33
0.33
0.33
0.33
0.33
0.33
0.33
0.33
0.33
0.33
0.33
0.33
0.33
0.33
0.33
0.33
0.33
0.33
0.33
0.33
0.33
0.33
0.33
0.33
0.33
0.33
0.33
0.331
0.331
0.331
0.331
0.331
0.331
0.331
0.331
0.331
0.331
0.331
0.331
0.331
0.331
0.331
0.331
0.331
0.331
0.331
0.331
0.331
0.331
0.331
0.331
0.331
0.331
0.331
0.331
0.331
0.331
0.331
0.331
0.332
0.332
0.332
0.332
0.332
0.332
0.332
0.332
0.332
0.332
0.332
0.332
0.332
0.332
0.332
0.332
0.332
0.332
0.332
0.332
0.332
0.332
0.332
0.332
0.332
0.332
0.332
0.332
0.332
0.332
0.332
0.332
0.333
0.333
0.333
0.333
0.333
0.333
0.333
0.333
0.333
0.333
0.333
0.333
0.333
0.333
0.333
0.333
0.333
0.333
0.333
0.333
0.333
0.334
0.334
0.334
0.334
0.334
0.334
0.334
0.334
0.334
0.334
0.334
0.334
0.334
0.334
0.334
0.334
0.334
0.335
0.335
0.335
0.335
0.335
0.335
0.335
0.335
0.335
0.335
0.335
0.335
0.335
0.335
0.335
0.335
0.335
0.335
0.335
0.335
0.335
0.335
0.335
0.335
0.335
0.335
0.335
0.336
0.336
0.336
0.336
0.336
0.336
0.336
0.336
0.336
0.336
0.336
0.336
0.336
0.336
0.336
0.336
0.336
0.336
0.336
0.336
0.336
0.336
0.336
0.336
0.336
0.336
0.336
0.337
0.337
0.337
0.337
0.337
0.337
0.337
0.337
0.337
0.337
0.337
0.337
0.337
0.337
0.337
0.337
0.337
0.337
0.337
0.337
0.337
0.337
0.337
0.337
0.337
0.337
0.338
0.338
0.338
0.338
0.338
0.338
0.338
0.338
0.338
0.338
0.338
0.338
0.338
0.338
0.338
0.338
0.338
0.338
0.338
0.338
0.338
0.338
0.338
0.338
0.338
0.338
0.339
0.339
0.339
0.339
0.339
0.339
0.339
0.339
0.339
0.339
0.339
0.339
0.339
0.339
0.339
0.339
0.339
0.339
0.339
0.339
0.339
0.339
0.339
0.339
0.339
0.34
0.34
0.34
0.34
0.34
0.34
0.34
0.34
0.34
0.34
0.34
0.34
0.34
0.34
0.34
0.34
0.34
0.34
0.341
0.341
0.341
0.341
0.341
0.341
0.341
0.341
0.341
0.341
0.341
0.341
0.341
0.342
0.342
0.342
0.342
0.342
0.342
0.342
0.342
0.342
0.342
0.342
0.342
0.342
0.342
0.342
0.342
0.342
0.342
0.342
0.343
0.343
0.343
0.343
0.343
0.343
0.343
0.343
0.343
0.343
0.344
0.344
0.344
0.344
0.344
0.344
0.344
0.344
0.344
0.344
0.344
0.344
0.344
0.344
0.345
0.345
0.345
0.345
0.345
0.345
0.345
0.345
0.345
0.345
0.345
0.345
0.345
0.345
0.345
0.346
0.346
0.346
0.346
0.346
0.346
0.346
0.346
0.346
0.346
0.347
0.347
0.347
0.347
0.347
0.347
0.347
0.347
0.347
0.347
0.347
0.347
0.348
0.348
0.348
0.348
0.348
0.348
0.348
0.348
0.348
0.348
0.348
0.349
0.349
0.349
0.349
0.349
0.349
0.349
0.349
0.349
0.349
0.349
0.349
0.349
0.349
0.35
0.35
0.35
0.35
0.35
0.35
0.35
0.351
0.351
0.351
0.351
0.351
0.351
0.351
0.351
0.351
0.352
0.352
0.352
0.352
0.352
0.352
0.352
0.352
0.352
0.353
0.353
0.353
0.353
0.353
0.353
0.353
0.353
0.353
0.354
0.354
0.354
0.354
0.354
0.355
0.355
0.355
0.355
0.355
0.356
0.356
0.356
0.357
0.357
0.357
0.357
0.357
0.357
0.357
0.357
0.358
0.358
0.359
0.359
0.359
0.359
0.359
0.36
0.36
0.36
0.36
0.36
0.361
0.361
0.361
0.361
0.361
0.361
0.361
0.361
0.361
0.362
0.362
0.362
0.362
0.363
0.363
0.363
0.363
0.363
0.363
0.363
0.363
0.363
0.363
0.363
0.364
0.364
0.364
0.364
0.364
0.364
0.364
0.364
0.364
0.364
0.365
0.365
0.366
0.366
0.366
0.366
0.366
0.367
0.367
0.367
0.368
0.368
0.368
0.368
0.368
0.368
0.368
0.368
0.369
0.369
0.369
0.37
0.371
0.371
0.371
0.371
0.371
0.371
0.371
0.372
0.372
0.372
0.373
0.373
0.374
0.374
0.374
0.374
0.374
0.375
0.375
0.375
0.376
0.376
0.376
0.376
0.377
0.377
0.377
0.377
0.377
0.377
0.378
0.378
0.378
0.379
0.379
0.38
0.38
0.381
0.381
0.381
0.381
0.381
0.381
0.382
0.383
0.383
0.383
0.383
0.384
0.384
0.384
0.384
0.385
0.385
0.385
0.386
0.386
0.386
0.386
0.386
0.387
0.388
0.389
0.389
0.389
0.389
0.389
0.389
0.39
0.39
0.39
0.39
0.39
0.392
0.392
0.393
0.393
0.393
0.394
0.395
0.395
0.396
0.397
0.397
0.398
0.398
0.399
0.4
0.4
0.4
0.4
0.401
0.401
0.402
0.403
0.403
0.403
0.404
0.404
0.404
0.405
0.405
0.406
0.406
0.406
0.407
0.407
0.407
0.408
0.409
0.409
0.409
0.409
0.41
0.41
0.411
0.411
0.412
0.414
0.416
0.417
0.418
0.418
0.419
0.419
0.42
0.42
0.42
0.421
0.422
0.422
0.424
0.425
0.425
0.426
0.426
0.427
0.427
0.427
0.429
0.429
0.431
0.432
0.434
0.435
0.436
0.437
0.437
0.439
0.441
0.442
0.442
0.443
0.444
0.444
0.445
0.445
0.445
0.445
0.446
0.447
0.447
0.449
0.45
0.45
0.45
0.451
0.451
0.452
0.453
0.453
0.456
0.456
0.457
0.458
0.458
0.46
0.46
0.461
0.461
0.462
0.462
0.463
0.463
0.463
0.464
0.464
0.468
0.468
0.469
0.47
0.47
0.471
0.471
0.471
0.472
0.472
0.475
0.478
0.478
0.48
0.481
0.483
0.486
0.486
0.487
0.49
0.49
0.491
0.493
0.494
0.495
0.496
0.498
0.501
0.502
0.504
0.505
0.505
0.506
0.508
0.51
0.512
0.512
0.516
0.517
0.522
0.522
0.524
0.528
0.528
0.53
0.531
0.533
0.539
0.54
0.543
0.545
0.548
0.548
0.555
0.559
0.574
0.577
0.579
0.586
0.591
0.603
0.604
0.605
0.614
0.617
0.618
0.618
0.619
0.627
0.629
0.633
0.644
0.659
0.663
0.667
0.68
0.687
0.702
0.745
0.748
0.757
0.768
0.809
0.841
0.862
0.881
