0.31
0.311
0.313
0.315
0.316
0.316
0.317
0.317
0.318
0.318
0.318
0.319
0.319
0.319
0.319
0.319
0.319
0.319
0.319
0.32
0.32
0.32
0.32
0.32
0.32
0.321
0.321
0.321
0.321
0.321
0.321
0.321
0.321
0.321
0.321
0.321
0.321
0.321
0.322
0.322
0.322
0.322
0.322
0.322
0.322
0.322
0.322
0.322
0.322
0.322
0.322
0.322
0.322
0.323
0.323
0.323
0.323
0.323
0.323
0.323
0.323
0.323
0.323
0.323
0.323
0.323
0.323
0.323
0.323
0.323
0.323
0.323
0.323
0.324
0.324
0.324
0.324
0.324
0.324
0.324
0.324
0.324
0.324
0.324
0.324
0.324
0.324
0.324
0.324
0.324
0.324
0.324
0.324
0.324
0.325
0.325
0.325
0.325
0.325
0.325
0.325
0.325
0.325
0.325
0.325
0.325
0.325
0.325
0.325
0.325
0.325
0.325
0.325
0.325
0.325
0.326
0.326
0.326
0.326
0.326
0.326
0.326
0.326
0.326
0.326
0.326
0.326
0.326
0.326
0.326
0.326
0.326
0.327
0.327
0.327
0.327
0.327
0.327
0.327
0.327
0.327
0.327
0.327
0.327
0.327
0.327
0.327
0.327
0.327
0.327
0.327
0.327
0.327
0.327
0.327
0.327
0.327
0.327
0.327
0.328
0.328
0.328
0.328
0.328
0.328
0.328
0.328
0.328
0.328
0.328
0.328
0.328
0.328
0.328
0.328
0.328
0.328
0.328
0.328
0.328
0.328
0.328
0.328
0.328
0.328
0.328
0.328
0.328
0.328
0.328
0.328
0.328
0.328
0.329
0.329
0.329
0.329
0.329
0.329
0.329
0.329
0.329
0.329
0.329
0.329
0.329
0.329
0.329
0.329
0.329
0.329
0.329
0.329
0.329
0.329
0.329
0.329
0.329
0.329
0.329
0.33
0.33
0.33
0.33
0.33
0.33
0.33
0.33
0.33
0.33
0.33
0.33
0.33
0.33
0.33
0.33
0.33
0.33
0.33
0.33
0.33
0.33
0.33
0.33
0.33
0.33
0.33
0.33
0.33
0.33
0.33
0.331
0.331
0.331
0.331
0.331
0.331
0.331
0.331
0.331
0.331
0.331
0.331
0.331
0.331
0.331
0.331
0.331
0.331
0.331
0.331
0.331
0.331
0.331
0.331
0.331
0.332
0.332
0.332
0.332
0.332
0.332
0.332
0.332
0.332
0.332
0.332
0.332
0.332
0.332
0.332
0.332
0.332
0.332
0.332
0.332
0.332
0.332
0.332
0.332
0.332
0.332
0.332
0.332
0.332
0.333
0.333
0.333
0.333
0.333
0.333
0.333
0.333
0.333
0.333
0.333
0.333
0.333
0.333
0.333
0.333
0.333
0.333
0.333
0.333
0.333
0.333
0.333
0.333
0.334
0.334
0.334
0.334
0.334
0.334
0.334
0.334
0.334
0.334
0.334
0.334
0.334
0.334
0.334
0.334
0.334
0.334
0.334
0.334
0.334
0.334
0.334
0.334
0.334
0.334
0.334
0.334
0.334
0.335
0.335
0.335
0.335
0.335
0.335
0.335
0.335
0.335
0.335
0.335
0.335
0.335
0.335
0.335
0.335
0.335
0.335
0.335
0.335
0.335
0.335
0.335
0.336
0.336
0.336
0.336
0.336
0.336
0.336
0.336
0.336
0.336
0.336
0.336
0.336
0.336
0.337
0.337
0.337
0.337
0.337
0.337
0.337
0.337
0.337
0.337
0.337
0.337
0.337
0.337
0.337
0.337
0.337
0.337
0.337
0.337
0.337
0.337
0.337
0.337
0.337
0.337
0.337
0.337
0.338
0.338
0.338
0.338
0.338
0.338
0.338
0.338
0.338
0.338
0.338
0.338
0.338
0.338
0.338
0.338
0.338
0.338
0.338
0.338
0.338
0.338
0.338
0.338
0.338
0.339
0.339
0.339
0.339
0.339
0.339
0.339
0.339
0.339
0.339
0.339
0.339
0.339
0.339
0.339
0.339
0.339
0.339
0.339
0.339
0.339
0.339
0.339
0.34
0.34
0.34
0.34
0.34
0.34
0.34
0.34
0.34
0.34
0.34
0.34
0.34
0.34
0.34
0.34
0.34
0.34
0.34
0.341
0.341
0.341
0.341
0.341
0.341
0.341
0.341
0.341
0.341
0.341
0.341
0.341
0.342
0.342
0.342
0.342
0.342
0.342
0.342
0.342
0.342
0.342
0.343
0.343
0.343
0.343
0.343
0.343
0.343
0.343
0.343
0.344
0.344
0.344
0.344
0.344
0.344
0.344
0.344
0.344
0.344
0.344
0.344
0.345
0.345
0.345
0.345
0.345
0.345
0.345
0.345
0.345
0.346
0.346
0.346
0.346
0.346
0.346
0.346
0.347
0.347
0.347
0.347
0.347
0.347
0.347
0.347
0.347
0.347
0.347
0.347
0.347
0.347
0.348
0.348
0.348
0.348
0.348
0.348
0.348
0.348
0.348
0.348
0.348
0.348
0.349
0.349
0.349
0.349
0.349
0.349
0.349
0.349
0.349
0.349
0.349
0.349
0.35
0.35
0.35
0.35
0.35
0.35
0.35
0.35
0.35
0.35
0.35
0.35
0.351
0.351
0.351
0.351
0.351
0.351
0.352
0.352
0.352
0.352
0.352
0.352
0.352
0.352
0.352
0.352
0.352
0.353
0.353
0.353
0.353
0.353
0.354
0.354
0.355
0.355
0.356
0.356
0.357
0.357
0.357
0.357
0.357
0.358
0.358
0.358
0.358
0.358
0.358
0.358
0.359
0.359
0.359
0.359
0.36
0.36
0.36
0.36
0.36
0.36
0.361
0.361
0.361
0.361
0.362
0.362
0.363
0.363
0.363
0.363
0.363
0.364
0.364
0.364
0.364
0.365
0.365
0.365
0.365
0.365
0.365
0.366
0.366
0.366
0.366
0.366
0.366
0.366
0.366
0.366
0.366
0.367
0.367
0.367
0.367
0.367
0.367
0.367
0.368
0.368
0.368
0.368
0.368
0.369
0.369
0.369
0.369
0.37
0.37
0.37
0.37
0.37
0.371
0.371
0.371
0.371
0.371
0.372
0.372
0.372
0.372
0.373
0.373
0.373
0.374
0.374
0.374
0.374
0.374
0.374
0.374
0.375
0.375
0.376
0.376
0.376
0.376
0.377
0.377
0.377
0.377
0.377
0.377
0.379
0.379
0.379
0.379
0.379
0.38
0.38
0.38
0.38
0.381
0.381
0.382
0.382
0.382
0.383
0.383
0.383
0.383
0.383
0.383
0.383
0.384
0.384
0.384
0.384
0.384
0.385
0.385
0.385
0.385
0.385
0.387
0.387
0.387
0.388
0.388
0.388
0.389
0.389
0.389
0.39
0.39
0.39
0.392
0.393
0.394
0.394
0.394
0.396
0.397
0.397
0.397
0.397
0.398
0.398
0.399
0.4
0.4
0.4
0.4
0.401
0.402
0.402
0.402
0.404
0.404
0.404
0.405
0.406
0.406
0.407
0.407
0.408
0.409
0.409
0.409
0.409
0.412
0.413
0.413
0.414
0.414
0.414
0.414
0.414
0.415
0.416
0.416
0.416
0.418
0.418
0.419
0.419
0.42
0.421
0.421
0.422
0.422
0.423
0.423
0.424
0.424
0.424
0.425
0.425
0.425
0.425
0.426
0.428
0.428
0.428
0.428
0.429
0.429
0.429
0.431
0.431
0.431
0.431
0.432
0.432
0.433
0.434
0.435
0.435
0.436
0.436
0.436
0.436
0.439
0.441
0.441
0.441
0.441
0.441
0.442
0.442
0.444
0.444
0.444
0.445
0.449
0.449
0.451
0.453
0.455
0.457
0.458
0.46
0.463
0.464
0.464
0.464
0.466
0.466
0.467
0.468
0.468
0.469
0.47
0.47
0.474
0.476
0.478
0.479
0.479
0.479
0.481
0.481
0.481
0.482
0.483
0.486
0.486
0.489
0.489
0.491
0.495
0.495
0.496
0.497
0.5
0.507
0.508
0.508
0.509
0.51
0.511
0.511
0.515
0.516
0.517
0.517
0.52
0.52
0.522
0.527
0.529
0.529
0.535
0.535
0.537
0.538
0.539
0.541
0.541
0.543
0.546
0.55
0.556
0.562
0.57
0.573
0.576
0.579
0.58
0.584
0.584
0.585
0.587
0.588
0.588
0.592
0.596
0.597
0.598
0.599
0.602
0.605
0.607
0.608
0.611
0.612
0.614
0.616
0.626
0.645
0.65
0.657
0.659
0.66
0.66
0.662
0.665
0.67
0.67
0.671
0.687
0.695
0.701
0.71
0.715
0.731
0.733
0.746
0.751
0.756
0.768
0.768
0.773
0.782
0.816
0.824
0.839
0.841
0.842
0.847
