0.31
0.315
0.315
0.317
0.317
0.318
0.318
0.318
0.318
0.318
0.319
0.319
0.319
0.319
0.319
0.319
0.319
0.319
0.319
0.32
0.32
0.32
0.32
0.32
0.32
0.32
0.32
0.32
0.32
0.321
0.321
0.321
0.321
0.321
0.321
0.321
0.321
0.321
0.322
0.322
0.322
0.322
0.322
0.322
0.322
0.322
0.322
0.322
0.323
0.323
0.323
0.323
0.323
0.323
0.323
0.323
0.323
0.323
0.323
0.323
0.323
0.323
0.323
0.323
0.323
0.323
0.323
0.323
0.324
0.324
0.324
0.324
0.324
0.324
0.324
0.324
0.324
0.324
0.324
0.324
0.324
0.324
0.324
0.324
0.325
0.325
0.325
0.325
0.325
0.325
0.325
0.325
0.325
0.325
0.325
0.325
0.325
0.325
0.325
0.325
0.325
0.325
0.325
0.325
0.325
0.325
0.326
0.326
0.326
0.326
0.326
0.326
0.326
0.326
0.326
0.326
0.326
0.326
0.326
0.326
0.326
0.326
0.326
0.326
0.326
0.326
0.326
0.326
0.326
0.326
0.326
0.326
0.326
0.326
0.326
0.326
0.326
0.327
0.327
0.327
0.327
0.327
0.327
0.327
0.327
0.327
0.327
0.327
0.327
0.327
0.327
0.327
0.327
0.327
0.327
0.327
0.327
0.327
0.327
0.327
0.327
0.327
0.327
0.327
0.327
0.327
0.327
0.327
0.327
0.327
0.328
0.328
0.328
0.328
0.328
0.328
0.328
0.328
0.328
0.328
0.328
0.328
0.328
0.328
0.328
0.328
0.328
0.328
0.328
0.328
0.328
0.328
0.328
0.328
0.328
0.328
0.328
0.328
0.328
0.328
0.329
0.329
0.329
0.329
0.329
0.329
0.329
0.329
0.329
0.329
0.329
0.329
0.329
0.329
0.329
0.329
0.329
0.329
0.329
0.329
0.329
0.329
0.329
0.329
0.329
0.329
0.329
0.329
0.329
0.329
0.33
0.33
0.33
0.33
0.33
0.33
0.33
0.33
0.33
0.33
0.33
0.33
0.33
0.33
0.33
0.33
0.33
0.33
0.33
0.33
0.33
0.33
0.33
0.33
0.33
0.33
0.33
0.33
0.331
0.331
0.331
0.331
0.331
0.331
0.331
0.331
0.331
0.331
0.331
0.331
0.331
0.331
0.331
0.331
0.331
0.331
0.331
0.331
0.331
0.331
0.332
0.332
0.332
0.332
0.332
0.332
0.332
0.332
0.332
0.332
0.332
0.332
0.332
0.332
0.332
0.332
0.332
0.332
0.332
0.332
0.332
0.332
0.332
0.332
0.332
0.332
0.332
0.332
0.332
0.332
0.332
0.332
0.332
0.332
0.332
0.332
0.332
0.332
0.332
0.333
0.333
0.333
0.333
0.333
0.333
0.333
0.333
0.333
0.333
0.333
0.333
0.333
0.333
0.333
0.334
0.334
0.334
0.334
0.334
0.334
0.334
0.334
0.334
0.334
0.334
0.334
0.334
0.334
0.334
0.334
0.334
0.334
0.334
0.334
0.334
0.335
0.335
0.335
0.335
0.335
0.335
0.335
0.335
0.335
0.335
0.335
0.335
0.335
0.335
0.335
0.335
0.335
0.335
0.335
0.335
0.335
0.335
0.335
0.335
0.335
0.335
0.335
0.335
0.335
0.336
0.336
0.336
0.336
0.336
0.336
0.336
0.336
0.336
0.336
0.336
0.336
0.336
0.336
0.336
0.336
0.336
0.336
0.336
0.336
0.336
0.337
0.337
0.337
0.337
0.337
0.337
0.337
0.337
0.337
0.337
0.337
0.337
0.337
0.337
0.337
0.337
0.337
0.337
0.337
0.337
0.337
0.337
0.337
0.337
0.337
0.337
0.337
0.337
0.337
0.337
0.337
0.338
0.338
0.338
0.338
0.338
0.338
0.338
0.338
0.338
0.338
0.338
0.338
0.338
0.338
0.339
0.339
0.339
0.339
0.339
0.339
0.339
0.339
0.339
0.339
0.339
0.339
0.339
0.34
0.34
0.34
0.34
0.34
0.34
0.34
0.34
0.34
0.34
0.34
0.34
0.34
0.34
0.341
0.341
0.341
0.341
0.341
0.341
0.341
0.341
0.341
0.341
0.341
0.341
0.341
0.341
0.341
0.341
0.342
0.342
0.342
0.342
0.342
0.342
0.342
0.342
0.342
0.342
0.342
0.342
0.342
0.342
0.343
0.343
0.343
0.343
0.343
0.343
0.343
0.343
0.343
0.343
0.343
0.343
0.343
0.343
0.343
0.343
0.343
0.343
0.343
0.343
0.344
0.344
0.344
0.344
0.344
0.344
0.344
0.344
0.344
0.344
0.344
0.344
0.344
0.345
0.345
0.345
0.345
0.345
0.345
0.345
0.345
0.345
0.345
0.345
0.345
0.345
0.345
0.345
0.346
0.346
0.346
0.346
0.346
0.346
0.347
0.347
0.347
0.347
0.347
0.347
0.347
0.347
0.347
0.347
0.347
0.347
0.347
0.348
0.348
0.348
0.348
0.348
0.348
0.348
0.348
0.348
0.348
0.348
0.349
0.349
0.349
0.349
0.349
0.349
0.349
0.349
0.349
0.349
0.35
0.35
0.35
0.35
0.35
0.35
0.35
0.35
0.35
0.351
0.351
0.351
0.351
0.351
0.351
0.351
0.351
0.352
0.352
0.352
0.352
0.352
0.352
0.352
0.352
0.352
0.352
0.352
0.353
0.353
0.353
0.353
0.353
0.353
0.354
0.354
0.354
0.354
0.354
0.354
0.354
0.354
0.354
0.354
0.355
0.355
0.355
0.355
0.355
0.355
0.355
0.356
0.356
0.356
0.356
0.356
0.356
0.357
0.357
0.357
0.357
0.357
0.357
0.357
0.357
0.357
0.358
0.358
0.358
0.358
0.358
0.359
0.359
0.359
0.359
0.359
0.36
0.36
0.36
0.361
0.361
0.361
0.361
0.361
0.361
0.362
0.362
0.362
0.362
0.363
0.363
0.363
0.363
0.363
0.364
0.364
0.365
0.365
0.365
0.365
0.365
0.365
0.365
0.367
0.367
0.367
0.367
0.367
0.367
0.367
0.367
0.367
0.367
0.368
0.368
0.368
0.369
0.369
0.369
0.369
0.37
0.37
0.37
0.37
0.37
0.371
0.371
0.371
0.372
0.372
0.372
0.372
0.372
0.372
0.372
0.373
0.373
0.374
0.374
0.374
0.375
0.376
0.376
0.377
0.377
0.377
0.377
0.377
0.378
0.378
0.378
0.379
0.379
0.379
0.38
0.38
0.38
0.381
0.382
0.382
0.382
0.382
0.382
0.382
0.382
0.382
0.383
0.383
0.383
0.383
0.383
0.384
0.385
0.385
0.385
0.386
0.387
0.387
0.387
0.388
0.388
0.388
0.388
0.388
0.389
0.39
0.391
0.391
0.391
0.392
0.392
0.392
0.392
0.392
0.393
0.393
0.394
0.395
0.396
0.396
0.396
0.396
0.397
0.397
0.397
0.397
0.399
0.399
0.399
0.4
0.4
0.4
0.4
0.401
0.401
0.402
0.402
0.402
0.403
0.403
0.404
0.404
0.405
0.405
0.405
0.406
0.406
0.407
0.408
0.409
0.41
0.41
0.41
0.41
0.412
0.413
0.413
0.413
0.415
0.416
0.416
0.416
0.416
0.416
0.417
0.417
0.417
0.417
0.417
0.418
0.419
0.42
0.42
0.42
0.421
0.424
0.424
0.426
0.426
0.426
0.426
0.426
0.426
0.426
0.427
0.427
0.427
0.428
0.43
0.43
0.43
0.43
0.43
0.431
0.432
0.432
0.432
0.434
0.434
0.434
0.434
0.434
0.434
0.436
0.438
0.44
0.44
0.44
0.442
0.443
0.443
0.444
0.446
0.446
0.447
0.447
0.447
0.447
0.448
0.451
0.451
0.453
0.453
0.453
0.454
0.456
0.458
0.458
0.459
0.459
0.462
0.463
0.466
0.467
0.468
0.468
0.469
0.469
0.471
0.471
0.472
0.472
0.473
0.476
0.478
0.479
0.48
0.481
0.483
0.484
0.485
0.485
0.485
0.486
0.486
0.487
0.491
0.495
0.496
0.498
0.498
0.501
0.501
0.503
0.505
0.507
0.508
0.511
0.513
0.514
0.517
0.519
0.519
0.519
0.521
0.522
0.525
0.525
0.533
0.535
0.539
0.541
0.542
0.543
0.551
0.554
0.555
0.56
0.56
0.562
0.576
0.577
0.582
0.585
0.588
0.589
0.589
0.594
0.596
0.606
0.609
0.611
0.614
0.617
0.62
0.626
0.626
0.648
0.657
0.667
0.669
0.67
0.676
0.676
0.68
0.706
0.745
0.751
0.784
0.788
0.811
0.836
0.844
0.919
0.932
