0.308
0.31
0.31
0.314
0.314
0.316
0.316
0.317
0.317
0.317
0.318
0.318
0.318
0.318
0.318
0.319
0.319
0.319
0.319
0.319
0.319
0.319
0.32
0.32
0.32
0.32
0.32
0.32
0.32
0.32
0.321
0.321
0.321
0.321
0.321
0.321
0.321
0.321
0.322
0.322
0.322
0.322
0.322
0.322
0.322
0.322
0.322
0.322
0.322
0.322
0.322
0.323
0.323
0.323
0.323
0.323
0.323
0.323
0.323
0.323
0.323
0.323
0.323
0.323
0.323
0.323
0.324
0.324
0.324
0.324
0.324
0.324
0.324
0.324
0.324
0.324
0.324
0.324
0.324
0.324
0.324
0.324
0.324
0.324
0.325
0.325
0.325
0.325
0.325
0.325
0.325
0.325
0.325
0.325
0.325
0.325
0.325
0.326
0.326
0.326
0.326
0.326
0.326
0.326
0.326
0.326
0.326
0.326
0.326
0.326
0.326
0.326
0.326
0.326
0.326
0.326
0.326
0.326
0.326
0.326
0.326
0.326
0.326
0.326
0.327
0.327
0.327
0.327
0.327
0.327
0.327
0.327
0.327
0.327
0.327
0.327
0.327
0.327
0.327
0.327
0.327
0.327
0.327
0.327
0.327
0.327
0.328
0.328
0.328
0.328
0.328
0.328
0.328
0.328
0.328
0.328
0.328
0.328
0.328
0.328
0.328
0.328
0.328
0.328
0.328
0.328
0.328
0.328
0.328
0.328
0.328
0.329
0.329
0.329
0.329
0.329
0.329
0.329
0.329
0.329
0.329
0.329
0.329
0.329
0.329
0.329
0.329
0.329
0.329
0.329
0.329
0.329
0.329
0.329
0.329
0.329
0.329
0.33
0.33
0.33
0.33
0.33
0.33
0.33
0.33
0.33
0.33
0.33
0.33
0.33
0.33
0.33
0.33
0.33
0.33
0.33
0.33
0.33
0.33
0.33
0.33
0.33
0.33
0.33
0.33
0.33
0.33
0.33
0.33
0.33
0.33
0.33
0.33
0.33
0.33
0.33
0.33
0.33
0.331
0.331
0.331
0.331
0.331
0.331
0.331
0.331
0.331
0.331
0.331
0.331
0.331
0.331
0.331
0.331
0.331
0.331
0.331
0.331
0.331
0.331
0.332
0.332
0.332
0.332
0.332
0.332
0.332
0.332
0.332
0.332
0.332
0.332
0.332
0.332
0.332
0.332
0.332
0.332
0.332
0.332
0.332
0.332
0.332
0.332
0.332
0.332
0.332
0.332
0.333
0.333
0.333
0.333
0.333
0.333
0.333
0.333
0.333
0.333
0.333
0.333
0.333
0.333
0.333
0.333
0.333
0.333
0.333
0.333
0.333
0.333
0.333
0.333
0.333
0.333
0.333
0.333
0.333
0.333
0.334
0.334
0.334
0.334
0.334
0.334
0.334
0.334
0.334
0.334
0.334
0.334
0.334
0.334
0.334
0.334
0.334
0.334
0.334
0.334
0.334
0.334
0.334
0.334
0.334
0.334
0.334
0.335
0.335
0.335
0.335
0.335
0.335
0.335
0.335
0.335
0.335
0.335
0.335
0.335
0.335
0.335
0.335
0.335
0.335
0.335
0.335
0.335
0.335
0.335
0.335
0.335
0.336
0.336
0.336
0.336
0.336
0.336
0.336
0.336
0.336
0.336
0.336
0.336
0.336
0.336
0.336
0.336
0.336
0.336
0.336
0.336
0.336
0.336
0.336
0.336
0.336
0.336
0.337
0.337
0.337
0.337
0.337
0.337
0.337
0.337
0.337
0.337
0.337
0.337
0.337
0.337
0.337
0.337
0.337
0.337
0.337
0.337
0.337
0.337
0.337
0.337
0.338
0.338
0.338
0.338
0.338
0.338
0.338
0.338
0.338
0.338
0.338
0.338
0.338
0.338
0.338
0.338
0.338
0.338
0.338
0.338
0.338
0.338
0.339
0.339
0.339
0.339
0.339
0.339
0.339
0.339
0.339
0.339
0.339
0.339
0.339
0.339
0.339
0.339
0.339
0.34
0.34
0.34
0.34
0.34
0.34
0.34
0.34
0.34
0.34
0.34
0.34
0.341
0.341
0.341
0.341
0.341
0.341
0.341
0.341
0.341
0.341
0.341
0.341
0.341
0.341
0.341
0.341
0.341
0.341
0.341
0.341
0.342
0.342
0.342
0.342
0.342
0.342
0.342
0.342
0.342
0.342
0.342
0.342
0.343
0.343
0.343
0.343
0.343
0.343
0.343
0.343
0.343
0.343
0.343
0.343
0.343
0.343
0.343
0.343
0.344
0.344
0.344
0.344
0.344
0.344
0.344
0.344
0.344
0.344
0.344
0.344
0.344
0.344
0.344
0.344
0.344
0.344
0.345
0.345
0.345
0.345
0.345
0.345
0.345
0.345
0.345
0.345
0.345
0.345
0.345
0.345
0.345
0.345
0.346
0.346
0.346
0.346
0.346
0.346
0.346
0.346
0.346
0.346
0.347
0.347
0.347
0.347
0.347
0.347
0.347
0.347
0.347
0.347
0.347
0.348
0.348
0.348
0.348
0.348
0.349
0.349
0.349
0.349
0.349
0.349
0.349
0.349
0.349
0.349
0.349
0.349
0.35
0.35
0.35
0.35
0.35
0.35
0.35
0.35
0.35
0.35
0.35
0.35
0.351
0.351
0.351
0.351
0.352
0.352
0.352
0.352
0.352
0.353
0.353
0.353
0.354
0.354
0.354
0.354
0.354
0.354
0.355
0.355
0.355
0.355
0.355
0.355
0.355
0.356
0.356
0.356
0.356
0.357
0.357
0.357
0.357
0.357
0.358
0.358
0.358
0.358
0.358
0.359
0.359
0.359
0.359
0.359
0.36
0.36
0.36
0.36
0.36
0.36
0.36
0.36
0.361
0.361
0.361
0.361
0.361
0.361
0.361
0.362
0.362
0.362
0.362
0.362
0.362
0.362
0.362
0.363
0.363
0.363
0.363
0.363
0.363
0.363
0.363
0.364
0.364
0.364
0.364
0.364
0.364
0.365
0.365
0.365
0.365
0.365
0.365
0.365
0.365
0.366
0.366
0.367
0.367
0.367
0.367
0.368
0.368
0.368
0.368
0.368
0.368
0.368
0.369
0.369
0.369
0.37
0.37
0.37
0.37
0.37
0.37
0.371
0.372
0.372
0.373
0.373
0.373
0.374
0.374
0.374
0.375
0.375
0.375
0.375
0.376
0.377
0.377
0.377
0.377
0.377
0.378
0.378
0.378
0.378
0.378
0.378
0.378
0.379
0.379
0.379
0.379
0.38
0.38
0.38
0.38
0.38
0.38
0.381
0.381
0.381
0.382
0.382
0.382
0.382
0.382
0.382
0.382
0.382
0.383
0.384
0.385
0.385
0.385
0.385
0.385
0.385
0.386
0.386
0.386
0.388
0.389
0.389
0.39
0.391
0.392
0.392
0.392
0.393
0.394
0.394
0.395
0.395
0.395
0.397
0.397
0.397
0.398
0.399
0.399
0.4
0.401
0.401
0.402
0.402
0.403
0.403
0.403
0.403
0.404
0.404
0.404
0.404
0.405
0.405
0.405
0.405
0.405
0.408
0.408
0.408
0.41
0.41
0.411
0.411
0.411
0.412
0.412
0.412
0.414
0.414
0.414
0.415
0.415
0.416
0.417
0.417
0.418
0.418
0.418
0.419
0.42
0.42
0.42
0.421
0.422
0.422
0.422
0.422
0.423
0.423
0.423
0.424
0.424
0.424
0.425
0.425
0.425
0.426
0.426
0.428
0.428
0.43
0.431
0.432
0.432
0.434
0.434
0.434
0.435
0.435
0.435
0.437
0.437
0.437
0.439
0.439
0.44
0.441
0.441
0.445
0.447
0.447
0.448
0.449
0.451
0.451
0.451
0.452
0.452
0.453
0.453
0.454
0.457
0.458
0.458
0.458
0.459
0.459
0.46
0.463
0.465
0.465
0.465
0.467
0.47
0.471
0.473
0.475
0.475
0.475
0.475
0.478
0.478
0.479
0.48
0.48
0.481
0.482
0.482
0.482
0.483
0.486
0.493
0.494
0.494
0.494
0.496
0.497
0.501
0.504
0.504
0.506
0.507
0.509
0.509
0.51
0.51
0.51
0.513
0.516
0.517
0.518
0.522
0.522
0.523
0.525
0.525
0.53
0.532
0.533
0.533
0.534
0.534
0.535
0.542
0.546
0.553
0.56
0.562
0.562
0.565
0.567
0.579
0.582
0.583
0.592
0.593
0.596
0.596
0.598
0.6
0.607
0.608
0.614
0.617
0.618
0.618
0.621
0.622
0.623
0.624
0.626
0.628
0.631
0.636
0.637
0.64
0.645
0.649
0.649
0.651
0.653
0.657
0.689
0.693
0.699
0.715
0.716
0.72
0.728
0.739
0.742
0.792
0.803
0.845
0.845
0.92
