0.311
0.312
0.313
0.314
0.314
0.315
0.315
0.316
0.316
0.316
0.317
0.317
0.317
0.317
0.318
0.318
0.318
0.318
0.318
0.319
0.319
0.319
0.319
0.319
0.32
0.32
0.32
0.32
0.32
0.32
0.32
0.32
0.32
0.32
0.32
0.32
0.32
0.32
0.321
0.321
0.321
0.321
0.321
0.321
0.321
0.321
0.322
0.322
0.322
0.322
0.322
0.322
0.322
0.322
0.322
0.322
0.323
0.323
0.323
0.323
0.323
0.323
0.323
0.323
0.323
0.323
0.323
0.323
0.324
0.324
0.324
0.324
0.324
0.324
0.324
0.324
0.324
0.324
0.324
0.324
0.324
0.324
0.324
0.324
0.324
0.324
0.324
0.324
0.324
0.325
0.325
0.325
0.325
0.325
0.325
0.325
0.325
0.325
0.325
0.325
0.325
0.325
0.325
0.325
0.325
0.325
0.325
0.325
0.325
0.325
0.325
0.325
0.325
0.325
0.325
0.325
0.325
0.326
0.326
0.326
0.326
0.326
0.326
0.326
0.326
0.326
0.326
0.326
0.326
0.326
0.326
0.326
0.326
0.326
0.326
0.326
0.326
0.327
0.327
0.327
0.327
0.327
0.327
0.327
0.327
0.327
0.327
0.327
0.327
0.327
0.327
0.327
0.327
0.327
0.327
0.327
0.327
0.327
0.327
0.327
0.328
0.328
0.328
0.328
0.328
0.328
0.328
0.328
0.328
0.328
0.328
0.328
0.328
0.328
0.328
0.328
0.328
0.328
0.328
0.328
0.328
0.328
0.328
0.328
0.328
0.328
0.328
0.328
0.328
0.328
0.328
0.328
0.328
0.328
0.328
0.329
0.329
0.329
0.329
0.329
0.329
0.329
0.329
0.329
0.329
0.329
0.329
0.329
0.329
0.329
0.329
0.329
0.329
0.329
0.329
0.329
0.33
0.33
0.33
0.33
0.33
0.33
0.33
0.33
0.33
0.33
0.33
0.33
0.33
0.33
0.33
0.33
0.33
0.33
0.33
0.33
0.33
0.33
0.33
0.33
0.33
0.33
0.33
0.33
0.33
0.33
0.33
0.33
0.33
0.331
0.331
0.331
0.331
0.331
0.331
0.331
0.331
0.331
0.331
0.331
0.331
0.331
0.331
0.331
0.331
0.331
0.331
0.331
0.331
0.331
0.331
0.331
0.331
0.331
0.331
0.331
0.331
0.331
0.331
0.331
0.331
0.331
0.331
0.331
0.331
0.331
0.331
0.331
0.331
0.332
0.332
0.332
0.332
0.332
0.332
0.332
0.332
0.332
0.332
0.332
0.332
0.332
0.332
0.332
0.332
0.332
0.332
0.332
0.332
0.332
0.332
0.332
0.332
0.332
0.332
0.333
0.333
0.333
0.333
0.333
0.333
0.333
0.333
0.333
0.333
0.333
0.333
0.333
0.333
0.333
0.333
0.333
0.333
0.333
0.333
0.333
0.333
0.333
0.333
0.333
0.333
0.333
0.334
0.334
0.334
0.334
0.334
0.334
0.334
0.334
0.334
0.334
0.334
0.334
0.334
0.334
0.334
0.334
0.334
0.334
0.334
0.334
0.334
0.334
0.334
0.334
0.334
0.335
0.335
0.335
0.335
0.335
0.335
0.335
0.335
0.335
0.335
0.335
0.335
0.335
0.335
0.335
0.335
0.335
0.335
0.335
0.335
0.335
0.335
0.335
0.335
0.335
0.335
0.335
0.335
0.335
0.335
0.335
0.336
0.336
0.336
0.336
0.336
0.336
0.336
0.336
0.336
0.336
0.336
0.336
0.336
0.336
0.336
0.336
0.336
0.336
0.336
0.336
0.336
0.336
0.336
0.336
0.336
0.337
0.337
0.337
0.337
0.337
0.337
0.337
0.337
0.337
0.337
0.337
0.337
0.337
0.337
0.337
0.337
0.337
0.337
0.337
0.337
0.337
0.337
0.337
0.337
0.337
0.337
0.338
0.338
0.338
0.338
0.338
0.338
0.338
0.338
0.338
0.338
0.338
0.338
0.338
0.338
0.338
0.338
0.338
0.338
0.338
0.338
0.338
0.338
0.339
0.339
0.339
0.339
0.339
0.339
0.339
0.339
0.339
0.339
0.339
0.339
0.339
0.339
0.339
0.339
0.339
0.34
0.34
0.34
0.34
0.34
0.34
0.34
0.34
0.34
0.34
0.34
0.34
0.34
0.34
0.34
0.34
0.34
0.34
0.34
0.34
0.34
0.34
0.34
0.34
0.34
0.341
0.341
0.341
0.341
0.341
0.341
0.341
0.341
0.341
0.341
0.341
0.342
0.342
0.342
0.342
0.342
0.342
0.342
0.342
0.342
0.342
0.342
0.342
0.342
0.342
0.342
0.342
0.342
0.342
0.342
0.343
0.343
0.343
0.343
0.343
0.343
0.343
0.343
0.344
0.344
0.344
0.344
0.344
0.344
0.344
0.344
0.344
0.344
0.344
0.345
0.345
0.345
0.345
0.345
0.345
0.345
0.345
0.345
0.345
0.345
0.346
0.346
0.346
0.346
0.346
0.346
0.346
0.346
0.347
0.347
0.347
0.347
0.347
0.347
0.347
0.347
0.347
0.347
0.347
0.347
0.348
0.348
0.348
0.348
0.348
0.348
0.348
0.348
0.348
0.349
0.349
0.349
0.349
0.349
0.349
0.349
0.349
0.35
0.35
0.35
0.35
0.35
0.351
0.351
0.351
0.351
0.351
0.352
0.352
0.352
0.352
0.352
0.352
0.353
0.353
0.353
0.353
0.354
0.354
0.354
0.354
0.354
0.354
0.354
0.355
0.355
0.355
0.355
0.356
0.356
0.356
0.356
0.357
0.357
0.357
0.357
0.357
0.357
0.357
0.357
0.357
0.358
0.358
0.358
0.358
0.358
0.358
0.358
0.358
0.359
0.359
0.359
0.359
0.359
0.359
0.359
0.359
0.359
0.359
0.359
0.359
0.36
0.36
0.36
0.36
0.361
0.361
0.362
0.362
0.362
0.362
0.362
0.363
0.363
0.363
0.363
0.363
0.363
0.363
0.363
0.364
0.364
0.364
0.364
0.364
0.365
0.365
0.365
0.365
0.365
0.365
0.365
0.365
0.366
0.366
0.366
0.366
0.366
0.366
0.367
0.367
0.367
0.367
0.368
0.368
0.368
0.368
0.369
0.369
0.369
0.37
0.37
0.37
0.37
0.37
0.371
0.371
0.371
0.372
0.372
0.372
0.372
0.372
0.372
0.372
0.373
0.374
0.375
0.375
0.375
0.375
0.376
0.377
0.378
0.379
0.379
0.379
0.379
0.379
0.38
0.381
0.381
0.381
0.381
0.381
0.381
0.382
0.382
0.382
0.383
0.383
0.383
0.383
0.383
0.383
0.383
0.383
0.384
0.384
0.384
0.384
0.385
0.385
0.385
0.385
0.386
0.386
0.386
0.386
0.386
0.387
0.387
0.387
0.388
0.388
0.389
0.389
0.39
0.391
0.392
0.393
0.393
0.395
0.396
0.396
0.396
0.396
0.398
0.398
0.398
0.398
0.398
0.399
0.399
0.399
0.4
0.4
0.401
0.402
0.402
0.403
0.404
0.404
0.405
0.406
0.406
0.407
0.407
0.408
0.409
0.409
0.409
0.41
0.41
0.411
0.411
0.411
0.411
0.412
0.412
0.412
0.412
0.413
0.413
0.413
0.413
0.413
0.413
0.414
0.415
0.415
0.416
0.416
0.416
0.416
0.417
0.417
0.418
0.419
0.42
0.42
0.422
0.423
0.423
0.424
0.424
0.425
0.425
0.426
0.426
0.427
0.427
0.427
0.427
0.427
0.428
0.428
0.429
0.429
0.429
0.431
0.431
0.432
0.434
0.434
0.435
0.436
0.436
0.436
0.436
0.437
0.437
0.437
0.437
0.437
0.438
0.439
0.44
0.442
0.443
0.443
0.445
0.445
0.447
0.448
0.449
0.45
0.45
0.452
0.452
0.454
0.456
0.457
0.457
0.461
0.464
0.466
0.466
0.467
0.467
0.47
0.472
0.473
0.474
0.475
0.475
0.476
0.476
0.476
0.476
0.476
0.477
0.478
0.481
0.484
0.486
0.487
0.491
0.491
0.491
0.492
0.492
0.492
0.496
0.499
0.5
0.503
0.507
0.51
0.513
0.515
0.517
0.52
0.526
0.527
0.529
0.531
0.531
0.531
0.533
0.534
0.536
0.537
0.538
0.54
0.543
0.546
0.547
0.549
0.554
0.554
0.556
0.557
0.563
0.566
0.572
0.572
0.575
0.575
0.576
0.582
0.584
0.59
0.599
0.602
0.606
0.606
0.623
0.624
0.627
0.635
0.645
0.649
0.662
0.666
0.683
0.685
0.691
0.711
0.716
0.724
0.737
0.783
0.852
0.855
0.858
0.87
