0.123
0.125
0.126
0.127
0.127
0.127
0.127
0.128
0.128
0.128
0.128
0.128
0.128
0.128
0.129
0.129
0.129
0.129
0.129
0.129
0.129
0.129
0.129
0.129
0.13
0.13
0.13
0.13
0.13
0.13
0.13
0.13
0.13
0.13
0.13
0.13
0.13
0.13
0.13
0.13
0.13
0.13
0.13
0.13
0.131
0.131
0.131
0.131
0.131
0.131
0.131
0.131
0.131
0.131
0.131
0.131
0.131
0.131
0.131
0.131
0.131
0.132
0.132
0.132
0.132
0.132
0.132
0.132
0.132
0.132
0.132
0.132
0.132
0.132
0.132
0.132
0.132
0.132
0.132
0.132
0.132
0.132
0.132
0.132
0.133
0.133
0.133
0.133
0.133
0.133
0.133
0.133
0.133
0.133
0.133
0.133
0.133
0.133
0.133
0.133
0.133
0.133
0.133
0.133
0.133
0.133
0.133
0.134
0.134
0.134
0.134
0.134
0.134
0.134
0.134
0.134
0.134
0.134
0.134
0.134
0.134
0.134
0.134
0.134
0.134
0.134
0.134
0.135
0.135
0.135
0.135
0.135
0.135
0.135
0.135
0.135
0.135
0.135
0.135
0.135
0.135
0.135
0.135
0.135
0.135
0.136
0.136
0.136
0.136
0.136
0.136
0.136
0.136
0.136
0.136
0.136
0.136
0.136
0.136
0.136
0.137
0.137
0.137
0.137
0.137
0.137
0.137
0.137
0.137
0.137
0.137
0.137
0.137
0.137
0.137
0.137
0.137
0.137
0.137
0.137
0.138
0.138
0.138
0.138
0.138
0.138
0.138
0.138
0.138
0.138
0.138
0.138
0.138
0.138
0.138
0.138
0.138
0.139
0.139
0.139
0.139
0.139
0.139
0.139
0.139
0.139
0.139
0.139
0.139
0.139
0.139
0.139
0.139
0.139
0.139
0.139
0.139
0.14
0.14
0.14
0.14
0.14
0.14
0.14
0.14
0.14
0.14
0.14
0.14
0.14
0.14
0.14
0.14
0.14
0.14
0.14
0.14
0.14
0.14
0.14
0.14
0.141
0.141
0.141
0.141
0.141
0.141
0.141
0.141
0.141
0.141
0.141
0.141
0.141
0.142
0.142
0.142
0.142
0.142
0.142
0.142
0.142
0.142
0.142
0.142
0.142
0.142
0.143
0.143
0.143
0.143
0.143
0.143
0.143
0.143
0.143
0.143
0.143
0.143
0.143
0.144
0.144
0.144
0.144
0.144
0.144
0.144
0.144
0.144
0.144
0.144
0.144
0.144
0.144
0.144
0.144
0.144
0.144
0.144
0.144
0.144
0.145
0.145
0.145
0.145
0.145
0.145
0.145
0.145
0.145
0.145
0.145
0.145
0.145
0.145
0.145
0.145
0.146
0.146
0.146
0.146
0.146
0.146
0.146
0.146
0.146
0.146
0.146
0.146
0.146
0.146
0.146
0.146
0.146
0.146
0.146
0.147
0.147
0.147
0.147
0.147
0.147
0.147
0.147
0.147
0.147
0.147
0.147
0.147
0.147
0.147
0.148
0.148
0.148
0.148
0.148
0.148
0.148
0.148
0.148
0.148
0.148
0.148
0.148
0.148
0.149
0.149
0.149
0.149
0.149
0.149
0.149
0.149
0.149
0.149
0.149
0.149
0.149
0.149
0.149
0.149
0.149
0.149
0.15
0.15
0.15
0.15
0.15
0.15
0.15
0.15
0.151
0.151
0.151
0.151
0.151
0.151
0.151
0.151
0.151
0.151
0.151
0.151
0.151
0.151
0.151
0.151
0.151
0.151
0.151
0.151
0.152
0.152
0.152
0.152
0.152
0.152
0.152
0.152
0.152
0.152
0.152
0.153
0.153
0.153
0.153
0.153
0.153
0.153
0.153
0.154
0.154
0.154
0.155
0.155
0.155
0.155
0.155
0.155
0.155
0.155
0.155
0.155
0.156
0.156
0.156
0.156
0.156
0.156
0.156
0.156
0.156
0.156
0.156
0.156
0.156
0.157
0.157
0.157
0.157
0.157
0.157
0.157
0.157
0.157
0.157
0.157
0.157
0.157
0.157
0.157
0.157
0.157
0.158
0.158
0.158
0.158
0.158
0.158
0.158
0.158
0.158
0.158
0.159
0.159
0.159
0.159
0.159
0.159
0.159
0.159
0.159
0.159
0.159
0.16
0.16
0.16
0.16
0.16
0.16
0.16
0.16
0.161
0.161
0.161
0.161
0.161
0.161
0.161
0.161
0.161
0.162
0.162
0.162
0.162
0.162
0.162
0.162
0.162
0.163
0.163
0.163
0.163
0.163
0.163
0.164
0.164
0.164
0.164
0.164
0.164
0.165
0.165
0.165
0.165
0.165
0.165
0.165
0.166
0.166
0.166
0.166
0.166
0.166
0.166
0.166
0.166
0.167
0.167
0.167
0.168
0.168
0.168
0.168
0.168
0.168
0.168
0.169
0.169
0.169
0.169
0.169
0.169
0.169
0.169
0.169
0.169
0.17
0.17
0.17
0.17
0.17
0.17
0.171
0.171
0.171
0.171
0.171
0.171
0.171
0.171
0.171
0.171
0.171
0.172
0.172
0.172
0.172
0.173
0.173
0.173
0.173
0.174
0.174
0.174
0.174
0.175
0.175
0.175
0.175
0.175
0.175
0.175
0.175
0.175
0.175
0.176
0.176
0.176
0.176
0.176
0.176
0.176
0.177
0.177
0.177
0.177
0.177
0.177
0.177
0.177
0.177
0.177
0.177
0.178
0.178
0.178
0.178
0.178
0.179
0.179
0.179
0.179
0.179
0.18
0.18
0.18
0.18
0.18
0.18
0.18
0.181
0.181
0.181
0.181
0.181
0.181
0.181
0.182
0.182
0.182
0.182
0.183
0.183
0.183
0.184
0.184
0.184
0.184
0.185
0.185
0.185
0.185
0.185
0.185
0.185
0.185
0.186
0.186
0.187
0.187
0.187
0.187
0.187
0.187
0.187
0.187
0.188
0.188
0.188
0.188
0.189
0.189
0.189
0.19
0.19
0.19
0.19
0.19
0.19
0.19
0.191
0.191
0.191
0.191
0.191
0.191
0.192
0.192
0.193
0.194
0.194
0.195
0.195
0.195
0.195
0.195
0.195
0.195
0.196
0.196
0.196
0.197
0.197
0.197
0.198
0.198
0.198
0.198
0.199
0.199
0.199
0.199
0.199
0.2
0.2
0.2
0.2
0.2
0.2
0.201
0.201
0.202
0.202
0.202
0.203
0.203
0.204
0.204
0.204
0.204
0.206
0.206
0.206
0.206
0.207
0.207
0.207
0.208
0.208
0.208
0.208
0.209
0.209
0.209
0.209
0.209
0.209
0.21
0.211
0.211
0.211
0.211
0.211
0.211
0.212
0.212
0.212
0.212
0.213
0.214
0.215
0.216
0.216
0.216
0.216
0.218
0.218
0.219
0.219
0.22
0.22
0.22
0.22
0.22
0.221
0.221
0.222
0.222
0.223
0.224
0.224
0.224
0.224
0.224
0.225
0.226
0.226
0.226
0.227
0.227
0.228
0.228
0.228
0.228
0.229
0.229
0.23
0.23
0.23
0.231
0.232
0.232
0.232
0.232
0.232
0.233
0.235
0.235
0.235
0.236
0.236
0.237
0.237
0.238
0.238
0.238
0.239
0.239
0.241
0.241
0.242
0.242
0.243
0.246
0.246
0.246
0.247
0.248
0.248
0.248
0.248
0.248
0.249
0.25
0.25
0.251
0.251
0.251
0.252
0.252
0.256
0.257
0.26
0.261
0.263
0.265
0.266
0.266
0.266
0.266
0.266
0.269
0.269
0.27
0.271
0.271
0.271
0.271
0.271
0.273
0.274
0.276
0.278
0.279
0.28
0.28
0.28
0.28
0.281
0.281
0.283
0.285
0.285
0.285
0.286
0.288
0.291
0.291
0.292
0.292
0.295
0.295
0.298
0.299
0.299
0.3
0.3
0.301
0.301
0.303
0.306
0.31
0.31
0.31
0.31
0.311
0.311
0.313
0.314
0.315
0.316
0.316
0.316
0.316
0.317
0.318
0.318
0.32
0.32
0.322
0.322
0.324
0.328
0.329
0.33
0.332
0.332
0.333
0.334
0.336
0.339
0.341
0.343
0.344
0.345
0.346
0.347
0.349
0.349
0.352
0.358
0.358
0.359
0.363
0.365
0.366
0.367
0.367
0.381
0.381
0.383
0.388
0.391
0.392
0.393
0.393
0.397
0.397
0.399
0.404
0.406
0.411
0.411
0.424
0.426
0.428
0.428
0.432
0.435
0.436
0.441
0.447
0.447
0.451
0.466
0.475
0.476
0.479
0.483
0.485
0.487
0.492
0.519
0.521
0.534
0.536
0.541
0.546
0.548
0.556
0.563
0.565
0.567
0.58
0.594
0.616
0.687
0.702
0.781
