0.305
0.308
0.308
0.31
0.31
0.31
0.31
0.311
0.311
0.312
0.312
0.312
0.312
0.312
0.313
0.313
0.313
0.313
0.313
0.314
0.314
0.314
0.314
0.314
0.315
0.315
0.315
0.315
0.315
0.315
0.315
0.315
0.315
0.315
0.315
0.316
0.316
0.316
0.316
0.316
0.316
0.316
0.316
0.316
0.316
0.316
0.316
0.316
0.317
0.317
0.317
0.317
0.317
0.317
0.317
0.317
0.317
0.317
0.317
0.317
0.317
0.317
0.317
0.317
0.317
0.318
0.318
0.318
0.318
0.318
0.318
0.318
0.318
0.318
0.318
0.318
0.319
0.319
0.319
0.319
0.319
0.319
0.319
0.319
0.319
0.319
0.319
0.319
0.32
0.32
0.32
0.32
0.32
0.32
0.32
0.32
0.32
0.32
0.32
0.32
0.32
0.32
0.32
0.321
0.321
0.321
0.321
0.321
0.321
0.321
0.321
0.321
0.321
0.321
0.321
0.321
0.321
0.321
0.321
0.321
0.321
0.322
0.322
0.322
0.322
0.322
0.322
0.322
0.322
0.322
0.322
0.322
0.322
0.322
0.322
0.322
0.322
0.322
0.322
0.322
0.322
0.322
0.322
0.322
0.323
0.323
0.323
0.323
0.323
0.323
0.323
0.323
0.323
0.323
0.323
0.323
0.323
0.323
0.323
0.323
0.323
0.323
0.323
0.323
0.323
0.324
0.324
0.324
0.324
0.324
0.324
0.324
0.324
0.324
0.324
0.324
0.324
0.324
0.324
0.324
0.324
0.324
0.324
0.324
0.324
0.324
0.324
0.325
0.325
0.325
0.325
0.325
0.325
0.325
0.325
0.325
0.325
0.325
0.325
0.325
0.325
0.325
0.326
0.326
0.326
0.326
0.326
0.326
0.326
0.326
0.326
0.326
0.326
0.326
0.326
0.326
0.326
0.326
0.326
0.326
0.326
0.326
0.326
0.326
0.326
0.326
0.326
0.326
0.327
0.327
0.327
0.327
0.327
0.327
0.327
0.327
0.327
0.327
0.327
0.327
0.327
0.327
0.327
0.327
0.327
0.327
0.327
0.328
0.328
0.328
0.328
0.328
0.328
0.328
0.328
0.328
0.328
0.328
0.328
0.328
0.328
0.328
0.328
0.328
0.328
0.328
0.329
0.329
0.329
0.329
0.329
0.329
0.329
0.329
0.329
0.329
0.329
0.329
0.329
0.329
0.329
0.329
0.329
0.329
0.329
0.329
0.329
0.329
0.329
0.329
0.329
0.33
0.33
0.33
0.33
0.33
0.33
0.33
0.33
0.33
0.33
0.33
0.33
0.33
0.33
0.33
0.33
0.33
0.33
0.33
0.331
0.331
0.331
0.331
0.331
0.331
0.331
0.331
0.331
0.331
0.331
0.331
0.331
0.331
0.331
0.331
0.331
0.331
0.331
0.331
0.331
0.331
0.332
0.332
0.332
0.332
0.332
0.332
0.332
0.332
0.332
0.332
0.332
0.332
0.332
0.332
0.332
0.332
0.332
0.332
0.332
0.332
0.332
0.332
0.332
0.332
0.332
0.332
0.333
0.333
0.333
0.333
0.333
0.333
0.333
0.333
0.333
0.333
0.333
0.333
0.333
0.333
0.333
0.333
0.333
0.333
0.334
0.334
0.334
0.334
0.334
0.334
0.334
0.334
0.334
0.334
0.334
0.334
0.334
0.334
0.334
0.334
0.334
0.334
0.334
0.334
0.334
0.335
0.335
0.335
0.335
0.335
0.335
0.335
0.335
0.335
0.335
0.335
0.335
0.335
0.335
0.335
0.335
0.335
0.335
0.335
0.335
0.336
0.336
0.336
0.336
0.336
0.336
0.336
0.336
0.336
0.336
0.336
0.336
0.336
0.336
0.336
0.336
0.337
0.337
0.337
0.337
0.337
0.337
0.337
0.337
0.337
0.337
0.337
0.337
0.337
0.337
0.337
0.337
0.337
0.337
0.337
0.338
0.338
0.338
0.338
0.338
0.338
0.338
0.338
0.338
0.338
0.338
0.338
0.338
0.338
0.338
0.338
0.338
0.339
0.339
0.339
0.339
0.339
0.339
0.339
0.339
0.339
0.339
0.339
0.339
0.339
0.339
0.339
0.339
0.339
0.339
0.34
0.34
0.34
0.34
0.34
0.34
0.34
0.34
0.34
0.34
0.34
0.34
0.34
0.34
0.34
0.34
0.34
0.341
0.341
0.341
0.341
0.341
0.341
0.342
0.342
0.342
0.342
0.342
0.342
0.342
0.342
0.342
0.342
0.342
0.342
0.342
0.342
0.342
0.342
0.342
0.342
0.343
0.343
0.343
0.343
0.343
0.343
0.343
0.343
0.343
0.344
0.344
0.344
0.344
0.344
0.344
0.344
0.344
0.344
0.345
0.345
0.345
0.345
0.345
0.345
0.345
0.345
0.345
0.345
0.346
0.346
0.346
0.346
0.346
0.346
0.347
0.347
0.347
0.347
0.347
0.347
0.347
0.347
0.347
0.347
0.347
0.347
0.347
0.348
0.348
0.348
0.348
0.348
0.348
0.348
0.348
0.348
0.349
0.349
0.349
0.349
0.349
0.349
0.349
0.349
0.349
0.35
0.35
0.35
0.35
0.35
0.35
0.35
0.351
0.351
0.351
0.351
0.351
0.351
0.351
0.351
0.352
0.352
0.352
0.352
0.352
0.352
0.352
0.352
0.353
0.353
0.353
0.353
0.353
0.353
0.354
0.354
0.354
0.355
0.355
0.355
0.355
0.355
0.355
0.356
0.356
0.356
0.356
0.356
0.356
0.356
0.356
0.357
0.357
0.357
0.357
0.357
0.357
0.357
0.357
0.357
0.358
0.358
0.358
0.358
0.358
0.358
0.358
0.359
0.359
0.359
0.359
0.359
0.359
0.359
0.36
0.36
0.36
0.36
0.36
0.361
0.361
0.361
0.361
0.361
0.361
0.361
0.361
0.362
0.362
0.362
0.362
0.362
0.362
0.363
0.363
0.363
0.363
0.363
0.363
0.363
0.364
0.364
0.364
0.364
0.364
0.365
0.365
0.365
0.365
0.366
0.366
0.366
0.366
0.366
0.366
0.367
0.367
0.367
0.367
0.368
0.368
0.369
0.369
0.37
0.37
0.371
0.371
0.371
0.371
0.372
0.373
0.373
0.373
0.373
0.373
0.373
0.374
0.374
0.374
0.374
0.374
0.374
0.375
0.375
0.375
0.376
0.376
0.376
0.376
0.376
0.376
0.377
0.377
0.377
0.377
0.377
0.378
0.379
0.379
0.379
0.379
0.38
0.381
0.381
0.381
0.381
0.384
0.385
0.385
0.385
0.385
0.386
0.386
0.386
0.386
0.387
0.388
0.388
0.389
0.389
0.389
0.389
0.389
0.389
0.39
0.39
0.39
0.39
0.391
0.391
0.391
0.392
0.392
0.392
0.393
0.394
0.394
0.394
0.394
0.394
0.394
0.395
0.395
0.396
0.396
0.396
0.397
0.397
0.398
0.398
0.398
0.399
0.4
0.4
0.4
0.4
0.401
0.401
0.401
0.401
0.402
0.402
0.402
0.402
0.402
0.402
0.403
0.403
0.403
0.405
0.406
0.406
0.407
0.407
0.407
0.407
0.408
0.408
0.408
0.408
0.409
0.409
0.409
0.409
0.41
0.41
0.411
0.411
0.411
0.411
0.411
0.412
0.412
0.412
0.413
0.413
0.413
0.414
0.414
0.416
0.417
0.417
0.417
0.418
0.418
0.42
0.42
0.421
0.422
0.422
0.423
0.423
0.425
0.425
0.425
0.426
0.426
0.426
0.426
0.427
0.427
0.428
0.429
0.429
0.431
0.432
0.433
0.433
0.433
0.433
0.434
0.436
0.437
0.437
0.437
0.438
0.438
0.438
0.439
0.442
0.442
0.445
0.445
0.445
0.447
0.447
0.448
0.45
0.45
0.452
0.452
0.453
0.454
0.455
0.455
0.456
0.456
0.457
0.458
0.459
0.459
0.462
0.464
0.466
0.468
0.47
0.473
0.476
0.478
0.479
0.481
0.481
0.485
0.486
0.486
0.488
0.489
0.489
0.492
0.492
0.493
0.497
0.5
0.501
0.501
0.504
0.506
0.506
0.51
0.515
0.515
0.516
0.518
0.519
0.53
0.531
0.533
0.533
0.537
0.538
0.54
0.542
0.546
0.55
0.554
0.557
0.558
0.56
0.567
0.568
0.572
0.577
0.581
0.582
0.586
0.592
0.595
0.597
0.6
0.604
0.605
0.609
0.614
0.614
0.618
0.618
0.619
0.626
0.628
0.629
0.63
0.635
0.638
0.645
0.648
0.653
0.655
0.658
0.667
0.667
0.669
0.67
0.673
0.712
0.718
0.74
0.763
0.766
0.782
0.786
0.789
0.898
