0.298
0.305
0.306
0.306
0.306
0.307
0.307
0.308
0.308
0.308
0.309
0.311
0.311
0.311
0.311
0.311
0.311
0.312
0.313
0.313
0.313
0.313
0.314
0.314
0.314
0.314
0.314
0.314
0.314
0.314
0.314
0.314
0.315
0.315
0.315
0.315
0.315
0.315
0.315
0.315
0.315
0.315
0.315
0.315
0.315
0.315
0.315
0.315
0.315
0.316
0.316
0.316
0.316
0.316
0.316
0.316
0.316
0.316
0.316
0.316
0.316
0.316
0.317
0.317
0.317
0.317
0.317
0.317
0.317
0.317
0.317
0.317
0.317
0.318
0.318
0.318
0.318
0.318
0.318
0.318
0.319
0.319
0.319
0.319
0.319
0.319
0.319
0.319
0.319
0.319
0.319
0.32
0.32
0.32
0.32
0.32
0.32
0.32
0.32
0.32
0.32
0.32
0.32
0.32
0.321
0.321
0.321
0.321
0.321
0.321
0.321
0.321
0.321
0.321
0.321
0.321
0.321
0.321
0.321
0.321
0.321
0.321
0.322
0.322
0.322
0.322
0.322
0.322
0.322
0.322
0.322
0.322
0.322
0.322
0.322
0.322
0.322
0.322
0.322
0.322
0.322
0.322
0.322
0.322
0.322
0.322
0.323
0.323
0.323
0.323
0.323
0.323
0.323
0.323
0.323
0.323
0.323
0.323
0.323
0.323
0.323
0.323
0.323
0.323
0.323
0.323
0.323
0.323
0.323
0.323
0.323
0.324
0.324
0.324
0.324
0.324
0.324
0.324
0.324
0.324
0.324
0.324
0.324
0.324
0.324
0.324
0.324
0.325
0.325
0.325
0.325
0.325
0.325
0.325
0.325
0.325
0.325
0.325
0.325
0.325
0.325
0.325
0.325
0.325
0.325
0.325
0.325
0.325
0.325
0.325
0.325
0.325
0.325
0.325
0.325
0.326
0.326
0.326
0.326
0.326
0.326
0.326
0.326
0.326
0.326
0.326
0.326
0.326
0.326
0.326
0.326
0.326
0.326
0.327
0.327
0.327
0.327
0.327
0.327
0.327
0.327
0.327
0.327
0.327
0.327
0.327
0.327
0.327
0.327
0.327
0.327
0.327
0.327
0.327
0.327
0.328
0.328
0.328
0.328
0.328
0.328
0.328
0.328
0.328
0.328
0.328
0.328
0.328
0.328
0.328
0.328
0.328
0.328
0.328
0.328
0.328
0.329
0.329
0.329
0.329
0.329
0.329
0.329
0.329
0.329
0.329
0.329
0.329
0.329
0.329
0.329
0.329
0.329
0.329
0.329
0.329
0.33
0.33
0.33
0.33
0.33
0.33
0.33
0.33
0.33
0.33
0.33
0.33
0.33
0.33
0.33
0.33
0.331
0.331
0.331
0.331
0.331
0.331
0.331
0.331
0.331
0.331
0.331
0.331
0.331
0.331
0.331
0.331
0.331
0.331
0.331
0.331
0.331
0.331
0.331
0.331
0.331
0.331
0.332
0.332
0.332
0.332
0.332
0.332
0.332
0.332
0.332
0.332
0.332
0.332
0.332
0.332
0.332
0.332
0.332
0.332
0.332
0.332
0.332
0.332
0.332
0.332
0.332
0.333
0.333
0.333
0.333
0.333
0.333
0.333
0.333
0.333
0.333
0.333
0.333
0.333
0.333
0.333
0.333
0.333
0.333
0.333
0.333
0.333
0.333
0.333
0.333
0.334
0.334
0.334
0.334
0.334
0.334
0.334
0.334
0.334
0.334
0.334
0.334
0.335
0.335
0.335
0.335
0.335
0.335
0.335
0.335
0.335
0.335
0.335
0.335
0.335
0.335
0.335
0.335
0.335
0.335
0.335
0.335
0.336
0.336
0.336
0.336
0.336
0.336
0.336
0.336
0.336
0.336
0.336
0.336
0.336
0.336
0.336
0.337
0.337
0.337
0.337
0.337
0.337
0.337
0.337
0.337
0.337
0.337
0.337
0.337
0.337
0.338
0.338
0.338
0.338
0.338
0.338
0.338
0.338
0.338
0.338
0.338
0.338
0.338
0.338
0.338
0.338
0.338
0.338
0.338
0.338
0.339
0.339
0.339
0.339
0.339
0.339
0.339
0.339
0.339
0.339
0.339
0.339
0.339
0.339
0.339
0.34
0.34
0.34
0.34
0.34
0.34
0.34
0.34
0.34
0.34
0.34
0.34
0.34
0.34
0.341
0.341
0.341
0.341
0.341
0.341
0.341
0.341
0.341
0.341
0.341
0.341
0.341
0.342
0.342
0.342
0.342
0.342
0.342
0.342
0.342
0.342
0.342
0.343
0.343
0.343
0.343
0.343
0.343
0.343
0.343
0.343
0.343
0.343
0.343
0.343
0.343
0.344
0.344
0.344
0.344
0.344
0.344
0.344
0.344
0.344
0.345
0.345
0.345
0.345
0.345
0.345
0.345
0.345
0.345
0.345
0.346
0.346
0.346
0.346
0.346
0.346
0.346
0.346
0.346
0.346
0.346
0.346
0.346
0.346
0.347
0.347
0.347
0.347
0.348
0.348
0.348
0.348
0.348
0.348
0.348
0.348
0.348
0.348
0.349
0.349
0.349
0.349
0.349
0.349
0.35
0.35
0.35
0.35
0.35
0.35
0.35
0.35
0.35
0.35
0.351
0.351
0.351
0.351
0.351
0.351
0.351
0.351
0.351
0.351
0.352
0.352
0.352
0.352
0.352
0.352
0.352
0.352
0.352
0.352
0.352
0.353
0.353
0.353
0.353
0.353
0.353
0.353
0.353
0.354
0.354
0.354
0.354
0.354
0.354
0.354
0.354
0.354
0.354
0.354
0.355
0.355
0.355
0.355
0.355
0.355
0.356
0.356
0.356
0.356
0.356
0.356
0.356
0.356
0.356
0.356
0.356
0.357
0.357
0.357
0.357
0.357
0.357
0.357
0.357
0.357
0.357
0.358
0.358
0.358
0.358
0.358
0.358
0.358
0.358
0.359
0.359
0.359
0.359
0.359
0.359
0.359
0.36
0.36
0.36
0.36
0.36
0.36
0.36
0.36
0.36
0.36
0.361
0.361
0.361
0.361
0.362
0.362
0.362
0.362
0.362
0.363
0.363
0.363
0.363
0.363
0.363
0.363
0.364
0.364
0.364
0.364
0.364
0.365
0.365
0.365
0.365
0.366
0.366
0.367
0.367
0.367
0.367
0.367
0.367
0.367
0.368
0.368
0.368
0.368
0.368
0.368
0.368
0.369
0.369
0.369
0.369
0.369
0.37
0.37
0.37
0.37
0.371
0.372
0.373
0.373
0.373
0.373
0.373
0.373
0.374
0.374
0.374
0.374
0.375
0.375
0.376
0.376
0.376
0.376
0.376
0.376
0.376
0.376
0.376
0.377
0.378
0.378
0.378
0.378
0.379
0.379
0.381
0.381
0.381
0.381
0.381
0.382
0.382
0.383
0.383
0.383
0.383
0.383
0.384
0.384
0.384
0.385
0.385
0.386
0.387
0.387
0.387
0.387
0.387
0.388
0.388
0.389
0.389
0.391
0.391
0.391
0.391
0.392
0.392
0.393
0.393
0.393
0.394
0.394
0.394
0.394
0.394
0.394
0.394
0.394
0.396
0.397
0.398
0.399
0.399
0.399
0.4
0.401
0.401
0.401
0.401
0.402
0.402
0.402
0.403
0.404
0.404
0.405
0.405
0.407
0.407
0.407
0.407
0.407
0.408
0.409
0.409
0.41
0.411
0.411
0.411
0.411
0.411
0.412
0.412
0.413
0.413
0.414
0.414
0.415
0.415
0.416
0.416
0.417
0.417
0.418
0.418
0.418
0.418
0.418
0.418
0.419
0.42
0.42
0.42
0.42
0.422
0.423
0.423
0.425
0.425
0.426
0.426
0.427
0.427
0.429
0.429
0.429
0.431
0.432
0.432
0.433
0.433
0.434
0.435
0.437
0.437
0.438
0.438
0.439
0.439
0.439
0.441
0.441
0.441
0.441
0.442
0.445
0.445
0.45
0.451
0.451
0.452
0.453
0.453
0.454
0.455
0.455
0.456
0.457
0.458
0.461
0.461
0.463
0.464
0.464
0.464
0.465
0.466
0.466
0.466
0.466
0.467
0.468
0.471
0.475
0.477
0.477
0.478
0.481
0.484
0.486
0.492
0.495
0.498
0.501
0.503
0.512
0.513
0.513
0.514
0.516
0.517
0.521
0.521
0.522
0.523
0.524
0.525
0.527
0.533
0.537
0.537
0.538
0.542
0.546
0.559
0.56
0.562
0.576
0.581
0.585
0.585
0.59
0.604
0.607
0.614
0.621
0.625
0.625
0.627
0.629
0.631
0.637
0.645
0.652
0.653
0.658
0.661
0.661
0.672
0.683
0.684
0.69
0.706
0.711
0.73
0.731
0.739
0.741
0.761
0.768
0.784
0.805
0.892
0.905
0.92
