0.305
0.307
0.307
0.307
0.308
0.308
0.308
0.309
0.309
0.31
0.31
0.31
0.311
0.311
0.311
0.311
0.311
0.312
0.312
0.312
0.313
0.313
0.314
0.314
0.314
0.314
0.314
0.314
0.315
0.315
0.315
0.315
0.315
0.315
0.316
0.316
0.316
0.316
0.316
0.316
0.316
0.316
0.316
0.316
0.316
0.317
0.317
0.317
0.317
0.317
0.317
0.317
0.318
0.318
0.318
0.318
0.318
0.318
0.318
0.318
0.318
0.318
0.319
0.319
0.319
0.319
0.319
0.319
0.319
0.319
0.319
0.319
0.32
0.32
0.32
0.32
0.32
0.32
0.32
0.32
0.32
0.32
0.32
0.32
0.32
0.32
0.32
0.32
0.321
0.321
0.321
0.321
0.321
0.321
0.321
0.321
0.321
0.321
0.321
0.321
0.321
0.321
0.321
0.321
0.321
0.321
0.321
0.321
0.321
0.322
0.322
0.322
0.322
0.322
0.322
0.322
0.322
0.322
0.322
0.322
0.322
0.322
0.322
0.322
0.322
0.323
0.323
0.323
0.323
0.323
0.323
0.323
0.323
0.323
0.323
0.323
0.323
0.324
0.324
0.324
0.324
0.324
0.324
0.324
0.324
0.324
0.324
0.324
0.324
0.324
0.324
0.324
0.324
0.324
0.324
0.324
0.324
0.324
0.325
0.325
0.325
0.325
0.325
0.325
0.325
0.325
0.325
0.325
0.325
0.325
0.325
0.325
0.325
0.325
0.325
0.326
0.326
0.326
0.326
0.326
0.326
0.326
0.326
0.326
0.326
0.326
0.326
0.326
0.326
0.326
0.327
0.327
0.327
0.327
0.327
0.327
0.327
0.327
0.327
0.327
0.327
0.327
0.327
0.327
0.327
0.327
0.327
0.327
0.327
0.327
0.327
0.327
0.327
0.327
0.328
0.328
0.328
0.328
0.328
0.328
0.328
0.328
0.328
0.328
0.328
0.328
0.328
0.328
0.328
0.328
0.328
0.328
0.328
0.328
0.328
0.328
0.328
0.328
0.328
0.328
0.328
0.328
0.328
0.328
0.329
0.329
0.329
0.329
0.329
0.329
0.329
0.329
0.329
0.329
0.329
0.329
0.329
0.329
0.329
0.329
0.329
0.329
0.329
0.329
0.329
0.329
0.329
0.329
0.329
0.329
0.329
0.33
0.33
0.33
0.33
0.33
0.33
0.33
0.33
0.33
0.33
0.33
0.33
0.33
0.33
0.33
0.33
0.33
0.33
0.33
0.33
0.33
0.33
0.33
0.331
0.331
0.331
0.331
0.331
0.331
0.331
0.331
0.331
0.331
0.331
0.331
0.331
0.331
0.331
0.331
0.331
0.331
0.331
0.332
0.332
0.332
0.332
0.332
0.332
0.332
0.332
0.332
0.332
0.332
0.332
0.332
0.332
0.332
0.332
0.332
0.332
0.332
0.333
0.333
0.333
0.333
0.333
0.333
0.333
0.333
0.333
0.333
0.333
0.333
0.333
0.333
0.333
0.333
0.333
0.333
0.333
0.334
0.334
0.334
0.334
0.334
0.334
0.334
0.334
0.334
0.334
0.334
0.334
0.334
0.334
0.334
0.334
0.334
0.334
0.334
0.334
0.334
0.334
0.334
0.334
0.334
0.335
0.335
0.335
0.335
0.335
0.335
0.335
0.335
0.335
0.335
0.335
0.335
0.335
0.336
0.336
0.336
0.336
0.336
0.336
0.336
0.336
0.336
0.336
0.336
0.337
0.337
0.337
0.337
0.337
0.337
0.337
0.337
0.337
0.337
0.337
0.337
0.337
0.337
0.337
0.337
0.337
0.337
0.338
0.338
0.338
0.338
0.338
0.338
0.338
0.338
0.338
0.338
0.338
0.338
0.338
0.338
0.338
0.338
0.338
0.338
0.338
0.338
0.338
0.338
0.338
0.339
0.339
0.339
0.339
0.339
0.339
0.339
0.339
0.34
0.34
0.34
0.34
0.34
0.34
0.34
0.34
0.34
0.34
0.34
0.34
0.34
0.34
0.34
0.34
0.34
0.341
0.341
0.341
0.341
0.341
0.341
0.341
0.341
0.341
0.341
0.341
0.341
0.341
0.341
0.341
0.341
0.341
0.342
0.342
0.342
0.342
0.342
0.342
0.342
0.342
0.342
0.342
0.342
0.342
0.342
0.342
0.342
0.343
0.343
0.343
0.343
0.343
0.343
0.343
0.343
0.343
0.343
0.343
0.344
0.344
0.344
0.344
0.344
0.344
0.344
0.344
0.344
0.344
0.344
0.344
0.344
0.345
0.345
0.345
0.345
0.345
0.345
0.345
0.345
0.345
0.346
0.346
0.346
0.346
0.346
0.346
0.346
0.346
0.346
0.346
0.346
0.346
0.347
0.347
0.347
0.347
0.347
0.347
0.347
0.347
0.347
0.347
0.347
0.347
0.347
0.347
0.348
0.348
0.348
0.348
0.348
0.348
0.348
0.348
0.348
0.349
0.349
0.349
0.349
0.349
0.349
0.349
0.349
0.349
0.35
0.35
0.35
0.35
0.35
0.35
0.35
0.35
0.35
0.35
0.35
0.351
0.351
0.351
0.351
0.351
0.351
0.351
0.351
0.351
0.352
0.352
0.352
0.352
0.352
0.352
0.352
0.352
0.352
0.352
0.353
0.353
0.353
0.353
0.353
0.353
0.353
0.354
0.354
0.354
0.354
0.354
0.354
0.355
0.355
0.355
0.355
0.356
0.356
0.356
0.356
0.356
0.357
0.357
0.357
0.357
0.357
0.357
0.357
0.357
0.357
0.357
0.357
0.358
0.358
0.358
0.358
0.358
0.358
0.358
0.359
0.359
0.359
0.359
0.36
0.36
0.36
0.36
0.36
0.36
0.361
0.361
0.361
0.361
0.361
0.361
0.361
0.362
0.362
0.362
0.362
0.362
0.362
0.362
0.362
0.362
0.362
0.362
0.363
0.363
0.363
0.363
0.363
0.363
0.364
0.364
0.364
0.365
0.365
0.365
0.366
0.366
0.366
0.366
0.366
0.366
0.366
0.366
0.366
0.367
0.367
0.367
0.367
0.367
0.367
0.367
0.367
0.368
0.368
0.368
0.368
0.369
0.369
0.369
0.369
0.369
0.37
0.37
0.37
0.37
0.37
0.371
0.371
0.371
0.372
0.372
0.373
0.373
0.373
0.373
0.374
0.375
0.375
0.375
0.376
0.377
0.377
0.377
0.378
0.378
0.378
0.378
0.378
0.378
0.379
0.379
0.379
0.379
0.38
0.38
0.38
0.381
0.381
0.381
0.381
0.381
0.382
0.382
0.382
0.383
0.383
0.383
0.384
0.384
0.384
0.384
0.384
0.384
0.385
0.385
0.385
0.386
0.386
0.386
0.387
0.387
0.387
0.387
0.388
0.388
0.388
0.389
0.389
0.389
0.39
0.39
0.39
0.391
0.391
0.391
0.391
0.392
0.393
0.393
0.393
0.393
0.393
0.393
0.395
0.395
0.396
0.396
0.396
0.397
0.397
0.397
0.398
0.399
0.399
0.399
0.4
0.4
0.4
0.4
0.4
0.4
0.401
0.402
0.402
0.402
0.402
0.402
0.403
0.403
0.403
0.403
0.404
0.404
0.406
0.406
0.407
0.408
0.408
0.409
0.409
0.41
0.411
0.411
0.411
0.411
0.411
0.411
0.412
0.412
0.412
0.412
0.413
0.413
0.413
0.414
0.414
0.414
0.415
0.415
0.415
0.416
0.417
0.417
0.419
0.419
0.42
0.42
0.421
0.421
0.421
0.422
0.423
0.423
0.424
0.424
0.425
0.425
0.425
0.426
0.428
0.428
0.429
0.429
0.429
0.429
0.431
0.431
0.431
0.431
0.432
0.433
0.434
0.435
0.436
0.437
0.439
0.439
0.44
0.44
0.44
0.441
0.442
0.442
0.443
0.446
0.447
0.448
0.45
0.451
0.451
0.452
0.453
0.453
0.454
0.455
0.456
0.456
0.457
0.462
0.463
0.466
0.466
0.467
0.467
0.471
0.474
0.474
0.474
0.475
0.479
0.48
0.48
0.482
0.485
0.486
0.487
0.493
0.496
0.498
0.499
0.501
0.503
0.506
0.506
0.509
0.51
0.51
0.513
0.517
0.517
0.518
0.521
0.523
0.524
0.526
0.528
0.531
0.531
0.536
0.54
0.543
0.549
0.552
0.552
0.555
0.557
0.558
0.561
0.562
0.568
0.57
0.571
0.579
0.581
0.587
0.587
0.588
0.589
0.592
0.592
0.593
0.593
0.593
0.597
0.601
0.603
0.608
0.61
0.611
0.612
0.612
0.626
0.626
0.636
0.646
0.648
0.66
0.663
0.665
0.692
0.697
0.714
0.735
0.755
0.76
0.774
0.777
0.791
0.837
0.881
