0.296
0.302
0.304
0.306
0.306
0.307
0.308
0.308
0.309
0.309
0.309
0.309
0.31
0.31
0.31
0.311
0.311
0.311
0.311
0.311
0.311
0.312
0.312
0.312
0.312
0.312
0.313
0.313
0.313
0.313
0.313
0.313
0.313
0.313
0.313
0.314
0.314
0.314
0.314
0.314
0.314
0.314
0.314
0.314
0.314
0.314
0.314
0.315
0.315
0.315
0.315
0.315
0.315
0.316
0.316
0.316
0.316
0.316
0.316
0.316
0.316
0.316
0.316
0.316
0.316
0.317
0.317
0.317
0.317
0.317
0.317
0.317
0.318
0.318
0.318
0.318
0.318
0.318
0.318
0.318
0.318
0.318
0.318
0.319
0.319
0.319
0.319
0.319
0.319
0.319
0.319
0.319
0.319
0.319
0.319
0.319
0.319
0.319
0.32
0.32
0.32
0.32
0.32
0.32
0.32
0.32
0.32
0.32
0.32
0.32
0.32
0.32
0.32
0.321
0.321
0.321
0.321
0.321
0.321
0.321
0.321
0.321
0.321
0.321
0.321
0.321
0.321
0.321
0.321
0.322
0.322
0.322
0.322
0.322
0.322
0.322
0.322
0.322
0.322
0.322
0.322
0.322
0.323
0.323
0.323
0.323
0.323
0.323
0.323
0.323
0.323
0.323
0.323
0.323
0.323
0.323
0.323
0.323
0.323
0.323
0.323
0.323
0.324
0.324
0.324
0.324
0.324
0.324
0.324
0.324
0.324
0.324
0.324
0.324
0.324
0.324
0.324
0.324
0.324
0.324
0.325
0.325
0.325
0.325
0.325
0.325
0.325
0.325
0.325
0.325
0.325
0.325
0.325
0.325
0.325
0.325
0.325
0.325
0.325
0.325
0.325
0.325
0.325
0.325
0.325
0.326
0.326
0.326
0.326
0.326
0.326
0.326
0.326
0.326
0.326
0.326
0.326
0.326
0.326
0.326
0.326
0.326
0.327
0.327
0.327
0.327
0.327
0.327
0.327
0.327
0.327
0.327
0.327
0.327
0.327
0.327
0.327
0.327
0.327
0.327
0.327
0.327
0.327
0.327
0.327
0.328
0.328
0.328
0.328
0.328
0.328
0.328
0.328
0.328
0.328
0.328
0.328
0.328
0.328
0.328
0.328
0.328
0.328
0.328
0.328
0.328
0.328
0.328
0.328
0.329
0.329
0.329
0.329
0.329
0.329
0.329
0.329
0.329
0.329
0.329
0.329
0.329
0.329
0.329
0.329
0.329
0.329
0.329
0.329
0.329
0.329
0.329
0.329
0.329
0.329
0.329
0.329
0.329
0.329
0.329
0.329
0.33
0.33
0.33
0.33
0.33
0.33
0.33
0.33
0.33
0.33
0.33
0.33
0.33
0.33
0.33
0.33
0.33
0.33
0.33
0.33
0.331
0.331
0.331
0.331
0.331
0.331
0.331
0.331
0.331
0.331
0.331
0.331
0.331
0.331
0.331
0.331
0.331
0.331
0.331
0.331
0.331
0.331
0.331
0.331
0.332
0.332
0.332
0.332
0.332
0.332
0.332
0.332
0.332
0.332
0.332
0.332
0.332
0.332
0.332
0.332
0.332
0.332
0.332
0.332
0.332
0.332
0.332
0.332
0.332
0.333
0.333
0.333
0.333
0.333
0.333
0.333
0.333
0.333
0.333
0.333
0.333
0.333
0.333
0.333
0.333
0.333
0.333
0.333
0.333
0.333
0.333
0.334
0.334
0.334
0.334
0.334
0.334
0.334
0.334
0.334
0.334
0.334
0.334
0.334
0.334
0.334
0.335
0.335
0.335
0.335
0.335
0.335
0.335
0.335
0.335
0.335
0.335
0.335
0.335
0.335
0.335
0.335
0.335
0.335
0.335
0.335
0.336
0.336
0.336
0.336
0.336
0.336
0.336
0.336
0.336
0.336
0.336
0.336
0.336
0.336
0.336
0.336
0.336
0.336
0.336
0.336
0.337
0.337
0.337
0.337
0.337
0.337
0.337
0.337
0.337
0.337
0.337
0.337
0.337
0.337
0.337
0.337
0.337
0.337
0.337
0.337
0.338
0.338
0.338
0.338
0.338
0.338
0.338
0.338
0.338
0.338
0.338
0.338
0.338
0.338
0.338
0.338
0.338
0.339
0.339
0.339
0.339
0.339
0.339
0.339
0.339
0.339
0.339
0.339
0.339
0.339
0.339
0.339
0.339
0.339
0.339
0.339
0.34
0.34
0.34
0.34
0.34
0.34
0.34
0.34
0.34
0.34
0.34
0.34
0.34
0.34
0.34
0.341
0.341
0.341
0.341
0.341
0.341
0.341
0.341
0.341
0.341
0.341
0.341
0.341
0.341
0.341
0.341
0.341
0.341
0.341
0.342
0.342
0.342
0.342
0.342
0.342
0.342
0.342
0.342
0.342
0.342
0.343
0.343
0.343
0.343
0.343
0.343
0.343
0.343
0.343
0.343
0.343
0.343
0.344
0.344
0.344
0.344
0.344
0.344
0.344
0.344
0.344
0.344
0.344
0.345
0.345
0.345
0.345
0.345
0.345
0.345
0.345
0.345
0.345
0.345
0.345
0.345
0.345
0.345
0.345
0.346
0.346
0.346
0.346
0.346
0.346
0.347
0.347
0.347
0.347
0.347
0.347
0.348
0.348
0.348
0.348
0.348
0.348
0.348
0.348
0.348
0.348
0.348
0.348
0.348
0.348
0.348
0.348
0.348
0.349
0.349
0.349
0.349
0.349
0.349
0.349
0.349
0.349
0.349
0.349
0.35
0.35
0.35
0.35
0.35
0.35
0.351
0.351
0.351
0.351
0.351
0.351
0.351
0.351
0.351
0.352
0.352
0.352
0.352
0.352
0.352
0.352
0.353
0.353
0.353
0.353
0.353
0.353
0.354
0.354
0.354
0.354
0.355
0.355
0.355
0.356
0.356
0.356
0.356
0.356
0.356
0.357
0.357
0.357
0.357
0.357
0.357
0.357
0.357
0.357
0.357
0.358
0.358
0.358
0.358
0.358
0.358
0.359
0.359
0.359
0.359
0.36
0.36
0.36
0.36
0.36
0.36
0.361
0.361
0.361
0.361
0.362
0.362
0.362
0.362
0.362
0.362
0.363
0.363
0.363
0.363
0.363
0.363
0.363
0.363
0.364
0.364
0.364
0.364
0.364
0.365
0.365
0.365
0.365
0.366
0.366
0.367
0.367
0.367
0.367
0.368
0.368
0.369
0.369
0.369
0.369
0.37
0.37
0.37
0.37
0.37
0.37
0.371
0.371
0.371
0.371
0.371
0.371
0.372
0.372
0.372
0.373
0.373
0.374
0.374
0.374
0.375
0.375
0.375
0.375
0.375
0.376
0.376
0.376
0.377
0.377
0.377
0.378
0.378
0.378
0.378
0.378
0.379
0.379
0.38
0.381
0.381
0.381
0.381
0.381
0.382
0.384
0.384
0.385
0.385
0.385
0.385
0.385
0.386
0.386
0.387
0.387
0.387
0.389
0.389
0.389
0.39
0.39
0.39
0.39
0.39
0.39
0.39
0.39
0.392
0.392
0.393
0.394
0.394
0.394
0.395
0.395
0.395
0.395
0.396
0.396
0.396
0.397
0.398
0.398
0.399
0.399
0.399
0.399
0.399
0.4
0.4
0.4
0.4
0.401
0.402
0.402
0.403
0.403
0.403
0.403
0.404
0.404
0.405
0.405
0.406
0.406
0.408
0.408
0.409
0.411
0.412
0.412
0.412
0.413
0.413
0.415
0.416
0.416
0.417
0.417
0.418
0.418
0.418
0.419
0.419
0.421
0.424
0.424
0.424
0.424
0.425
0.425
0.427
0.428
0.429
0.43
0.43
0.431
0.432
0.432
0.433
0.434
0.435
0.435
0.435
0.435
0.437
0.437
0.437
0.438
0.438
0.438
0.439
0.44
0.441
0.441
0.441
0.441
0.442
0.442
0.443
0.444
0.445
0.446
0.449
0.45
0.454
0.454
0.457
0.457
0.457
0.458
0.459
0.459
0.462
0.464
0.465
0.466
0.469
0.469
0.472
0.475
0.475
0.476
0.476
0.476
0.477
0.479
0.48
0.481
0.482
0.482
0.483
0.484
0.485
0.487
0.488
0.489
0.49
0.492
0.494
0.494
0.495
0.497
0.501
0.503
0.503
0.503
0.506
0.507
0.519
0.52
0.525
0.525
0.529
0.533
0.534
0.536
0.541
0.542
0.544
0.546
0.546
0.548
0.56
0.562
0.564
0.565
0.571
0.575
0.575
0.577
0.578
0.584
0.586
0.588
0.589
0.599
0.603
0.611
0.613
0.614
0.626
0.634
0.647
0.648
0.654
0.665
0.666
0.667
0.669
0.671
0.716
0.727
0.729
0.73
0.736
0.741
0.742
0.742
0.746
0.763
0.771
0.773
0.802
0.824
0.921
