0.302
0.306
0.306
0.306
0.307
0.307
0.309
0.309
0.31
0.31
0.31
0.31
0.31
0.311
0.311
0.311
0.313
0.313
0.313
0.313
0.313
0.313
0.314
0.314
0.314
0.314
0.314
0.314
0.314
0.315
0.315
0.315
0.315
0.315
0.315
0.315
0.315
0.315
0.315
0.316
0.316
0.316
0.316
0.316
0.316
0.316
0.316
0.316
0.316
0.317
0.317
0.317
0.317
0.317
0.317
0.317
0.317
0.317
0.318
0.318
0.318
0.318
0.318
0.318
0.318
0.318
0.318
0.318
0.318
0.318
0.319
0.319
0.319
0.319
0.319
0.319
0.319
0.319
0.319
0.319
0.319
0.319
0.32
0.32
0.32
0.32
0.32
0.32
0.32
0.32
0.32
0.32
0.32
0.32
0.32
0.32
0.32
0.32
0.321
0.321
0.321
0.321
0.321
0.321
0.321
0.321
0.321
0.321
0.321
0.321
0.321
0.321
0.322
0.322
0.322
0.322
0.322
0.322
0.322
0.322
0.322
0.322
0.322
0.322
0.322
0.322
0.323
0.323
0.323
0.323
0.323
0.323
0.323
0.323
0.323
0.323
0.323
0.323
0.323
0.323
0.323
0.323
0.323
0.324
0.324
0.324
0.324
0.324
0.324
0.324
0.324
0.324
0.324
0.324
0.324
0.324
0.324
0.324
0.324
0.324
0.324
0.324
0.324
0.324
0.324
0.324
0.325
0.325
0.325
0.325
0.325
0.325
0.325
0.325
0.325
0.325
0.325
0.325
0.325
0.325
0.325
0.325
0.325
0.325
0.325
0.325
0.326
0.326
0.326
0.326
0.326
0.326
0.326
0.326
0.326
0.326
0.326
0.326
0.326
0.326
0.326
0.326
0.326
0.326
0.326
0.327
0.327
0.327
0.327
0.327
0.327
0.327
0.327
0.327
0.327
0.327
0.327
0.327
0.327
0.327
0.327
0.327
0.327
0.327
0.327
0.327
0.327
0.328
0.328
0.328
0.328
0.328
0.328
0.328
0.328
0.328
0.328
0.328
0.328
0.328
0.328
0.328
0.328
0.328
0.328
0.328
0.329
0.329
0.329
0.329
0.329
0.329
0.329
0.329
0.329
0.329
0.329
0.329
0.329
0.329
0.329
0.329
0.329
0.329
0.329
0.329
0.329
0.329
0.329
0.329
0.329
0.329
0.329
0.329
0.329
0.329
0.33
0.33
0.33
0.33
0.33
0.33
0.33
0.33
0.33
0.33
0.33
0.33
0.33
0.33
0.33
0.33
0.33
0.33
0.33
0.33
0.33
0.33
0.33
0.33
0.33
0.33
0.33
0.33
0.331
0.331
0.331
0.331
0.331
0.331
0.331
0.331
0.331
0.331
0.331
0.331
0.331
0.331
0.331
0.331
0.331
0.331
0.332
0.332
0.332
0.332
0.332
0.332
0.332
0.332
0.332
0.332
0.332
0.332
0.332
0.332
0.332
0.332
0.332
0.332
0.332
0.332
0.332
0.332
0.332
0.332
0.333
0.333
0.333
0.333
0.333
0.333
0.333
0.333
0.333
0.333
0.333
0.333
0.333
0.333
0.333
0.333
0.333
0.333
0.333
0.333
0.334
0.334
0.334
0.334
0.334
0.334
0.334
0.334
0.334
0.334
0.334
0.334
0.334
0.334
0.334
0.334
0.334
0.334
0.334
0.334
0.334
0.334
0.335
0.335
0.335
0.335
0.335
0.335
0.335
0.335
0.335
0.335
0.335
0.335
0.335
0.335
0.335
0.335
0.335
0.335
0.335
0.335
0.335
0.335
0.335
0.335
0.335
0.335
0.335
0.335
0.335
0.336
0.336
0.336
0.336
0.336
0.336
0.336
0.336
0.336
0.336
0.336
0.336
0.336
0.336
0.336
0.336
0.336
0.336
0.337
0.337
0.337
0.337
0.337
0.337
0.337
0.337
0.337
0.337
0.337
0.337
0.337
0.337
0.337
0.337
0.337
0.338
0.338
0.338
0.338
0.338
0.338
0.338
0.338
0.338
0.338
0.338
0.338
0.338
0.338
0.338
0.338
0.338
0.338
0.339
0.339
0.339
0.339
0.339
0.339
0.339
0.339
0.339
0.339
0.339
0.339
0.339
0.339
0.339
0.339
0.339
0.339
0.339
0.339
0.339
0.339
0.339
0.339
0.339
0.34
0.34
0.34
0.34
0.34
0.34
0.34
0.34
0.34
0.34
0.34
0.34
0.34
0.341
0.341
0.341
0.341
0.341
0.341
0.341
0.341
0.341
0.341
0.341
0.341
0.341
0.341
0.341
0.341
0.342
0.342
0.342
0.342
0.342
0.342
0.342
0.342
0.342
0.342
0.342
0.342
0.343
0.343
0.343
0.343
0.343
0.343
0.343
0.343
0.343
0.343
0.343
0.343
0.344
0.344
0.344
0.344
0.344
0.344
0.344
0.344
0.344
0.344
0.344
0.344
0.344
0.344
0.344
0.344
0.344
0.345
0.345
0.345
0.345
0.345
0.345
0.345
0.346
0.346
0.346
0.346
0.346
0.346
0.346
0.346
0.347
0.347
0.347
0.347
0.347
0.347
0.347
0.347
0.347
0.347
0.347
0.348
0.348
0.348
0.348
0.348
0.349
0.349
0.349
0.349
0.349
0.349
0.349
0.349
0.35
0.35
0.35
0.35
0.35
0.35
0.35
0.35
0.35
0.35
0.35
0.351
0.351
0.351
0.351
0.351
0.351
0.351
0.351
0.351
0.351
0.351
0.352
0.352
0.352
0.352
0.352
0.353
0.353
0.353
0.353
0.353
0.354
0.354
0.354
0.354
0.354
0.354
0.354
0.354
0.354
0.354
0.355
0.355
0.355
0.355
0.355
0.356
0.356
0.356
0.357
0.357
0.357
0.357
0.357
0.357
0.357
0.357
0.357
0.358
0.358
0.358
0.358
0.358
0.358
0.359
0.359
0.359
0.36
0.36
0.36
0.36
0.36
0.36
0.36
0.36
0.36
0.361
0.361
0.361
0.361
0.361
0.362
0.362
0.362
0.363
0.363
0.363
0.363
0.364
0.364
0.364
0.364
0.364
0.364
0.365
0.365
0.365
0.365
0.365
0.365
0.365
0.365
0.365
0.365
0.366
0.366
0.366
0.366
0.367
0.367
0.367
0.368
0.368
0.368
0.369
0.369
0.369
0.369
0.369
0.37
0.37
0.37
0.371
0.371
0.371
0.371
0.371
0.372
0.372
0.373
0.374
0.374
0.375
0.375
0.375
0.376
0.376
0.376
0.376
0.376
0.376
0.377
0.377
0.378
0.378
0.379
0.379
0.379
0.379
0.379
0.38
0.38
0.381
0.381
0.381
0.382
0.383
0.383
0.384
0.385
0.385
0.385
0.386
0.386
0.387
0.387
0.388
0.388
0.389
0.389
0.389
0.389
0.39
0.391
0.391
0.391
0.391
0.392
0.392
0.392
0.392
0.393
0.394
0.394
0.395
0.396
0.396
0.396
0.396
0.396
0.397
0.397
0.397
0.397
0.398
0.398
0.398
0.398
0.399
0.399
0.399
0.401
0.401
0.402
0.402
0.402
0.402
0.403
0.403
0.403
0.403
0.403
0.404
0.405
0.405
0.406
0.406
0.407
0.408
0.408
0.408
0.409
0.409
0.41
0.41
0.411
0.411
0.411
0.412
0.412
0.412
0.413
0.415
0.415
0.415
0.416
0.416
0.417
0.417
0.419
0.419
0.421
0.422
0.422
0.423
0.424
0.424
0.424
0.424
0.426
0.427
0.427
0.429
0.429
0.429
0.43
0.432
0.433
0.434
0.434
0.435
0.435
0.436
0.437
0.437
0.439
0.44
0.441
0.443
0.445
0.445
0.445
0.447
0.447
0.449
0.457
0.458
0.458
0.458
0.459
0.459
0.46
0.46
0.461
0.462
0.463
0.464
0.464
0.465
0.466
0.466
0.466
0.468
0.47
0.471
0.473
0.475
0.477
0.477
0.478
0.479
0.48
0.481
0.481
0.485
0.485
0.489
0.49
0.49
0.492
0.492
0.493
0.496
0.497
0.502
0.503
0.504
0.505
0.505
0.506
0.508
0.51
0.511
0.514
0.517
0.518
0.52
0.524
0.525
0.529
0.53
0.53
0.532
0.536
0.537
0.538
0.538
0.545
0.546
0.55
0.55
0.553
0.556
0.556
0.557
0.557
0.558
0.561
0.562
0.57
0.573
0.575
0.576
0.583
0.585
0.586
0.59
0.594
0.599
0.6
0.609
0.609
0.61
0.612
0.613
0.614
0.615
0.62
0.623
0.628
0.632
0.635
0.639
0.645
0.647
0.65
0.657
0.661
0.662
0.663
0.666
0.671
0.685
0.689
0.707
0.718
0.736
0.739
0.741
0.762
0.773
0.81
0.832
0.878
0.896
