0.3
0.303
0.306
0.306
0.307
0.309
0.31
0.31
0.311
0.311
0.312
0.312
0.312
0.312
0.312
0.313
0.313
0.313
0.314
0.314
0.314
0.314
0.314
0.314
0.315
0.315
0.315
0.315
0.315
0.315
0.315
0.315
0.315
0.316
0.316
0.316
0.316
0.317
0.317
0.317
0.317
0.317
0.317
0.317
0.317
0.317
0.317
0.317
0.317
0.317
0.318
0.318
0.318
0.318
0.318
0.318
0.318
0.318
0.318
0.318
0.318
0.319
0.319
0.319
0.319
0.319
0.319
0.319
0.319
0.319
0.319
0.32
0.32
0.32
0.32
0.32
0.32
0.32
0.32
0.32
0.32
0.32
0.32
0.32
0.32
0.32
0.32
0.32
0.32
0.32
0.32
0.32
0.32
0.321
0.321
0.321
0.321
0.321
0.321
0.321
0.321
0.321
0.321
0.321
0.321
0.321
0.321
0.321
0.321
0.321
0.321
0.321
0.322
0.322
0.322
0.322
0.322
0.322
0.322
0.322
0.322
0.322
0.322
0.322
0.322
0.322
0.322
0.322
0.323
0.323
0.323
0.323
0.323
0.323
0.323
0.323
0.323
0.323
0.323
0.323
0.323
0.323
0.323
0.323
0.323
0.323
0.323
0.323
0.323
0.324
0.324
0.324
0.324
0.324
0.324
0.324
0.324
0.324
0.324
0.324
0.324
0.324
0.324
0.324
0.324
0.324
0.324
0.324
0.324
0.325
0.325
0.325
0.325
0.325
0.325
0.325
0.325
0.325
0.325
0.325
0.325
0.325
0.325
0.325
0.325
0.325
0.325
0.325
0.325
0.325
0.325
0.326
0.326
0.326
0.326
0.326
0.326
0.326
0.326
0.326
0.326
0.326
0.326
0.326
0.326
0.326
0.326
0.326
0.326
0.326
0.326
0.326
0.326
0.326
0.326
0.327
0.327
0.327
0.327
0.327
0.327
0.327
0.327
0.327
0.327
0.327
0.327
0.327
0.327
0.327
0.327
0.327
0.327
0.327
0.327
0.327
0.327
0.327
0.327
0.328
0.328
0.328
0.328
0.328
0.328
0.328
0.328
0.328
0.328
0.328
0.328
0.328
0.328
0.328
0.329
0.329
0.329
0.329
0.329
0.329
0.329
0.329
0.329
0.329
0.329
0.329
0.329
0.329
0.329
0.329
0.329
0.329
0.329
0.329
0.329
0.33
0.33
0.33
0.33
0.33
0.33
0.33
0.33
0.33
0.33
0.33
0.33
0.33
0.33
0.33
0.33
0.33
0.33
0.33
0.33
0.331
0.331
0.331
0.331
0.331
0.331
0.331
0.331
0.331
0.331
0.331
0.331
0.331
0.331
0.331
0.331
0.331
0.331
0.331
0.331
0.331
0.331
0.331
0.331
0.332
0.332
0.332
0.332
0.332
0.332
0.332
0.332
0.332
0.332
0.332
0.332
0.332
0.332
0.332
0.332
0.332
0.332
0.332
0.332
0.332
0.333
0.333
0.333
0.333
0.333
0.333
0.333
0.333
0.333
0.333
0.333
0.333
0.333
0.333
0.333
0.333
0.333
0.333
0.333
0.333
0.333
0.333
0.333
0.333
0.333
0.333
0.333
0.333
0.334
0.334
0.334
0.334
0.334
0.334
0.334
0.334
0.334
0.334
0.334
0.334
0.334
0.334
0.334
0.334
0.334
0.334
0.334
0.334
0.334
0.334
0.334
0.334
0.334
0.334
0.334
0.334
0.334
0.334
0.334
0.334
0.335
0.335
0.335
0.335
0.335
0.335
0.335
0.335
0.335
0.335
0.335
0.335
0.335
0.335
0.335
0.335
0.335
0.335
0.335
0.335
0.335
0.336
0.336
0.336
0.336
0.336
0.336
0.336
0.336
0.336
0.336
0.336
0.336
0.336
0.336
0.336
0.336
0.336
0.336
0.336
0.336
0.336
0.336
0.336
0.336
0.336
0.336
0.337
0.337
0.337
0.337
0.337
0.337
0.337
0.337
0.337
0.337
0.337
0.337
0.337
0.337
0.337
0.337
0.337
0.338
0.338
0.338
0.338
0.338
0.338
0.338
0.338
0.338
0.338
0.338
0.338
0.338
0.338
0.339
0.339
0.339
0.339
0.339
0.339
0.339
0.339
0.339
0.339
0.339
0.339
0.339
0.339
0.339
0.339
0.339
0.339
0.339
0.339
0.339
0.339
0.34
0.34
0.34
0.34
0.34
0.34
0.34
0.34
0.34
0.34
0.34
0.341
0.341
0.341
0.341
0.341
0.341
0.341
0.341
0.341
0.341
0.341
0.342
0.342
0.342
0.342
0.342
0.343
0.343
0.343
0.343
0.343
0.343
0.343
0.343
0.343
0.344
0.344
0.344
0.344
0.344
0.344
0.344
0.344
0.345
0.345
0.345
0.345
0.345
0.345
0.345
0.345
0.345
0.345
0.345
0.345
0.346
0.346
0.346
0.346
0.346
0.346
0.346
0.346
0.346
0.346
0.346
0.346
0.346
0.347
0.347
0.347
0.347
0.348
0.348
0.348
0.348
0.348
0.348
0.348
0.349
0.349
0.349
0.349
0.349
0.349
0.349
0.349
0.35
0.35
0.35
0.35
0.35
0.35
0.35
0.351
0.351
0.351
0.351
0.351
0.351
0.351
0.352
0.352
0.352
0.352
0.352
0.352
0.352
0.352
0.352
0.352
0.352
0.353
0.353
0.353
0.353
0.353
0.353
0.353
0.353
0.353
0.353
0.354
0.354
0.354
0.354
0.354
0.354
0.355
0.355
0.355
0.355
0.355
0.355
0.355
0.355
0.356
0.356
0.356
0.356
0.356
0.356
0.357
0.357
0.358
0.358
0.358
0.359
0.359
0.359
0.36
0.36
0.36
0.36
0.36
0.361
0.361
0.361
0.361
0.361
0.362
0.362
0.362
0.362
0.362
0.362
0.362
0.363
0.363
0.363
0.363
0.364
0.364
0.364
0.364
0.364
0.365
0.366
0.366
0.366
0.366
0.366
0.367
0.367
0.367
0.368
0.368
0.368
0.368
0.369
0.369
0.369
0.369
0.37
0.37
0.37
0.37
0.371
0.371
0.371
0.371
0.371
0.371
0.372
0.372
0.372
0.373
0.373
0.373
0.374
0.374
0.374
0.374
0.375
0.375
0.375
0.375
0.375
0.376
0.376
0.378
0.378
0.378
0.379
0.379
0.38
0.38
0.38
0.38
0.381
0.381
0.381
0.381
0.382
0.382
0.383
0.383
0.383
0.383
0.383
0.383
0.383
0.383
0.383
0.383
0.384
0.384
0.385
0.385
0.385
0.385
0.386
0.386
0.386
0.387
0.387
0.388
0.388
0.388
0.388
0.389
0.389
0.389
0.389
0.391
0.391
0.391
0.392
0.392
0.393
0.393
0.393
0.393
0.394
0.394
0.395
0.395
0.395
0.396
0.396
0.396
0.397
0.399
0.399
0.399
0.401
0.402
0.402
0.402
0.402
0.402
0.403
0.403
0.403
0.403
0.403
0.404
0.404
0.405
0.406
0.407
0.407
0.407
0.407
0.407
0.408
0.408
0.408
0.408
0.408
0.408
0.409
0.41
0.41
0.41
0.411
0.411
0.411
0.411
0.413
0.413
0.413
0.414
0.415
0.415
0.415
0.417
0.417
0.419
0.419
0.419
0.419
0.42
0.42
0.42
0.421
0.421
0.421
0.421
0.423
0.423
0.423
0.425
0.425
0.425
0.425
0.426
0.426
0.427
0.427
0.428
0.429
0.43
0.43
0.43
0.431
0.431
0.431
0.432
0.432
0.433
0.433
0.433
0.436
0.437
0.437
0.437
0.437
0.438
0.44
0.441
0.443
0.446
0.448
0.448
0.448
0.448
0.448
0.449
0.451
0.452
0.452
0.457
0.458
0.459
0.46
0.46
0.461
0.461
0.462
0.463
0.465
0.466
0.467
0.467
0.467
0.468
0.468
0.47
0.472
0.472
0.475
0.475
0.475
0.475
0.477
0.479
0.48
0.481
0.483
0.483
0.484
0.485
0.486
0.487
0.488
0.49
0.491
0.491
0.492
0.492
0.493
0.495
0.495
0.497
0.497
0.5
0.501
0.505
0.506
0.507
0.511
0.515
0.516
0.518
0.52
0.522
0.525
0.525
0.526
0.526
0.531
0.536
0.538
0.538
0.544
0.551
0.559
0.564
0.565
0.568
0.57
0.57
0.573
0.575
0.577
0.578
0.588
0.589
0.589
0.596
0.6
0.602
0.604
0.61
0.622
0.63
0.63
0.632
0.641
0.648
0.65
0.651
0.659
0.661
0.664
0.674
0.676
0.679
0.685
0.696
0.698
0.702
0.719
0.719
0.725
0.726
0.748
0.751
0.752
0.765
0.766
0.768
0.776
0.776
0.783
0.795
0.815
0.817
