0.299
0.305
0.306
0.307
0.308
0.308
0.309
0.309
0.309
0.309
0.31
0.31
0.31
0.31
0.311
0.311
0.311
0.311
0.312
0.312
0.312
0.312
0.313
0.313
0.314
0.314
0.314
0.314
0.314
0.314
0.314
0.314
0.315
0.315
0.315
0.315
0.315
0.315
0.315
0.316
0.316
0.316
0.316
0.316
0.316
0.316
0.316
0.316
0.316
0.316
0.316
0.316
0.316
0.317
0.317
0.317
0.317
0.317
0.317
0.317
0.317
0.317
0.318
0.318
0.318
0.318
0.318
0.318
0.318
0.318
0.318
0.318
0.318
0.318
0.319
0.319
0.319
0.319
0.319
0.319
0.319
0.319
0.319
0.32
0.32
0.32
0.32
0.32
0.32
0.32
0.32
0.32
0.32
0.32
0.32
0.32
0.321
0.321
0.321
0.321
0.321
0.321
0.321
0.321
0.321
0.321
0.321
0.321
0.321
0.321
0.322
0.322
0.322
0.322
0.322
0.322
0.322
0.322
0.322
0.322
0.322
0.322
0.322
0.323
0.323
0.323
0.323
0.323
0.323
0.323
0.323
0.323
0.323
0.323
0.323
0.323
0.323
0.323
0.323
0.323
0.323
0.323
0.323
0.323
0.323
0.324
0.324
0.324
0.324
0.324
0.324
0.324
0.324
0.324
0.324
0.324
0.324
0.324
0.324
0.324
0.324
0.324
0.324
0.324
0.324
0.324
0.324
0.325
0.325
0.325
0.325
0.325
0.325
0.325
0.325
0.325
0.325
0.325
0.325
0.325
0.325
0.325
0.326
0.326
0.326
0.326
0.326
0.326
0.326
0.326
0.326
0.326
0.326
0.326
0.326
0.326
0.326
0.326
0.326
0.326
0.326
0.326
0.326
0.326
0.326
0.326
0.326
0.326
0.326
0.327
0.327
0.327
0.327
0.327
0.327
0.327
0.327
0.327
0.327
0.327
0.327
0.327
0.327
0.327
0.327
0.327
0.327
0.327
0.327
0.327
0.327
0.327
0.328
0.328
0.328
0.328
0.328
0.328
0.328
0.328
0.328
0.328
0.328
0.328
0.328
0.328
0.328
0.328
0.328
0.328
0.328
0.328
0.328
0.328
0.328
0.328
0.328
0.328
0.328
0.328
0.329
0.329
0.329
0.329
0.329
0.329
0.329
0.329
0.329
0.329
0.329
0.329
0.329
0.329
0.329
0.329
0.329
0.329
0.329
0.329
0.329
0.329
0.329
0.329
0.329
0.329
0.33
0.33
0.33
0.33
0.33
0.33
0.33
0.33
0.33
0.33
0.33
0.33
0.33
0.33
0.33
0.33
0.33
0.33
0.33
0.33
0.33
0.33
0.33
0.33
0.331
0.331
0.331
0.331
0.331
0.331
0.331
0.331
0.331
0.331
0.331
0.331
0.331
0.331
0.331
0.331
0.331
0.331
0.331
0.331
0.331
0.331
0.331
0.331
0.331
0.331
0.331
0.331
0.331
0.331
0.331
0.332
0.332
0.332
0.332
0.332
0.332
0.332
0.332
0.332
0.332
0.332
0.332
0.332
0.332
0.332
0.333
0.333
0.333
0.333
0.333
0.333
0.333
0.333
0.333
0.333
0.333
0.333
0.333
0.333
0.333
0.333
0.333
0.333
0.333
0.333
0.333
0.333
0.334
0.334
0.334
0.334
0.334
0.334
0.334
0.334
0.334
0.334
0.334
0.334
0.334
0.334
0.334
0.334
0.334
0.334
0.334
0.334
0.334
0.334
0.335
0.335
0.335
0.335
0.335
0.335
0.335
0.335
0.335
0.335
0.335
0.335
0.335
0.335
0.335
0.335
0.335
0.336
0.336
0.336
0.336
0.336
0.336
0.336
0.336
0.336
0.336
0.336
0.336
0.336
0.337
0.337
0.337
0.337
0.337
0.337
0.337
0.337
0.337
0.337
0.337
0.337
0.337
0.337
0.337
0.337
0.337
0.337
0.337
0.337
0.337
0.337
0.337
0.338
0.338
0.338
0.338
0.338
0.338
0.338
0.338
0.338
0.338
0.338
0.338
0.338
0.338
0.338
0.338
0.338
0.338
0.338
0.338
0.338
0.338
0.338
0.338
0.339
0.339
0.339
0.339
0.339
0.339
0.339
0.339
0.339
0.339
0.339
0.339
0.339
0.339
0.339
0.339
0.339
0.339
0.339
0.339
0.339
0.339
0.339
0.339
0.339
0.34
0.34
0.34
0.34
0.34
0.34
0.34
0.34
0.34
0.34
0.341
0.341
0.341
0.341
0.341
0.341
0.341
0.341
0.341
0.342
0.342
0.342
0.342
0.342
0.342
0.342
0.342
0.342
0.342
0.342
0.343
0.343
0.343
0.343
0.343
0.343
0.343
0.343
0.343
0.343
0.343
0.343
0.343
0.343
0.343
0.343
0.344
0.344
0.344
0.344
0.344
0.344
0.344
0.344
0.344
0.345
0.345
0.345
0.345
0.345
0.345
0.345
0.345
0.345
0.345
0.345
0.345
0.345
0.345
0.345
0.346
0.346
0.346
0.346
0.346
0.346
0.346
0.346
0.346
0.346
0.346
0.346
0.347
0.347
0.347
0.347
0.347
0.347
0.347
0.347
0.347
0.348
0.348
0.348
0.348
0.348
0.348
0.348
0.348
0.348
0.348
0.348
0.349
0.349
0.349
0.349
0.349
0.349
0.349
0.349
0.349
0.349
0.349
0.349
0.35
0.35
0.35
0.35
0.35
0.35
0.35
0.35
0.35
0.35
0.35
0.35
0.35
0.351
0.351
0.351
0.351
0.351
0.351
0.351
0.351
0.351
0.352
0.352
0.352
0.352
0.352
0.353
0.353
0.353
0.353
0.353
0.354
0.354
0.354
0.354
0.354
0.354
0.355
0.355
0.355
0.355
0.355
0.355
0.356
0.356
0.356
0.356
0.356
0.356
0.357
0.357
0.357
0.357
0.358
0.358
0.358
0.358
0.359
0.359
0.359
0.359
0.359
0.359
0.36
0.36
0.36
0.361
0.361
0.361
0.361
0.362
0.362
0.362
0.362
0.362
0.362
0.362
0.362
0.362
0.363
0.363
0.363
0.363
0.363
0.364
0.364
0.364
0.364
0.366
0.366
0.366
0.366
0.366
0.367
0.367
0.367
0.367
0.367
0.367
0.367
0.367
0.368
0.368
0.368
0.369
0.369
0.369
0.369
0.37
0.37
0.37
0.37
0.37
0.37
0.371
0.371
0.371
0.371
0.371
0.372
0.372
0.372
0.372
0.372
0.372
0.372
0.372
0.373
0.373
0.373
0.373
0.373
0.373
0.374
0.374
0.375
0.376
0.376
0.376
0.376
0.377
0.377
0.377
0.379
0.379
0.38
0.38
0.38
0.38
0.381
0.381
0.381
0.381
0.382
0.382
0.382
0.382
0.382
0.383
0.383
0.384
0.384
0.384
0.384
0.385
0.385
0.385
0.385
0.386
0.386
0.387
0.387
0.387
0.387
0.387
0.388
0.389
0.389
0.389
0.389
0.39
0.39
0.39
0.391
0.391
0.392
0.392
0.393
0.393
0.394
0.394
0.394
0.394
0.394
0.394
0.395
0.395
0.395
0.396
0.396
0.398
0.398
0.399
0.4
0.401
0.401
0.401
0.402
0.402
0.402
0.404
0.404
0.405
0.406
0.406
0.407
0.407
0.407
0.407
0.407
0.409
0.409
0.409
0.409
0.409
0.41
0.411
0.411
0.413
0.414
0.414
0.415
0.415
0.416
0.417
0.418
0.419
0.42
0.42
0.421
0.422
0.423
0.424
0.425
0.43
0.43
0.43
0.43
0.431
0.432
0.433
0.433
0.434
0.436
0.436
0.44
0.44
0.44
0.442
0.442
0.444
0.445
0.447
0.448
0.448
0.449
0.449
0.451
0.451
0.452
0.452
0.454
0.455
0.458
0.459
0.459
0.459
0.461
0.461
0.462
0.462
0.467
0.467
0.467
0.47
0.475
0.477
0.479
0.48
0.483
0.483
0.484
0.489
0.49
0.493
0.494
0.494
0.495
0.496
0.496
0.497
0.498
0.499
0.505
0.505
0.506
0.506
0.506
0.508
0.511
0.515
0.516
0.517
0.522
0.525
0.525
0.526
0.526
0.527
0.527
0.529
0.531
0.532
0.537
0.538
0.54
0.54
0.541
0.545
0.546
0.556
0.561
0.561
0.562
0.565
0.569
0.569
0.569
0.571
0.578
0.58
0.582
0.583
0.584
0.589
0.595
0.597
0.602
0.603
0.604
0.605
0.609
0.61
0.611
0.612
0.62
0.627
0.637
0.642
0.651
0.658
0.668
0.673
0.677
0.696
0.705
0.707
0.712
0.712
0.726
0.727
0.734
0.735
0.737
0.748
0.763
0.771
0.791
0.792
0.793
0.809
0.834
0.865
