0.297
0.303
0.303
0.305
0.306
0.306
0.307
0.308
0.309
0.309
0.31
0.31
0.311
0.311
0.311
0.312
0.312
0.313
0.313
0.313
0.313
0.313
0.313
0.314
0.314
0.314
0.314
0.314
0.315
0.315
0.315
0.315
0.315
0.315
0.316
0.316
0.316
0.316
0.316
0.317
0.317
0.317
0.317
0.317
0.317
0.317
0.317
0.317
0.317
0.317
0.318
0.318
0.318
0.318
0.318
0.318
0.318
0.318
0.318
0.318
0.318
0.318
0.318
0.318
0.318
0.318
0.319
0.319
0.319
0.319
0.319
0.319
0.319
0.319
0.319
0.319
0.319
0.32
0.32
0.32
0.32
0.32
0.32
0.32
0.32
0.32
0.32
0.32
0.32
0.32
0.32
0.32
0.32
0.32
0.32
0.32
0.32
0.32
0.321
0.321
0.321
0.321
0.321
0.321
0.321
0.321
0.321
0.321
0.321
0.321
0.321
0.321
0.321
0.321
0.321
0.321
0.321
0.321
0.321
0.321
0.321
0.321
0.322
0.322
0.322
0.322
0.322
0.322
0.322
0.322
0.322
0.322
0.322
0.322
0.322
0.322
0.322
0.323
0.323
0.323
0.323
0.323
0.323
0.323
0.323
0.323
0.323
0.323
0.323
0.323
0.323
0.323
0.323
0.323
0.323
0.324
0.324
0.324
0.324
0.324
0.324
0.324
0.324
0.324
0.324
0.324
0.324
0.324
0.324
0.324
0.324
0.324
0.324
0.324
0.324
0.324
0.325
0.325
0.325
0.325
0.325
0.325
0.325
0.325
0.325
0.325
0.325
0.325
0.325
0.325
0.325
0.325
0.325
0.325
0.325
0.325
0.326
0.326
0.326
0.326
0.326
0.326
0.326
0.326
0.326
0.326
0.326
0.326
0.326
0.326
0.326
0.326
0.326
0.326
0.326
0.327
0.327
0.327
0.327
0.327
0.327
0.327
0.327
0.327
0.327
0.327
0.327
0.327
0.327
0.327
0.327
0.327
0.327
0.327
0.327
0.327
0.327
0.327
0.327
0.327
0.328
0.328
0.328
0.328
0.328
0.328
0.328
0.328
0.328
0.328
0.328
0.328
0.328
0.328
0.328
0.328
0.328
0.328
0.328
0.328
0.328
0.328
0.328
0.328
0.328
0.329
0.329
0.329
0.329
0.329
0.329
0.329
0.329
0.329
0.329
0.329
0.329
0.329
0.329
0.329
0.329
0.329
0.329
0.329
0.329
0.329
0.329
0.329
0.329
0.329
0.329
0.329
0.33
0.33
0.33
0.33
0.33
0.33
0.33
0.33
0.33
0.33
0.33
0.33
0.33
0.33
0.33
0.33
0.33
0.33
0.33
0.331
0.331
0.331
0.331
0.331
0.331
0.331
0.331
0.331
0.331
0.331
0.331
0.331
0.331
0.331
0.331
0.331
0.331
0.331
0.331
0.332
0.332
0.332
0.332
0.332
0.332
0.332
0.332
0.332
0.332
0.332
0.332
0.332
0.332
0.332
0.332
0.332
0.332
0.332
0.332
0.332
0.332
0.332
0.332
0.332
0.332
0.332
0.332
0.332
0.332
0.333
0.333
0.333
0.333
0.333
0.333
0.333
0.333
0.333
0.333
0.333
0.333
0.333
0.333
0.333
0.333
0.333
0.333
0.334
0.334
0.334
0.334
0.334
0.334
0.334
0.334
0.334
0.334
0.334
0.334
0.334
0.334
0.334
0.334
0.334
0.334
0.334
0.334
0.334
0.335
0.335
0.335
0.335
0.335
0.335
0.335
0.335
0.335
0.335
0.335
0.335
0.335
0.335
0.335
0.335
0.335
0.335
0.335
0.336
0.336
0.336
0.336
0.336
0.336
0.336
0.336
0.336
0.336
0.336
0.336
0.336
0.336
0.336
0.336
0.337
0.337
0.337
0.337
0.337
0.337
0.337
0.337
0.337
0.337
0.337
0.337
0.337
0.337
0.337
0.337
0.337
0.337
0.337
0.337
0.337
0.337
0.337
0.337
0.337
0.337
0.337
0.337
0.338
0.338
0.338
0.338
0.338
0.338
0.338
0.338
0.338
0.338
0.338
0.338
0.338
0.338
0.338
0.338
0.339
0.339
0.339
0.339
0.339
0.339
0.339
0.339
0.339
0.339
0.339
0.339
0.339
0.339
0.339
0.34
0.34
0.34
0.34
0.34
0.34
0.34
0.34
0.34
0.34
0.34
0.341
0.341
0.341
0.341
0.341
0.341
0.341
0.341
0.341
0.341
0.341
0.341
0.341
0.341
0.341
0.341
0.342
0.342
0.342
0.342
0.342
0.342
0.342
0.342
0.342
0.342
0.342
0.342
0.343
0.343
0.343
0.343
0.343
0.343
0.343
0.343
0.343
0.343
0.343
0.343
0.344
0.344
0.344
0.344
0.344
0.344
0.344
0.344
0.344
0.344
0.344
0.344
0.345
0.345
0.345
0.345
0.345
0.345
0.345
0.345
0.345
0.345
0.345
0.345
0.346
0.346
0.346
0.346
0.346
0.346
0.346
0.346
0.346
0.346
0.346
0.346
0.347
0.347
0.347
0.347
0.347
0.347
0.347
0.347
0.347
0.347
0.348
0.348
0.348
0.348
0.348
0.348
0.348
0.349
0.349
0.349
0.349
0.349
0.349
0.349
0.349
0.349
0.349
0.349
0.349
0.35
0.35
0.35
0.35
0.35
0.35
0.35
0.35
0.351
0.351
0.351
0.351
0.351
0.351
0.351
0.352
0.352
0.352
0.353
0.353
0.353
0.353
0.353
0.353
0.353
0.354
0.354
0.354
0.354
0.354
0.354
0.354
0.355
0.355
0.355
0.355
0.355
0.355
0.355
0.355
0.355
0.356
0.356
0.356
0.356
0.356
0.356
0.356
0.356
0.356
0.357
0.357
0.357
0.358
0.358
0.358
0.358
0.358
0.358
0.358
0.358
0.358
0.358
0.359
0.359
0.359
0.359
0.359
0.359
0.36
0.36
0.36
0.361
0.361
0.361
0.361
0.361
0.362
0.362
0.362
0.362
0.363
0.363
0.363
0.363
0.364
0.364
0.364
0.364
0.365
0.365
0.365
0.367
0.367
0.367
0.367
0.367
0.368
0.368
0.368
0.368
0.368
0.368
0.369
0.369
0.369
0.369
0.369
0.369
0.37
0.37
0.37
0.37
0.37
0.371
0.371
0.371
0.371
0.372
0.372
0.373
0.373
0.373
0.374
0.374
0.375
0.375
0.375
0.375
0.375
0.375
0.375
0.375
0.376
0.376
0.376
0.376
0.376
0.376
0.376
0.376
0.377
0.377
0.378
0.378
0.379
0.38
0.38
0.38
0.381
0.381
0.381
0.382
0.383
0.383
0.383
0.383
0.384
0.384
0.384
0.384
0.384
0.384
0.384
0.384
0.385
0.385
0.385
0.386
0.386
0.386
0.386
0.386
0.386
0.387
0.387
0.387
0.387
0.388
0.388
0.388
0.389
0.389
0.39
0.39
0.39
0.391
0.392
0.392
0.393
0.393
0.393
0.393
0.394
0.395
0.395
0.396
0.397
0.397
0.398
0.398
0.398
0.398
0.399
0.399
0.399
0.399
0.401
0.401
0.401
0.402
0.403
0.403
0.404
0.405
0.405
0.405
0.405
0.406
0.408
0.408
0.408
0.409
0.409
0.41
0.412
0.412
0.413
0.414
0.415
0.416
0.416
0.417
0.417
0.417
0.418
0.418
0.419
0.419
0.419
0.42
0.42
0.421
0.421
0.421
0.422
0.423
0.423
0.423
0.424
0.425
0.427
0.428
0.428
0.429
0.429
0.43
0.431
0.431
0.432
0.434
0.434
0.435
0.436
0.438
0.438
0.439
0.439
0.44
0.44
0.441
0.441
0.446
0.447
0.447
0.448
0.45
0.45
0.45
0.45
0.452
0.453
0.456
0.456
0.459
0.459
0.459
0.46
0.462
0.463
0.463
0.463
0.463
0.464
0.465
0.465
0.466
0.466
0.467
0.472
0.473
0.473
0.474
0.476
0.479
0.481
0.481
0.484
0.485
0.485
0.485
0.493
0.495
0.497
0.498
0.498
0.498
0.499
0.5
0.501
0.502
0.505
0.505
0.508
0.509
0.509
0.513
0.514
0.517
0.521
0.521
0.525
0.528
0.53
0.53
0.531
0.531
0.532
0.534
0.536
0.536
0.543
0.544
0.548
0.553
0.553
0.555
0.563
0.566
0.569
0.569
0.57
0.57
0.571
0.578
0.578
0.58
0.582
0.585
0.586
0.592
0.593
0.604
0.608
0.621
0.624
0.625
0.626
0.627
0.642
0.645
0.648
0.652
0.657
0.662
0.665
0.667
0.678
0.68
0.685
0.687
0.693
0.694
0.696
0.748
0.75
0.752
0.79
0.845
0.9
