0.24
0.265
0.267
0.268
0.271
0.272
0.272
0.275
0.276
0.276
0.276
0.278
0.279
0.279
0.28
0.281
0.282
0.282
0.282
0.282
0.282
0.283
0.283
0.284
0.285
0.285
0.285
0.285
0.285
0.286
0.286
0.286
0.286
0.287
0.287
0.287
0.287
0.287
0.289
0.289
0.289
0.289
0.29
0.29
0.29
0.29
0.29
0.29
0.291
0.291
0.291
0.291
0.291
0.291
0.291
0.291
0.291
0.292
0.292
0.292
0.292
0.293
0.293
0.294
0.294
0.294
0.294
0.294
0.294
0.294
0.295
0.295
0.295
0.295
0.296
0.296
0.296
0.296
0.296
0.297
0.297
0.297
0.297
0.297
0.297
0.297
0.298
0.298
0.298
0.298
0.298
0.299
0.299
0.299
0.299
0.3
0.3
0.3
0.3
0.3
0.3
0.301
0.301
0.301
0.301
0.301
0.302
0.302
0.302
0.302
0.302
0.302
0.302
0.302
0.302
0.302
0.302
0.303
0.303
0.303
0.303
0.303
0.303
0.303
0.303
0.303
0.304
0.304
0.304
0.304
0.304
0.304
0.304
0.304
0.304
0.304
0.304
0.305
0.305
0.305
0.305
0.305
0.305
0.305
0.305
0.305
0.305
0.305
0.306
0.306
0.306
0.306
0.306
0.306
0.306
0.306
0.306
0.307
0.307
0.307
0.307
0.307
0.307
0.307
0.307
0.307
0.307
0.307
0.307
0.308
0.308
0.308
0.308
0.308
0.308
0.308
0.308
0.308
0.308
0.309
0.309
0.309
0.309
0.309
0.309
0.309
0.31
0.31
0.31
0.31
0.31
0.31
0.311
0.311
0.311
0.311
0.311
0.311
0.311
0.311
0.311
0.311
0.312
0.312
0.312
0.312
0.312
0.312
0.312
0.312
0.312
0.312
0.312
0.312
0.313
0.313
0.313
0.313
0.313
0.313
0.313
0.313
0.313
0.313
0.313
0.314
0.314
0.314
0.314
0.314
0.314
0.314
0.314
0.314
0.314
0.314
0.315
0.315
0.315
0.315
0.315
0.315
0.315
0.315
0.315
0.315
0.315
0.315
0.315
0.316
0.316
0.316
0.316
0.316
0.316
0.316
0.316
0.316
0.316
0.316
0.316
0.316
0.316
0.316
0.316
0.317
0.317
0.317
0.317
0.317
0.317
0.318
0.318
0.318
0.318
0.318
0.318
0.318
0.318
0.319
0.319
0.319
0.319
0.319
0.319
0.319
0.319
0.319
0.319
0.32
0.32
0.32
0.32
0.32
0.32
0.32
0.32
0.32
0.32
0.32
0.32
0.321
0.321
0.321
0.321
0.321
0.321
0.321
0.321
0.321
0.322
0.322
0.322
0.322
0.322
0.322
0.322
0.322
0.322
0.322
0.322
0.323
0.323
0.323
0.323
0.323
0.323
0.323
0.323
0.323
0.323
0.323
0.323
0.324
0.324
0.324
0.324
0.324
0.324
0.324
0.324
0.324
0.324
0.324
0.325
0.325
0.325
0.325
0.325
0.325
0.325
0.325
0.325
0.325
0.325
0.325
0.325
0.325
0.325
0.325
0.325
0.325
0.326
0.326
0.326
0.326
0.326
0.326
0.326
0.326
0.327
0.327
0.327
0.327
0.327
0.327
0.327
0.327
0.327
0.327
0.327
0.327
0.327
0.327
0.327
0.327
0.327
0.328
0.328
0.328
0.328
0.328
0.328
0.328
0.328
0.328
0.328
0.328
0.328
0.328
0.328
0.329
0.329
0.329
0.329
0.329
0.329
0.329
0.329
0.329
0.329
0.329
0.329
0.329
0.329
0.329
0.33
0.33
0.33
0.33
0.33
0.33
0.33
0.33
0.33
0.33
0.33
0.331
0.331
0.331
0.331
0.332
0.332
0.332
0.332
0.332
0.332
0.332
0.332
0.332
0.332
0.332
0.332
0.332
0.332
0.333
0.333
0.333
0.333
0.333
0.333
0.333
0.333
0.333
0.333
0.333
0.333
0.333
0.333
0.334
0.334
0.334
0.334
0.334
0.334
0.334
0.334
0.334
0.334
0.335
0.335
0.335
0.335
0.336
0.336
0.336
0.336
0.336
0.336
0.336
0.336
0.337
0.337
0.337
0.337
0.337
0.337
0.337
0.337
0.337
0.337
0.337
0.337
0.337
0.337
0.337
0.337
0.338
0.338
0.338
0.338
0.338
0.338
0.338
0.338
0.338
0.338
0.338
0.338
0.338
0.339
0.339
0.339
0.339
0.339
0.339
0.339
0.339
0.339
0.339
0.339
0.34
0.34
0.34
0.34
0.34
0.34
0.34
0.34
0.34
0.34
0.34
0.341
0.341
0.341
0.341
0.341
0.341
0.341
0.341
0.341
0.342
0.342
0.342
0.342
0.342
0.342
0.342
0.342
0.343
0.343
0.343
0.343
0.343
0.343
0.343
0.343
0.343
0.343
0.343
0.344
0.345
0.345
0.345
0.345
0.345
0.345
0.345
0.345
0.345
0.345
0.345
0.345
0.346
0.346
0.346
0.346
0.346
0.346
0.346
0.346
0.346
0.346
0.346
0.346
0.346
0.347
0.347
0.347
0.347
0.347
0.347
0.347
0.347
0.347
0.347
0.347
0.348
0.348
0.348
0.348
0.348
0.348
0.348
0.348
0.348
0.348
0.349
0.349
0.349
0.349
0.349
0.349
0.349
0.349
0.349
0.349
0.35
0.35
0.35
0.351
0.351
0.351
0.351
0.351
0.352
0.352
0.352
0.352
0.352
0.352
0.352
0.353
0.353
0.353
0.353
0.353
0.353
0.354
0.354
0.354
0.354
0.354
0.354
0.354
0.354
0.354
0.354
0.354
0.354
0.355
0.355
0.355
0.355
0.355
0.355
0.356
0.356
0.356
0.356
0.356
0.357
0.357
0.357
0.357
0.357
0.357
0.357
0.357
0.358
0.359
0.359
0.359
0.359
0.359
0.36
0.36
0.36
0.36
0.36
0.36
0.36
0.361
0.361
0.361
0.361
0.362
0.362
0.362
0.362
0.363
0.363
0.364
0.364
0.364
0.364
0.364
0.365
0.365
0.365
0.365
0.365
0.365
0.365
0.366
0.366
0.366
0.366
0.366
0.367
0.367
0.367
0.367
0.367
0.367
0.367
0.367
0.367
0.367
0.368
0.368
0.368
0.369
0.369
0.369
0.369
0.369
0.369
0.369
0.37
0.37
0.37
0.37
0.37
0.371
0.371
0.372
0.372
0.372
0.372
0.372
0.372
0.372
0.373
0.373
0.373
0.374
0.374
0.374
0.374
0.374
0.375
0.375
0.375
0.375
0.376
0.376
0.376
0.377
0.378
0.378
0.378
0.378
0.378
0.378
0.378
0.379
0.379
0.379
0.379
0.379
0.38
0.38
0.38
0.381
0.381
0.381
0.381
0.382
0.382
0.382
0.382
0.382
0.383
0.383
0.383
0.383
0.384
0.384
0.384
0.384
0.385
0.385
0.385
0.385
0.387
0.387
0.387
0.387
0.387
0.388
0.388
0.388
0.389
0.389
0.389
0.389
0.389
0.39
0.39
0.39
0.391
0.391
0.391
0.393
0.393
0.393
0.394
0.394
0.394
0.394
0.394
0.394
0.395
0.395
0.396
0.396
0.396
0.397
0.397
0.397
0.397
0.397
0.398
0.398
0.398
0.398
0.399
0.399
0.399
0.4
0.401
0.401
0.402
0.404
0.405
0.405
0.405
0.405
0.406
0.407
0.407
0.407
0.408
0.408
0.408
0.409
0.409
0.412
0.412
0.413
0.413
0.414
0.415
0.417
0.418
0.419
0.419
0.42
0.422
0.422
0.423
0.423
0.424
0.424
0.424
0.424
0.425
0.425
0.425
0.425
0.425
0.426
0.426
0.426
0.426
0.427
0.43
0.431
0.432
0.433
0.434
0.434
0.436
0.436
0.436
0.438
0.439
0.44
0.442
0.443
0.444
0.444
0.445
0.445
0.445
0.445
0.446
0.446
0.455
0.456
0.458
0.458
0.466
0.466
0.467
0.468
0.468
0.469
0.472
0.472
0.472
0.475
0.478
0.479
0.479
0.479
0.482
0.483
0.483
0.484
0.487
0.491
0.491
0.494
0.496
0.498
0.502
0.502
0.504
0.504
0.507
0.508
0.509
0.51
0.511
0.514
0.515
0.515
0.517
0.525
0.528
0.529
0.53
0.534
0.537
0.538
0.544
0.548
0.549
0.549
0.55
0.551
0.557
0.557
0.558
0.561
0.564
0.568
0.571
0.575
0.579
0.598
0.603
0.607
0.608
0.615
0.622
0.639
0.639
0.647
0.649
0.651
0.654
0.655
0.657
0.665
0.668
0.669
0.672
0.689
0.693
0.696
0.699
0.707
0.709
0.754
0.756
0.773
0.773
