0.129
0.13
0.13
0.13
0.13
0.13
0.13
0.13
0.13
0.13
0.13
0.131
0.131
0.131
0.131
0.131
0.131
0.131
0.131
0.131
0.131
0.131
0.131
0.131
0.131
0.131
0.131
0.131
0.131
0.132
0.132
0.132
0.132
0.132
0.132
0.132
0.132
0.132
0.132
0.132
0.132
0.132
0.132
0.132
0.132
0.132
0.132
0.132
0.132
0.132
0.132
0.132
0.133
0.133
0.133
0.133
0.133
0.133
0.133
0.133
0.133
0.133
0.133
0.133
0.133
0.133
0.133
0.133
0.133
0.133
0.133
0.133
0.133
0.133
0.133
0.134
0.134
0.134
0.134
0.134
0.134
0.134
0.134
0.134
0.134
0.134
0.134
0.134
0.134
0.134
0.134
0.134
0.134
0.134
0.134
0.135
0.135
0.135
0.135
0.135
0.135
0.135
0.135
0.135
0.135
0.135
0.135
0.135
0.135
0.135
0.135
0.135
0.135
0.136
0.136
0.136
0.136
0.136
0.136
0.136
0.136
0.136
0.136
0.136
0.136
0.136
0.136
0.136
0.136
0.136
0.136
0.136
0.136
0.136
0.136
0.137
0.137
0.137
0.137
0.137
0.137
0.137
0.137
0.137
0.137
0.137
0.137
0.137
0.137
0.137
0.137
0.137
0.138
0.138
0.138
0.138
0.138
0.138
0.138
0.138
0.138
0.138
0.138
0.138
0.138
0.138
0.138
0.138
0.138
0.138
0.138
0.139
0.139
0.139
0.139
0.139
0.139
0.139
0.139
0.139
0.139
0.139
0.139
0.139
0.139
0.139
0.139
0.139
0.139
0.139
0.139
0.139
0.14
0.14
0.14
0.14
0.14
0.14
0.14
0.14
0.14
0.14
0.14
0.14
0.14
0.14
0.14
0.14
0.14
0.14
0.14
0.141
0.141
0.141
0.141
0.141
0.141
0.141
0.141
0.141
0.141
0.141
0.141
0.141
0.141
0.141
0.141
0.141
0.141
0.141
0.142
0.142
0.142
0.142
0.142
0.142
0.142
0.142
0.142
0.142
0.142
0.142
0.142
0.142
0.142
0.142
0.142
0.142
0.142
0.142
0.143
0.143
0.143
0.143
0.143
0.143
0.143
0.143
0.143
0.143
0.143
0.143
0.143
0.143
0.143
0.143
0.143
0.143
0.143
0.143
0.144
0.144
0.144
0.144
0.144
0.144
0.144
0.144
0.144
0.144
0.144
0.144
0.144
0.144
0.144
0.144
0.144
0.144
0.144
0.144
0.144
0.144
0.144
0.144
0.145
0.145
0.145
0.145
0.145
0.145
0.145
0.145
0.145
0.145
0.145
0.145
0.145
0.145
0.145
0.145
0.145
0.146
0.146
0.146
0.146
0.146
0.146
0.146
0.146
0.146
0.146
0.146
0.146
0.146
0.146
0.146
0.146
0.146
0.146
0.146
0.146
0.146
0.146
0.146
0.146
0.147
0.147
0.147
0.147
0.147
0.147
0.147
0.147
0.147
0.148
0.148
0.148
0.148
0.148
0.148
0.148
0.148
0.148
0.148
0.148
0.148
0.148
0.148
0.148
0.149
0.149
0.149
0.149
0.149
0.149
0.149
0.149
0.149
0.149
0.15
0.15
0.15
0.15
0.15
0.15
0.15
0.15
0.15
0.15
0.15
0.15
0.151
0.151
0.151
0.151
0.151
0.151
0.151
0.151
0.151
0.152
0.152
0.152
0.152
0.152
0.152
0.152
0.152
0.152
0.153
0.153
0.153
0.153
0.153
0.153
0.153
0.153
0.154
0.154
0.154
0.154
0.154
0.154
0.154
0.154
0.154
0.154
0.154
0.154
0.155
0.155
0.155
0.155
0.155
0.155
0.155
0.155
0.156
0.156
0.156
0.156
0.156
0.156
0.156
0.156
0.156
0.156
0.156
0.156
0.156
0.157
0.157
0.157
0.157
0.157
0.157
0.157
0.157
0.158
0.158
0.158
0.158
0.158
0.158
0.158
0.159
0.159
0.159
0.159
0.159
0.159
0.159
0.159
0.159
0.159
0.159
0.16
0.16
0.16
0.16
0.16
0.16
0.161
0.161
0.161
0.161
0.161
0.161
0.161
0.161
0.161
0.161
0.161
0.161
0.161
0.162
0.162
0.162
0.162
0.162
0.162
0.162
0.162
0.163
0.163
0.163
0.163
0.163
0.163
0.163
0.163
0.163
0.163
0.163
0.163
0.163
0.163
0.163
0.163
0.163
0.163
0.164
0.164
0.164
0.164
0.164
0.164
0.164
0.164
0.165
0.165
0.165
0.165
0.166
0.166
0.166
0.166
0.166
0.166
0.166
0.167
0.167
0.167
0.167
0.167
0.167
0.167
0.167
0.167
0.167
0.168
0.168
0.168
0.168
0.168
0.168
0.168
0.169
0.169
0.169
0.169
0.169
0.169
0.169
0.17
0.17
0.17
0.17
0.17
0.17
0.17
0.171
0.171
0.171
0.171
0.171
0.171
0.171
0.171
0.171
0.171
0.171
0.171
0.172
0.172
0.172
0.172
0.173
0.173
0.173
0.173
0.173
0.173
0.173
0.173
0.173
0.173
0.174
0.174
0.174
0.174
0.174
0.174
0.174
0.175
0.175
0.175
0.175
0.175
0.175
0.175
0.175
0.175
0.176
0.176
0.176
0.176
0.176
0.176
0.176
0.176
0.176
0.176
0.176
0.177
0.177
0.177
0.177
0.177
0.177
0.177
0.178
0.178
0.179
0.179
0.179
0.179
0.179
0.179
0.18
0.18
0.18
0.18
0.181
0.181
0.181
0.181
0.181
0.182
0.182
0.182
0.182
0.183
0.183
0.184
0.184
0.184
0.184
0.184
0.185
0.185
0.185
0.185
0.185
0.185
0.185
0.185
0.185
0.186
0.186
0.186
0.186
0.186
0.187
0.187
0.187
0.188
0.188
0.189
0.189
0.189
0.19
0.19
0.19
0.19
0.191
0.191
0.192
0.192
0.192
0.193
0.194
0.194
0.194
0.194
0.195
0.195
0.195
0.195
0.196
0.196
0.196
0.197
0.197
0.197
0.197
0.198
0.199
0.199
0.199
0.199
0.199
0.2
0.2
0.2
0.201
0.201
0.201
0.201
0.201
0.201
0.201
0.202
0.202
0.202
0.202
0.203
0.203
0.203
0.204
0.204
0.204
0.204
0.204
0.205
0.205
0.206
0.206
0.206
0.207
0.207
0.208
0.209
0.209
0.209
0.209
0.209
0.21
0.21
0.211
0.211
0.211
0.211
0.211
0.212
0.212
0.213
0.213
0.213
0.213
0.213
0.213
0.214
0.214
0.214
0.215
0.215
0.215
0.216
0.217
0.218
0.218
0.218
0.218
0.218
0.219
0.219
0.22
0.22
0.22
0.22
0.221
0.221
0.221
0.222
0.223
0.223
0.223
0.224
0.224
0.224
0.224
0.225
0.225
0.225
0.225
0.225
0.225
0.225
0.226
0.226
0.227
0.228
0.23
0.23
0.231
0.231
0.232
0.232
0.232
0.232
0.232
0.233
0.233
0.234
0.235
0.235
0.235
0.235
0.236
0.236
0.236
0.237
0.237
0.238
0.238
0.238
0.24
0.243
0.243
0.243
0.243
0.245
0.245
0.246
0.246
0.246
0.247
0.247
0.25
0.25
0.252
0.255
0.256
0.256
0.256
0.258
0.258
0.259
0.26
0.26
0.26
0.261
0.261
0.262
0.262
0.263
0.263
0.263
0.264
0.265
0.266
0.267
0.267
0.267
0.269
0.272
0.273
0.274
0.275
0.275
0.275
0.275
0.276
0.276
0.277
0.278
0.279
0.28
0.28
0.281
0.281
0.281
0.281
0.283
0.284
0.285
0.285
0.286
0.287
0.287
0.287
0.288
0.289
0.291
0.291
0.291
0.293
0.294
0.294
0.295
0.295
0.295
0.295
0.298
0.298
0.299
0.299
0.3
0.301
0.304
0.304
0.304
0.306
0.307
0.311
0.311
0.312
0.316
0.316
0.317
0.319
0.32
0.321
0.322
0.323
0.324
0.324
0.325
0.33
0.335
0.339
0.34
0.34
0.342
0.344
0.345
0.345
0.346
0.348
0.348
0.35
0.351
0.351
0.353
0.354
0.356
0.363
0.365
0.37
0.374
0.378
0.378
0.378
0.38
0.384
0.388
0.389
0.398
0.402
0.405
0.407
0.408
0.408
0.412
0.413
0.414
0.415
0.419
0.42
0.425
0.426
0.432
0.432
0.438
0.438
0.445
0.448
0.457
0.462
0.465
0.466
0.477
0.477
0.48
0.485
0.493
0.504
0.505
0.509
0.523
0.533
0.54
0.541
0.544
0.55
0.561
0.568
0.596
0.604
0.606
0.612
0.615
0.62
0.649
0.655
0.66
0.69
0.748
0.792
