0.13
0.13
0.13
0.13
0.13
0.13
0.13
0.13
0.13
0.13
0.13
0.131
0.131
0.131
0.131
0.131
0.131
0.131
0.131
0.131
0.131
0.131
0.132
0.132
0.132
0.132
0.132
0.132
0.132
0.132
0.132
0.132
0.132
0.132
0.132
0.132
0.132
0.132
0.132
0.132
0.132
0.132
0.132
0.132
0.132
0.132
0.132
0.132
0.132
0.132
0.133
0.133
0.133
0.133
0.133
0.133
0.133
0.133
0.133
0.133
0.133
0.133
0.133
0.133
0.133
0.133
0.133
0.133
0.133
0.133
0.133
0.133
0.133
0.133
0.133
0.134
0.134
0.134
0.134
0.134
0.134
0.134
0.134
0.134
0.134
0.134
0.134
0.134
0.134
0.134
0.134
0.134
0.134
0.134
0.134
0.134
0.135
0.135
0.135
0.135
0.135
0.135
0.135
0.135
0.135
0.135
0.135
0.135
0.135
0.135
0.135
0.135
0.135
0.135
0.135
0.135
0.135
0.135
0.135
0.135
0.136
0.136
0.136
0.136
0.136
0.136
0.136
0.136
0.136
0.136
0.136
0.136
0.136
0.136
0.136
0.136
0.136
0.136
0.136
0.136
0.136
0.136
0.136
0.136
0.136
0.136
0.137
0.137
0.137
0.137
0.137
0.137
0.137
0.137
0.137
0.137
0.137
0.137
0.137
0.137
0.137
0.137
0.137
0.137
0.137
0.138
0.138
0.138
0.138
0.138
0.138
0.138
0.138
0.138
0.138
0.138
0.138
0.138
0.138
0.138
0.138
0.138
0.138
0.138
0.138
0.138
0.138
0.138
0.138
0.138
0.138
0.138
0.138
0.138
0.138
0.138
0.138
0.139
0.139
0.139
0.139
0.139
0.139
0.139
0.139
0.139
0.139
0.139
0.139
0.139
0.139
0.139
0.139
0.139
0.139
0.14
0.14
0.14
0.14
0.14
0.14
0.14
0.14
0.14
0.14
0.14
0.14
0.14
0.14
0.14
0.14
0.14
0.14
0.14
0.14
0.14
0.14
0.14
0.141
0.141
0.141
0.141
0.141
0.141
0.141
0.141
0.141
0.141
0.141
0.141
0.141
0.141
0.141
0.141
0.141
0.141
0.141
0.141
0.141
0.141
0.141
0.142
0.142
0.142
0.142
0.142
0.142
0.142
0.142
0.142
0.142
0.142
0.142
0.142
0.142
0.142
0.142
0.142
0.142
0.142
0.143
0.143
0.143
0.143
0.143
0.143
0.143
0.143
0.143
0.143
0.143
0.143
0.143
0.144
0.144
0.144
0.144
0.144
0.144
0.144
0.144
0.144
0.144
0.144
0.144
0.144
0.144
0.145
0.145
0.145
0.145
0.145
0.145
0.145
0.145
0.145
0.145
0.145
0.145
0.145
0.145
0.145
0.145
0.145
0.146
0.146
0.146
0.146
0.146
0.146
0.146
0.146
0.146
0.146
0.146
0.146
0.146
0.146
0.146
0.146
0.146
0.146
0.146
0.146
0.146
0.146
0.146
0.147
0.147
0.147
0.147
0.147
0.147
0.147
0.147
0.147
0.147
0.147
0.147
0.147
0.147
0.148
0.148
0.148
0.148
0.148
0.148
0.148
0.148
0.149
0.149
0.149
0.149
0.149
0.149
0.149
0.149
0.15
0.15
0.15
0.15
0.15
0.15
0.15
0.15
0.15
0.15
0.15
0.15
0.15
0.15
0.15
0.15
0.15
0.15
0.15
0.15
0.15
0.15
0.151
0.151
0.151
0.151
0.151
0.151
0.151
0.151
0.151
0.151
0.151
0.151
0.151
0.151
0.151
0.151
0.151
0.152
0.152
0.152
0.152
0.152
0.152
0.152
0.152
0.152
0.152
0.152
0.152
0.152
0.152
0.152
0.153
0.153
0.153
0.153
0.153
0.153
0.153
0.153
0.153
0.153
0.153
0.153
0.154
0.154
0.154
0.154
0.154
0.154
0.154
0.154
0.154
0.154
0.155
0.155
0.155
0.155
0.155
0.155
0.155
0.156
0.156
0.156
0.156
0.156
0.156
0.157
0.157
0.157
0.157
0.157
0.157
0.157
0.158
0.158
0.158
0.158
0.158
0.158
0.158
0.158
0.158
0.158
0.158
0.159
0.159
0.159
0.159
0.159
0.159
0.159
0.159
0.159
0.159
0.159
0.159
0.159
0.159
0.16
0.16
0.16
0.16
0.16
0.16
0.16
0.16
0.161
0.161
0.161
0.161
0.161
0.161
0.161
0.161
0.161
0.161
0.161
0.162
0.162
0.162
0.162
0.162
0.162
0.163
0.163
0.163
0.163
0.163
0.163
0.163
0.163
0.163
0.164
0.164
0.164
0.164
0.164
0.164
0.164
0.165
0.165
0.165
0.165
0.165
0.166
0.166
0.166
0.166
0.166
0.167
0.167
0.167
0.167
0.167
0.167
0.167
0.167
0.167
0.167
0.168
0.168
0.168
0.168
0.168
0.168
0.168
0.168
0.168
0.169
0.169
0.169
0.169
0.169
0.169
0.17
0.17
0.17
0.17
0.17
0.17
0.17
0.17
0.17
0.171
0.171
0.171
0.171
0.171
0.172
0.172
0.172
0.172
0.172
0.172
0.172
0.172
0.173
0.173
0.174
0.174
0.174
0.174
0.175
0.175
0.175
0.175
0.175
0.175
0.175
0.176
0.176
0.176
0.176
0.176
0.176
0.176
0.177
0.177
0.177
0.177
0.178
0.178
0.178
0.179
0.179
0.18
0.18
0.18
0.18
0.181
0.181
0.182
0.182
0.183
0.183
0.183
0.183
0.183
0.184
0.184
0.184
0.184
0.184
0.184
0.185
0.186
0.186
0.186
0.186
0.187
0.187
0.187
0.187
0.187
0.188
0.188
0.188
0.188
0.188
0.188
0.188
0.189
0.189
0.189
0.19
0.19
0.19
0.19
0.19
0.19
0.19
0.19
0.191
0.191
0.192
0.192
0.192
0.192
0.193
0.193
0.193
0.193
0.193
0.194
0.194
0.194
0.194
0.194
0.195
0.195
0.195
0.195
0.195
0.195
0.195
0.195
0.195
0.195
0.196
0.196
0.196
0.196
0.196
0.197
0.197
0.198
0.198
0.198
0.198
0.199
0.199
0.199
0.199
0.199
0.199
0.2
0.2
0.201
0.201
0.201
0.202
0.202
0.203
0.203
0.203
0.203
0.203
0.203
0.204
0.204
0.204
0.205
0.205
0.205
0.205
0.206
0.207
0.207
0.207
0.207
0.207
0.208
0.208
0.208
0.208
0.208
0.209
0.21
0.211
0.212
0.212
0.212
0.213
0.213
0.213
0.214
0.214
0.214
0.214
0.214
0.215
0.215
0.216
0.216
0.217
0.218
0.218
0.218
0.219
0.219
0.219
0.219
0.22
0.22
0.221
0.221
0.221
0.221
0.222
0.224
0.225
0.225
0.227
0.227
0.228
0.228
0.228
0.229
0.229
0.229
0.229
0.229
0.23
0.231
0.233
0.233
0.234
0.234
0.235
0.235
0.236
0.236
0.236
0.238
0.238
0.241
0.242
0.242
0.243
0.243
0.245
0.248
0.249
0.249
0.25
0.25
0.251
0.251
0.251
0.252
0.252
0.252
0.253
0.253
0.254
0.254
0.257
0.258
0.258
0.258
0.258
0.259
0.259
0.259
0.259
0.26
0.26
0.263
0.263
0.265
0.266
0.266
0.266
0.268
0.268
0.268
0.268
0.268
0.269
0.269
0.269
0.271
0.271
0.273
0.273
0.274
0.276
0.276
0.277
0.277
0.277
0.277
0.278
0.278
0.279
0.279
0.279
0.28
0.284
0.284
0.285
0.285
0.287
0.289
0.289
0.291
0.292
0.293
0.294
0.296
0.296
0.299
0.3
0.301
0.301
0.302
0.302
0.302
0.303
0.305
0.305
0.305
0.305
0.306
0.308
0.309
0.309
0.311
0.311
0.312
0.313
0.314
0.316
0.316
0.317
0.318
0.318
0.319
0.319
0.32
0.321
0.322
0.323
0.324
0.325
0.325
0.326
0.326
0.326
0.328
0.329
0.33
0.331
0.332
0.333
0.334
0.341
0.342
0.345
0.346
0.346
0.351
0.354
0.355
0.357
0.357
0.358
0.359
0.361
0.367
0.368
0.371
0.375
0.377
0.379
0.379
0.387
0.387
0.387
0.394
0.397
0.399
0.399
0.401
0.401
0.403
0.403
0.412
0.414
0.415
0.419
0.419
0.421
0.424
0.425
0.426
0.432
0.434
0.438
0.441
0.443
0.444
0.445
0.448
0.452
0.453
0.456
0.457
0.46
0.476
0.484
0.485
0.486
0.491
0.494
0.506
0.51
0.51
0.53
0.536
0.537
0.544
0.566
0.611
0.669
0.694
0.702
0.734
0.764
0.887
