0.129
0.13
0.13
0.13
0.13
0.13
0.13
0.13
0.13
0.13
0.13
0.131
0.131
0.131
0.131
0.131
0.131
0.131
0.131
0.131
0.131
0.131
0.131
0.131
0.131
0.131
0.131
0.132
0.132
0.132
0.132
0.132
0.132
0.132
0.132
0.132
0.132
0.132
0.132
0.132
0.132
0.132
0.132
0.132
0.132
0.132
0.132
0.132
0.132
0.132
0.132
0.132
0.132
0.132
0.132
0.133
0.133
0.133
0.133
0.133
0.133
0.133
0.133
0.133
0.133
0.133
0.133
0.133
0.133
0.133
0.133
0.133
0.133
0.133
0.133
0.133
0.133
0.133
0.133
0.133
0.133
0.133
0.133
0.133
0.133
0.133
0.133
0.133
0.133
0.133
0.134
0.134
0.134
0.134
0.134
0.134
0.134
0.134
0.134
0.134
0.134
0.134
0.134
0.134
0.134
0.134
0.134
0.134
0.134
0.134
0.134
0.134
0.134
0.134
0.134
0.135
0.135
0.135
0.135
0.135
0.135
0.135
0.135
0.135
0.135
0.135
0.135
0.135
0.135
0.135
0.135
0.135
0.135
0.135
0.135
0.135
0.135
0.135
0.135
0.136
0.136
0.136
0.136
0.136
0.136
0.136
0.136
0.136
0.136
0.136
0.136
0.136
0.136
0.136
0.136
0.136
0.137
0.137
0.137
0.137
0.137
0.137
0.137
0.137
0.137
0.137
0.137
0.137
0.137
0.137
0.137
0.137
0.137
0.137
0.137
0.138
0.138
0.138
0.138
0.138
0.138
0.138
0.138
0.138
0.138
0.138
0.138
0.138
0.138
0.138
0.138
0.138
0.138
0.138
0.138
0.138
0.138
0.138
0.138
0.139
0.139
0.139
0.139
0.139
0.139
0.139
0.139
0.139
0.139
0.139
0.139
0.139
0.139
0.139
0.139
0.14
0.14
0.14
0.14
0.14
0.14
0.14
0.14
0.14
0.14
0.14
0.14
0.14
0.14
0.14
0.14
0.14
0.14
0.14
0.14
0.14
0.14
0.14
0.14
0.14
0.14
0.14
0.141
0.141
0.141
0.141
0.141
0.141
0.141
0.141
0.141
0.141
0.141
0.141
0.141
0.141
0.141
0.141
0.141
0.141
0.141
0.141
0.141
0.141
0.141
0.141
0.141
0.141
0.141
0.141
0.141
0.142
0.142
0.142
0.142
0.142
0.142
0.142
0.142
0.142
0.142
0.142
0.142
0.142
0.142
0.142
0.143
0.143
0.143
0.143
0.143
0.143
0.143
0.143
0.143
0.143
0.143
0.143
0.144
0.144
0.144
0.144
0.144
0.144
0.144
0.144
0.144
0.144
0.144
0.144
0.144
0.144
0.144
0.144
0.145
0.145
0.145
0.145
0.145
0.145
0.145
0.145
0.145
0.145
0.145
0.145
0.145
0.145
0.145
0.145
0.146
0.146
0.146
0.146
0.146
0.146
0.146
0.146
0.146
0.146
0.146
0.146
0.146
0.146
0.146
0.146
0.146
0.147
0.147
0.147
0.147
0.147
0.147
0.147
0.147
0.147
0.147
0.147
0.147
0.147
0.147
0.147
0.147
0.147
0.147
0.148
0.148
0.148
0.148
0.148
0.148
0.148
0.148
0.148
0.148
0.148
0.149
0.149
0.149
0.149
0.149
0.149
0.149
0.149
0.149
0.149
0.15
0.15
0.15
0.15
0.15
0.15
0.15
0.15
0.15
0.15
0.15
0.15
0.15
0.151
0.151
0.151
0.151
0.151
0.151
0.151
0.151
0.151
0.151
0.151
0.152
0.152
0.152
0.152
0.152
0.152
0.152
0.152
0.152
0.152
0.152
0.152
0.152
0.153
0.153
0.153
0.153
0.153
0.153
0.153
0.153
0.153
0.153
0.153
0.153
0.153
0.153
0.153
0.153
0.153
0.154
0.154
0.154
0.154
0.154
0.154
0.154
0.154
0.154
0.155
0.155
0.155
0.155
0.155
0.155
0.155
0.155
0.155
0.156
0.156
0.156
0.156
0.156
0.156
0.156
0.156
0.156
0.156
0.156
0.157
0.157
0.157
0.157
0.157
0.157
0.157
0.157
0.157
0.157
0.157
0.157
0.157
0.158
0.158
0.158
0.158
0.158
0.158
0.158
0.158
0.158
0.158
0.158
0.158
0.159
0.159
0.159
0.159
0.159
0.159
0.159
0.159
0.159
0.159
0.159
0.159
0.159
0.159
0.16
0.16
0.16
0.16
0.16
0.16
0.16
0.16
0.16
0.161
0.161
0.161
0.161
0.161
0.161
0.162
0.162
0.162
0.162
0.162
0.162
0.162
0.162
0.162
0.162
0.163
0.163
0.163
0.163
0.163
0.163
0.163
0.163
0.163
0.163
0.164
0.164
0.164
0.164
0.164
0.164
0.164
0.164
0.164
0.164
0.164
0.164
0.164
0.165
0.165
0.165
0.165
0.165
0.165
0.166
0.166
0.166
0.166
0.166
0.166
0.166
0.166
0.166
0.167
0.167
0.167
0.167
0.167
0.167
0.168
0.168
0.168
0.168
0.169
0.169
0.169
0.169
0.169
0.169
0.169
0.169
0.169
0.169
0.17
0.17
0.17
0.17
0.17
0.17
0.17
0.17
0.17
0.171
0.171
0.171
0.171
0.171
0.172
0.172
0.172
0.172
0.172
0.173
0.173
0.173
0.173
0.174
0.174
0.174
0.174
0.174
0.174
0.174
0.174
0.174
0.175
0.175
0.175
0.175
0.175
0.175
0.175
0.176
0.176
0.176
0.176
0.176
0.176
0.176
0.176
0.176
0.176
0.177
0.177
0.177
0.177
0.177
0.177
0.177
0.177
0.178
0.178
0.178
0.178
0.179
0.179
0.179
0.179
0.179
0.179
0.18
0.18
0.18
0.18
0.18
0.18
0.181
0.181
0.181
0.181
0.181
0.182
0.182
0.182
0.182
0.182
0.182
0.182
0.182
0.182
0.183
0.183
0.183
0.183
0.183
0.183
0.184
0.184
0.184
0.184
0.185
0.185
0.185
0.186
0.186
0.186
0.187
0.187
0.187
0.187
0.187
0.187
0.188
0.188
0.188
0.188
0.188
0.188
0.189
0.19
0.19
0.19
0.191
0.191
0.191
0.192
0.192
0.192
0.192
0.193
0.193
0.194
0.194
0.194
0.194
0.194
0.194
0.195
0.195
0.196
0.196
0.196
0.196
0.196
0.197
0.197
0.197
0.199
0.199
0.199
0.199
0.199
0.199
0.2
0.201
0.201
0.201
0.201
0.201
0.202
0.202
0.202
0.202
0.202
0.204
0.204
0.204
0.204
0.204
0.205
0.206
0.206
0.206
0.206
0.207
0.207
0.207
0.208
0.209
0.209
0.211
0.211
0.211
0.212
0.212
0.212
0.213
0.213
0.213
0.213
0.214
0.214
0.215
0.216
0.216
0.216
0.218
0.218
0.218
0.219
0.219
0.22
0.22
0.22
0.221
0.221
0.222
0.222
0.222
0.223
0.223
0.223
0.223
0.224
0.224
0.226
0.226
0.228
0.229
0.229
0.23
0.23
0.231
0.232
0.232
0.233
0.234
0.235
0.235
0.235
0.235
0.239
0.24
0.24
0.24
0.241
0.241
0.241
0.242
0.242
0.244
0.245
0.246
0.247
0.247
0.248
0.248
0.249
0.249
0.249
0.25
0.251
0.252
0.252
0.254
0.254
0.257
0.258
0.258
0.258
0.259
0.259
0.261
0.262
0.262
0.262
0.263
0.263
0.264
0.264
0.265
0.265
0.266
0.267
0.268
0.269
0.27
0.27
0.27
0.271
0.271
0.271
0.271
0.274
0.275
0.275
0.275
0.276
0.276
0.276
0.277
0.28
0.28
0.282
0.284
0.284
0.285
0.286
0.286
0.286
0.287
0.287
0.288
0.289
0.29
0.291
0.292
0.293
0.294
0.296
0.296
0.296
0.299
0.301
0.302
0.303
0.303
0.303
0.304
0.306
0.307
0.308
0.311
0.312
0.312
0.314
0.317
0.318
0.318
0.319
0.322
0.324
0.325
0.325
0.325
0.329
0.334
0.338
0.34
0.344
0.345
0.345
0.345
0.349
0.349
0.35
0.351
0.353
0.353
0.354
0.359
0.359
0.363
0.363
0.37
0.373
0.373
0.374
0.375
0.377
0.379
0.38
0.381
0.389
0.391
0.393
0.394
0.397
0.399
0.403
0.41
0.417
0.423
0.426
0.431
0.433
0.435
0.435
0.438
0.439
0.441
0.441
0.445
0.448
0.458
0.475
0.478
0.484
0.485
0.488
0.489
0.501
0.503
0.507
0.525
0.527
0.53
0.533
0.544
0.555
0.567
0.572
0.575
0.577
0.589
0.615
0.618
0.637
0.653
0.688
0.709
0.712
