0.129
0.129
0.129
0.13
0.13
0.13
0.13
0.13
0.13
0.13
0.13
0.131
0.131
0.131
0.131
0.131
0.131
0.131
0.131
0.131
0.131
0.131
0.131
0.131
0.131
0.132
0.132
0.132
0.132
0.132
0.132
0.132
0.132
0.132
0.132
0.132
0.132
0.132
0.132
0.132
0.132
0.132
0.133
0.133
0.133
0.133
0.133
0.133
0.133
0.133
0.133
0.133
0.133
0.133
0.133
0.133
0.133
0.133
0.133
0.133
0.133
0.133
0.134
0.134
0.134
0.134
0.134
0.134
0.134
0.134
0.134
0.134
0.134
0.134
0.134
0.134
0.134
0.134
0.134
0.134
0.134
0.135
0.135
0.135
0.135
0.135
0.135
0.135
0.135
0.135
0.135
0.135
0.135
0.135
0.135
0.135
0.135
0.135
0.135
0.135
0.135
0.135
0.135
0.135
0.135
0.135
0.135
0.135
0.135
0.135
0.136
0.136
0.136
0.136
0.136
0.136
0.136
0.136
0.136
0.136
0.136
0.136
0.136
0.136
0.136
0.136
0.136
0.136
0.136
0.136
0.136
0.136
0.136
0.136
0.136
0.136
0.136
0.136
0.136
0.136
0.137
0.137
0.137
0.137
0.137
0.137
0.137
0.137
0.137
0.137
0.137
0.137
0.137
0.137
0.137
0.137
0.137
0.137
0.137
0.137
0.137
0.138
0.138
0.138
0.138
0.138
0.138
0.138
0.138
0.138
0.138
0.138
0.138
0.138
0.138
0.138
0.138
0.138
0.138
0.138
0.138
0.138
0.138
0.138
0.139
0.139
0.139
0.139
0.139
0.139
0.139
0.139
0.139
0.139
0.139
0.139
0.139
0.139
0.139
0.139
0.139
0.139
0.139
0.139
0.139
0.139
0.14
0.14
0.14
0.14
0.14
0.14
0.14
0.14
0.14
0.14
0.14
0.14
0.14
0.14
0.14
0.141
0.141
0.141
0.141
0.141
0.141
0.141
0.141
0.141
0.141
0.141
0.141
0.141
0.141
0.141
0.141
0.141
0.141
0.141
0.141
0.141
0.141
0.141
0.141
0.141
0.142
0.142
0.142
0.142
0.142
0.142
0.142
0.142
0.142
0.142
0.142
0.142
0.142
0.142
0.142
0.142
0.142
0.142
0.142
0.142
0.142
0.142
0.142
0.142
0.143
0.143
0.143
0.143
0.143
0.143
0.143
0.143
0.143
0.143
0.143
0.143
0.143
0.143
0.143
0.143
0.143
0.143
0.143
0.143
0.143
0.144
0.144
0.144
0.144
0.144
0.144
0.144
0.144
0.144
0.144
0.144
0.144
0.144
0.144
0.144
0.144
0.144
0.145
0.145
0.145
0.145
0.145
0.145
0.145
0.145
0.145
0.145
0.145
0.145
0.145
0.145
0.146
0.146
0.146
0.146
0.146
0.146
0.146
0.146
0.146
0.146
0.146
0.146
0.146
0.146
0.146
0.146
0.146
0.147
0.147
0.147
0.147
0.147
0.147
0.147
0.147
0.147
0.147
0.147
0.147
0.148
0.148
0.148
0.148
0.148
0.148
0.148
0.148
0.148
0.148
0.148
0.148
0.148
0.148
0.148
0.148
0.148
0.148
0.148
0.148
0.148
0.148
0.149
0.149
0.149
0.149
0.149
0.149
0.149
0.149
0.149
0.149
0.149
0.149
0.149
0.149
0.15
0.15
0.15
0.15
0.15
0.15
0.15
0.151
0.151
0.151
0.151
0.151
0.151
0.151
0.151
0.151
0.151
0.152
0.152
0.152
0.152
0.152
0.152
0.152
0.152
0.152
0.152
0.152
0.152
0.152
0.152
0.152
0.153
0.153
0.153
0.153
0.153
0.153
0.153
0.153
0.153
0.153
0.153
0.153
0.153
0.153
0.153
0.154
0.154
0.154
0.154
0.154
0.154
0.154
0.154
0.154
0.154
0.154
0.155
0.155
0.155
0.155
0.155
0.155
0.155
0.155
0.155
0.155
0.155
0.156
0.156
0.156
0.156
0.156
0.156
0.156
0.156
0.156
0.156
0.157
0.157
0.157
0.157
0.157
0.157
0.157
0.158
0.158
0.158
0.158
0.158
0.158
0.158
0.158
0.158
0.158
0.159
0.159
0.159
0.159
0.159
0.159
0.159
0.159
0.159
0.159
0.159
0.16
0.16
0.16
0.16
0.16
0.16
0.161
0.161
0.161
0.161
0.161
0.162
0.162
0.162
0.162
0.162
0.162
0.162
0.162
0.162
0.162
0.163
0.163
0.163
0.163
0.163
0.163
0.163
0.163
0.163
0.163
0.164
0.164
0.164
0.164
0.164
0.164
0.164
0.164
0.164
0.164
0.164
0.164
0.165
0.165
0.165
0.165
0.165
0.165
0.165
0.165
0.165
0.165
0.165
0.166
0.166
0.166
0.166
0.166
0.166
0.166
0.167
0.167
0.167
0.167
0.167
0.167
0.168
0.168
0.168
0.168
0.168
0.168
0.168
0.168
0.168
0.168
0.168
0.168
0.169
0.169
0.169
0.169
0.169
0.169
0.169
0.169
0.17
0.17
0.17
0.17
0.17
0.171
0.171
0.171
0.171
0.171
0.172
0.172
0.172
0.172
0.172
0.172
0.173
0.173
0.173
0.173
0.173
0.173
0.173
0.173
0.173
0.173
0.174
0.174
0.174
0.174
0.174
0.174
0.174
0.175
0.175
0.175
0.175
0.175
0.175
0.175
0.175
0.176
0.176
0.176
0.176
0.176
0.177
0.177
0.177
0.178
0.178
0.178
0.178
0.179
0.179
0.179
0.179
0.179
0.179
0.18
0.18
0.18
0.18
0.18
0.18
0.18
0.18
0.181
0.182
0.182
0.182
0.182
0.182
0.182
0.182
0.182
0.182
0.183
0.183
0.183
0.183
0.183
0.183
0.184
0.184
0.185
0.185
0.185
0.185
0.185
0.186
0.186
0.186
0.187
0.187
0.187
0.187
0.188
0.188
0.188
0.188
0.189
0.189
0.189
0.189
0.189
0.19
0.19
0.191
0.191
0.191
0.191
0.191
0.191
0.191
0.192
0.193
0.194
0.194
0.194
0.195
0.195
0.196
0.196
0.196
0.196
0.196
0.196
0.197
0.197
0.197
0.197
0.197
0.197
0.197
0.197
0.198
0.198
0.198
0.198
0.199
0.199
0.201
0.201
0.201
0.202
0.202
0.202
0.203
0.203
0.203
0.204
0.204
0.205
0.205
0.205
0.206
0.206
0.206
0.206
0.206
0.207
0.207
0.207
0.208
0.208
0.208
0.208
0.209
0.209
0.209
0.209
0.209
0.21
0.21
0.21
0.21
0.21
0.211
0.211
0.212
0.213
0.213
0.213
0.213
0.214
0.214
0.215
0.215
0.215
0.216
0.216
0.217
0.218
0.218
0.218
0.219
0.22
0.22
0.22
0.221
0.221
0.221
0.222
0.222
0.222
0.223
0.223
0.223
0.224
0.224
0.225
0.225
0.225
0.227
0.227
0.227
0.228
0.228
0.228
0.228
0.23
0.23
0.23
0.231
0.232
0.232
0.233
0.233
0.233
0.233
0.234
0.234
0.235
0.235
0.235
0.235
0.236
0.236
0.236
0.237
0.237
0.237
0.237
0.238
0.238
0.239
0.239
0.239
0.24
0.24
0.24
0.24
0.243
0.245
0.245
0.245
0.247
0.247
0.248
0.248
0.249
0.249
0.249
0.25
0.25
0.251
0.251
0.252
0.252
0.253
0.254
0.255
0.257
0.258
0.259
0.259
0.261
0.261
0.262
0.262
0.263
0.263
0.264
0.264
0.264
0.265
0.266
0.266
0.267
0.268
0.268
0.269
0.272
0.279
0.282
0.282
0.285
0.286
0.29
0.294
0.294
0.295
0.296
0.299
0.3
0.3
0.301
0.304
0.305
0.307
0.308
0.309
0.31
0.31
0.311
0.316
0.317
0.317
0.318
0.321
0.323
0.323
0.325
0.326
0.328
0.332
0.333
0.335
0.336
0.338
0.343
0.344
0.345
0.346
0.348
0.351
0.352
0.357
0.357
0.358
0.362
0.365
0.366
0.37
0.371
0.374
0.374
0.377
0.381
0.384
0.386
0.387
0.388
0.395
0.404
0.405
0.406
0.409
0.411
0.411
0.411
0.416
0.425
0.426
0.428
0.428
0.428
0.429
0.431
0.431
0.431
0.432
0.435
0.439
0.439
0.444
0.448
0.45
0.451
0.458
0.459
0.463
0.467
0.468
0.472
0.48
0.485
0.486
0.488
0.489
0.49
0.493
0.498
0.509
0.516
0.523
0.526
0.532
0.555
0.556
0.557
0.567
0.581
0.596
0.6
0.6
0.601
0.608
0.608
0.61
0.612
0.612
0.619
0.633
0.653
0.674
0.687
0.775
