0.128
0.129
0.13
0.13
0.13
0.13
0.13
0.13
0.13
0.13
0.13
0.13
0.13
0.13
0.13
0.131
0.131
0.131
0.131
0.131
0.131
0.131
0.131
0.131
0.131
0.131
0.131
0.131
0.131
0.131
0.131
0.131
0.131
0.132
0.132
0.132
0.132
0.132
0.132
0.132
0.132
0.132
0.132
0.132
0.132
0.132
0.132
0.132
0.132
0.132
0.132
0.132
0.132
0.132
0.132
0.132
0.132
0.132
0.132
0.132
0.132
0.132
0.132
0.132
0.133
0.133
0.133
0.133
0.133
0.133
0.133
0.133
0.133
0.133
0.133
0.133
0.133
0.133
0.133
0.133
0.133
0.133
0.133
0.133
0.133
0.133
0.133
0.133
0.133
0.133
0.133
0.133
0.133
0.133
0.133
0.133
0.133
0.134
0.134
0.134
0.134
0.134
0.134
0.134
0.134
0.134
0.134
0.134
0.134
0.134
0.134
0.134
0.134
0.134
0.134
0.134
0.134
0.134
0.134
0.134
0.134
0.134
0.134
0.135
0.135
0.135
0.135
0.135
0.135
0.135
0.135
0.135
0.135
0.135
0.135
0.135
0.135
0.135
0.135
0.135
0.135
0.135
0.135
0.135
0.135
0.135
0.135
0.136
0.136
0.136
0.136
0.136
0.136
0.136
0.136
0.136
0.136
0.136
0.136
0.136
0.136
0.136
0.136
0.136
0.136
0.136
0.136
0.136
0.136
0.136
0.136
0.136
0.136
0.136
0.136
0.137
0.137
0.137
0.137
0.137
0.137
0.137
0.137
0.137
0.137
0.137
0.137
0.137
0.137
0.137
0.137
0.137
0.137
0.138
0.138
0.138
0.138
0.138
0.138
0.138
0.138
0.138
0.138
0.138
0.138
0.138
0.138
0.138
0.138
0.138
0.138
0.138
0.138
0.138
0.138
0.138
0.138
0.138
0.138
0.139
0.139
0.139
0.139
0.139
0.139
0.139
0.139
0.139
0.139
0.139
0.139
0.139
0.139
0.139
0.139
0.139
0.139
0.139
0.139
0.14
0.14
0.14
0.14
0.14
0.14
0.14
0.14
0.14
0.14
0.14
0.14
0.14
0.14
0.14
0.14
0.14
0.141
0.141
0.141
0.141
0.141
0.141
0.141
0.141
0.141
0.141
0.141
0.141
0.141
0.141
0.141
0.142
0.142
0.142
0.142
0.142
0.142
0.142
0.142
0.142
0.142
0.142
0.142
0.142
0.142
0.142
0.142
0.143
0.143
0.143
0.143
0.143
0.143
0.143
0.143
0.143
0.143
0.143
0.143
0.143
0.143
0.143
0.143
0.143
0.143
0.144
0.144
0.144
0.144
0.144
0.144
0.144
0.144
0.144
0.144
0.144
0.144
0.144
0.144
0.144
0.144
0.144
0.144
0.145
0.145
0.145
0.145
0.145
0.145
0.145
0.145
0.145
0.145
0.145
0.145
0.145
0.145
0.145
0.145
0.146
0.146
0.146
0.146
0.146
0.146
0.146
0.146
0.146
0.146
0.147
0.147
0.147
0.147
0.147
0.147
0.147
0.147
0.147
0.147
0.147
0.147
0.147
0.147
0.147
0.147
0.147
0.147
0.148
0.148
0.148
0.148
0.148
0.148
0.148
0.148
0.148
0.148
0.149
0.149
0.149
0.149
0.149
0.149
0.149
0.149
0.149
0.149
0.149
0.15
0.15
0.15
0.15
0.15
0.15
0.15
0.15
0.15
0.15
0.15
0.151
0.151
0.151
0.151
0.151
0.151
0.151
0.151
0.151
0.151
0.151
0.152
0.152
0.152
0.152
0.152
0.152
0.152
0.152
0.152
0.152
0.152
0.153
0.153
0.153
0.153
0.153
0.153
0.153
0.153
0.153
0.153
0.153
0.153
0.153
0.153
0.153
0.154
0.154
0.154
0.154
0.154
0.154
0.154
0.154
0.154
0.154
0.155
0.155
0.155
0.155
0.155
0.155
0.155
0.155
0.155
0.155
0.155
0.155
0.156
0.156
0.156
0.156
0.156
0.156
0.156
0.156
0.156
0.156
0.156
0.156
0.156
0.156
0.156
0.156
0.157
0.157
0.157
0.157
0.157
0.157
0.157
0.157
0.158
0.158
0.158
0.158
0.158
0.158
0.159
0.159
0.159
0.159
0.159
0.159
0.16
0.16
0.16
0.16
0.16
0.16
0.16
0.16
0.16
0.16
0.161
0.161
0.161
0.161
0.161
0.162
0.162
0.162
0.162
0.162
0.162
0.163
0.163
0.163
0.163
0.163
0.163
0.163
0.163
0.163
0.163
0.164
0.164
0.164
0.164
0.164
0.164
0.164
0.164
0.165
0.165
0.165
0.165
0.165
0.165
0.166
0.166
0.166
0.166
0.166
0.166
0.166
0.166
0.166
0.166
0.166
0.166
0.167
0.167
0.167
0.167
0.167
0.167
0.167
0.167
0.167
0.168
0.168
0.168
0.168
0.168
0.168
0.168
0.168
0.169
0.169
0.169
0.169
0.169
0.169
0.169
0.169
0.169
0.169
0.169
0.169
0.17
0.17
0.17
0.17
0.17
0.17
0.171
0.171
0.171
0.172
0.172
0.172
0.173
0.173
0.173
0.173
0.174
0.174
0.174
0.174
0.174
0.174
0.174
0.174
0.175
0.175
0.175
0.175
0.175
0.175
0.176
0.176
0.176
0.176
0.176
0.176
0.176
0.176
0.176
0.176
0.177
0.177
0.177
0.178
0.178
0.178
0.178
0.178
0.178
0.179
0.179
0.179
0.179
0.179
0.179
0.179
0.18
0.18
0.18
0.18
0.18
0.181
0.181
0.181
0.181
0.181
0.181
0.181
0.181
0.181
0.181
0.181
0.182
0.182
0.182
0.183
0.183
0.183
0.183
0.184
0.184
0.184
0.184
0.184
0.184
0.184
0.184
0.185
0.185
0.186
0.186
0.187
0.187
0.187
0.187
0.187
0.187
0.187
0.189
0.189
0.19
0.19
0.19
0.19
0.19
0.19
0.19
0.191
0.191
0.191
0.191
0.191
0.191
0.191
0.192
0.192
0.193
0.193
0.194
0.194
0.194
0.194
0.194
0.195
0.195
0.196
0.196
0.196
0.197
0.198
0.198
0.198
0.198
0.198
0.199
0.199
0.199
0.2
0.2
0.2
0.2
0.2
0.201
0.202
0.202
0.202
0.202
0.202
0.202
0.202
0.203
0.203
0.203
0.204
0.205
0.205
0.206
0.206
0.206
0.207
0.207
0.207
0.207
0.208
0.208
0.208
0.208
0.209
0.209
0.209
0.21
0.21
0.21
0.211
0.211
0.212
0.212
0.212
0.212
0.213
0.213
0.214
0.214
0.214
0.214
0.214
0.214
0.215
0.215
0.215
0.216
0.216
0.218
0.218
0.218
0.219
0.219
0.22
0.22
0.22
0.22
0.221
0.221
0.222
0.222
0.222
0.223
0.223
0.223
0.224
0.225
0.226
0.226
0.226
0.227
0.227
0.228
0.228
0.229
0.229
0.23
0.231
0.232
0.232
0.232
0.232
0.233
0.234
0.236
0.236
0.236
0.237
0.237
0.238
0.238
0.239
0.24
0.24
0.24
0.24
0.241
0.241
0.242
0.242
0.243
0.243
0.243
0.243
0.244
0.244
0.244
0.244
0.245
0.247
0.247
0.25
0.251
0.251
0.253
0.253
0.253
0.253
0.254
0.256
0.257
0.257
0.258
0.258
0.258
0.259
0.259
0.261
0.262
0.262
0.263
0.263
0.263
0.264
0.264
0.264
0.265
0.265
0.265
0.267
0.267
0.268
0.268
0.27
0.27
0.273
0.273
0.274
0.274
0.276
0.276
0.276
0.277
0.277
0.278
0.279
0.28
0.28
0.282
0.283
0.284
0.284
0.285
0.285
0.285
0.286
0.286
0.287
0.288
0.29
0.29
0.291
0.291
0.291
0.292
0.292
0.294
0.295
0.297
0.297
0.299
0.3
0.304
0.305
0.305
0.305
0.306
0.308
0.31
0.311
0.312
0.314
0.314
0.315
0.319
0.319
0.319
0.323
0.324
0.325
0.329
0.329
0.329
0.33
0.332
0.333
0.333
0.336
0.336
0.337
0.337
0.338
0.343
0.343
0.346
0.346
0.347
0.352
0.352
0.357
0.359
0.36
0.36
0.361
0.362
0.363
0.375
0.38
0.381
0.385
0.386
0.394
0.397
0.407
0.41
0.416
0.418
0.424
0.428
0.432
0.435
0.436
0.446
0.447
0.447
0.453
0.454
0.458
0.471
0.477
0.477
0.485
0.496
0.506
0.522
0.523
0.532
0.539
0.545
0.557
0.558
0.565
0.582
0.589
0.592
0.61
0.619
0.65
0.663
0.67
0.692
0.709
0.712
0.719
0.726
0.73
