0.129
0.129
0.13
0.13
0.13
0.13
0.131
0.131
0.131
0.131
0.131
0.131
0.131
0.131
0.131
0.131
0.131
0.131
0.131
0.131
0.131
0.131
0.131
0.131
0.131
0.131
0.132
0.132
0.132
0.132
0.132
0.132
0.132
0.132
0.132
0.132
0.132
0.132
0.132
0.132
0.132
0.132
0.132
0.132
0.132
0.132
0.132
0.132
0.133
0.133
0.133
0.133
0.133
0.133
0.133
0.133
0.133
0.133
0.133
0.133
0.133
0.133
0.133
0.133
0.133
0.133
0.133
0.134
0.134
0.134
0.134
0.134
0.134
0.134
0.134
0.134
0.134
0.134
0.134
0.134
0.134
0.134
0.134
0.134
0.134
0.134
0.134
0.134
0.134
0.134
0.134
0.134
0.134
0.134
0.134
0.134
0.134
0.134
0.134
0.134
0.134
0.134
0.134
0.134
0.134
0.135
0.135
0.135
0.135
0.135
0.135
0.135
0.135
0.135
0.135
0.135
0.135
0.135
0.135
0.135
0.135
0.135
0.135
0.135
0.136
0.136
0.136
0.136
0.136
0.136
0.136
0.136
0.136
0.136
0.136
0.136
0.136
0.136
0.136
0.136
0.136
0.136
0.136
0.136
0.136
0.136
0.136
0.136
0.136
0.136
0.136
0.136
0.136
0.136
0.136
0.136
0.136
0.137
0.137
0.137
0.137
0.137
0.137
0.137
0.137
0.137
0.137
0.137
0.137
0.137
0.137
0.137
0.137
0.137
0.137
0.137
0.137
0.138
0.138
0.138
0.138
0.138
0.138
0.138
0.138
0.138
0.138
0.138
0.138
0.138
0.138
0.138
0.139
0.139
0.139
0.139
0.139
0.139
0.139
0.139
0.139
0.139
0.139
0.139
0.139
0.139
0.139
0.139
0.139
0.139
0.139
0.139
0.139
0.139
0.139
0.14
0.14
0.14
0.14
0.14
0.14
0.14
0.14
0.14
0.14
0.14
0.14
0.14
0.14
0.14
0.14
0.14
0.141
0.141
0.141
0.141
0.141
0.141
0.141
0.141
0.141
0.141
0.141
0.141
0.141
0.141
0.141
0.141
0.141
0.141
0.141
0.141
0.141
0.141
0.142
0.142
0.142
0.142
0.142
0.142
0.142
0.142
0.142
0.142
0.142
0.142
0.142
0.142
0.142
0.142
0.142
0.142
0.142
0.142
0.142
0.142
0.142
0.142
0.142
0.143
0.143
0.143
0.143
0.143
0.143
0.143
0.143
0.143
0.143
0.143
0.143
0.143
0.143
0.143
0.143
0.143
0.144
0.144
0.144
0.144
0.144
0.144
0.144
0.144
0.144
0.144
0.144
0.144
0.144
0.144
0.144
0.144
0.144
0.144
0.145
0.145
0.145
0.145
0.145
0.145
0.145
0.145
0.145
0.145
0.145
0.145
0.145
0.145
0.146
0.146
0.146
0.146
0.146
0.146
0.146
0.146
0.147
0.147
0.147
0.147
0.147
0.147
0.147
0.147
0.147
0.147
0.147
0.147
0.147
0.147
0.147
0.147
0.148
0.148
0.148
0.148
0.148
0.148
0.148
0.148
0.148
0.148
0.148
0.148
0.148
0.148
0.148
0.149
0.149
0.149
0.149
0.149
0.149
0.149
0.149
0.149
0.149
0.149
0.149
0.149
0.149
0.149
0.149
0.15
0.15
0.15
0.15
0.15
0.15
0.15
0.15
0.15
0.15
0.151
0.151
0.151
0.151
0.151
0.151
0.151
0.151
0.151
0.151
0.151
0.151
0.151
0.151
0.151
0.151
0.151
0.151
0.151
0.152
0.152
0.152
0.152
0.153
0.153
0.153
0.153
0.153
0.153
0.153
0.153
0.153
0.153
0.153
0.153
0.153
0.154
0.154
0.154
0.154
0.154
0.154
0.154
0.154
0.154
0.155
0.155
0.155
0.155
0.155
0.155
0.155
0.155
0.155
0.155
0.155
0.155
0.155
0.155
0.155
0.156
0.156
0.156
0.156
0.156
0.156
0.156
0.156
0.156
0.156
0.157
0.157
0.157
0.157
0.157
0.157
0.157
0.157
0.158
0.158
0.158
0.158
0.158
0.158
0.158
0.158
0.159
0.159
0.159
0.159
0.159
0.159
0.159
0.159
0.159
0.16
0.16
0.16
0.16
0.16
0.16
0.16
0.16
0.16
0.16
0.16
0.161
0.161
0.161
0.161
0.161
0.161
0.161
0.161
0.162
0.162
0.162
0.162
0.162
0.162
0.162
0.162
0.162
0.162
0.162
0.163
0.163
0.163
0.163
0.163
0.163
0.163
0.163
0.163
0.163
0.164
0.164
0.165
0.165
0.165
0.165
0.165
0.165
0.166
0.166
0.166
0.166
0.166
0.166
0.167
0.167
0.167
0.167
0.167
0.167
0.167
0.168
0.168
0.168
0.168
0.168
0.168
0.168
0.169
0.169
0.169
0.169
0.169
0.169
0.169
0.169
0.17
0.17
0.17
0.17
0.17
0.171
0.171
0.171
0.171
0.171
0.171
0.172
0.172
0.172
0.172
0.172
0.172
0.172
0.172
0.172
0.172
0.172
0.173
0.173
0.173
0.174
0.174
0.174
0.174
0.175
0.175
0.175
0.175
0.176
0.176
0.176
0.176
0.176
0.176
0.176
0.177
0.177
0.177
0.177
0.177
0.177
0.177
0.177
0.177
0.177
0.177
0.178
0.178
0.178
0.178
0.178
0.179
0.179
0.179
0.179
0.179
0.18
0.18
0.18
0.18
0.18
0.18
0.181
0.181
0.181
0.181
0.181
0.181
0.182
0.182
0.182
0.183
0.183
0.183
0.183
0.183
0.184
0.184
0.184
0.185
0.185
0.185
0.185
0.185
0.185
0.185
0.186
0.186
0.186
0.186
0.186
0.186
0.186
0.186
0.186
0.187
0.187
0.187
0.188
0.188
0.188
0.188
0.188
0.188
0.188
0.189
0.189
0.189
0.189
0.189
0.19
0.19
0.19
0.191
0.191
0.192
0.192
0.193
0.193
0.193
0.193
0.193
0.193
0.193
0.194
0.194
0.194
0.194
0.196
0.196
0.196
0.196
0.196
0.196
0.197
0.197
0.198
0.198
0.198
0.198
0.198
0.198
0.198
0.198
0.199
0.199
0.199
0.2
0.2
0.201
0.201
0.201
0.201
0.201
0.202
0.202
0.203
0.203
0.203
0.203
0.203
0.204
0.204
0.204
0.204
0.205
0.205
0.205
0.205
0.206
0.206
0.206
0.206
0.207
0.207
0.207
0.209
0.209
0.209
0.209
0.21
0.21
0.21
0.21
0.211
0.211
0.211
0.211
0.212
0.212
0.212
0.213
0.213
0.214
0.216
0.216
0.216
0.216
0.216
0.216
0.217
0.217
0.217
0.217
0.217
0.218
0.218
0.218
0.218
0.219
0.219
0.219
0.22
0.221
0.222
0.223
0.223
0.223
0.224
0.224
0.224
0.224
0.225
0.225
0.225
0.226
0.226
0.226
0.227
0.227
0.227
0.228
0.228
0.229
0.23
0.23
0.231
0.231
0.232
0.232
0.232
0.233
0.233
0.233
0.234
0.234
0.235
0.235
0.235
0.236
0.237
0.238
0.238
0.239
0.24
0.24
0.241
0.241
0.242
0.242
0.242
0.242
0.242
0.243
0.244
0.246
0.248
0.249
0.251
0.252
0.252
0.252
0.252
0.253
0.253
0.253
0.254
0.254
0.255
0.256
0.256
0.258
0.258
0.259
0.26
0.262
0.262
0.263
0.264
0.264
0.265
0.265
0.269
0.27
0.271
0.272
0.274
0.274
0.275
0.276
0.276
0.277
0.277
0.278
0.28
0.281
0.282
0.283
0.283
0.288
0.289
0.292
0.292
0.293
0.296
0.296
0.298
0.299
0.299
0.3
0.301
0.303
0.303
0.304
0.304
0.306
0.306
0.307
0.309
0.31
0.311
0.312
0.314
0.316
0.318
0.318
0.319
0.322
0.328
0.329
0.329
0.331
0.331
0.332
0.332
0.335
0.338
0.338
0.341
0.342
0.342
0.343
0.344
0.346
0.347
0.35
0.353
0.355
0.358
0.359
0.36
0.36
0.362
0.362
0.364
0.365
0.366
0.377
0.379
0.379
0.386
0.388
0.39
0.391
0.394
0.397
0.398
0.399
0.4
0.402
0.403
0.403
0.404
0.414
0.416
0.422
0.422
0.423
0.424
0.425
0.425
0.425
0.426
0.426
0.426
0.427
0.429
0.43
0.432
0.435
0.437
0.44
0.442
0.448
0.452
0.457
0.458
0.459
0.471
0.471
0.479
0.487
0.496
0.512
0.516
0.529
0.531
0.536
0.548
0.552
0.562
0.568
0.568
0.579
0.587
0.627
0.65
0.662
0.687
0.733
0.788
