0.127
0.129
0.129
0.13
0.13
0.13
0.13
0.13
0.13
0.13
0.13
0.131
0.131
0.131
0.131
0.131
0.131
0.131
0.131
0.131
0.131
0.131
0.131
0.131
0.131
0.131
0.131
0.131
0.132
0.132
0.132
0.132
0.132
0.132
0.132
0.132
0.132
0.132
0.132
0.132
0.132
0.132
0.132
0.132
0.132
0.132
0.132
0.132
0.132
0.132
0.132
0.132
0.132
0.132
0.132
0.132
0.133
0.133
0.133
0.133
0.133
0.133
0.133
0.133
0.133
0.133
0.133
0.133
0.133
0.133
0.133
0.133
0.133
0.133
0.133
0.133
0.133
0.133
0.133
0.133
0.133
0.133
0.133
0.134
0.134
0.134
0.134
0.134
0.134
0.134
0.134
0.134
0.134
0.134
0.134
0.134
0.134
0.134
0.134
0.134
0.135
0.135
0.135
0.135
0.135
0.135
0.135
0.135
0.135
0.135
0.135
0.135
0.135
0.135
0.135
0.135
0.135
0.136
0.136
0.136
0.136
0.136
0.136
0.136
0.136
0.136
0.136
0.136
0.136
0.136
0.136
0.136
0.136
0.136
0.137
0.137
0.137
0.137
0.137
0.137
0.137
0.137
0.137
0.137
0.137
0.137
0.137
0.137
0.137
0.137
0.137
0.137
0.137
0.137
0.137
0.137
0.138
0.138
0.138
0.138
0.138
0.138
0.138
0.138
0.138
0.138
0.138
0.138
0.138
0.138
0.138
0.138
0.138
0.138
0.138
0.139
0.139
0.139
0.139
0.139
0.139
0.139
0.139
0.139
0.139
0.139
0.139
0.139
0.139
0.139
0.139
0.14
0.14
0.14
0.14
0.14
0.14
0.14
0.14
0.14
0.14
0.14
0.14
0.14
0.14
0.14
0.14
0.14
0.14
0.14
0.14
0.14
0.14
0.14
0.141
0.141
0.141
0.141
0.141
0.141
0.141
0.141
0.141
0.141
0.141
0.141
0.141
0.141
0.141
0.141
0.141
0.141
0.141
0.141
0.141
0.141
0.142
0.142
0.142
0.142
0.142
0.142
0.142
0.142
0.142
0.142
0.142
0.142
0.142
0.142
0.142
0.142
0.142
0.142
0.143
0.143
0.143
0.143
0.143
0.143
0.143
0.143
0.143
0.143
0.143
0.143
0.143
0.143
0.143
0.143
0.143
0.143
0.143
0.143
0.143
0.143
0.144
0.144
0.144
0.144
0.144
0.144
0.144
0.144
0.144
0.144
0.144
0.144
0.144
0.144
0.144
0.144
0.144
0.144
0.144
0.144
0.144
0.144
0.144
0.144
0.144
0.145
0.145
0.145
0.145
0.145
0.145
0.145
0.145
0.145
0.145
0.145
0.145
0.145
0.145
0.145
0.145
0.145
0.145
0.145
0.145
0.145
0.145
0.145
0.145
0.145
0.145
0.146
0.146
0.146
0.146
0.146
0.146
0.146
0.146
0.146
0.146
0.146
0.146
0.146
0.146
0.147
0.147
0.147
0.147
0.147
0.147
0.147
0.147
0.147
0.147
0.147
0.147
0.147
0.147
0.147
0.147
0.147
0.147
0.148
0.148
0.148
0.148
0.148
0.148
0.148
0.148
0.148
0.148
0.148
0.148
0.148
0.148
0.148
0.148
0.149
0.149
0.149
0.149
0.149
0.149
0.149
0.149
0.149
0.149
0.15
0.15
0.15
0.15
0.15
0.15
0.15
0.15
0.15
0.15
0.15
0.15
0.151
0.151
0.151
0.151
0.151
0.151
0.151
0.151
0.151
0.151
0.151
0.151
0.151
0.152
0.152
0.152
0.152
0.152
0.152
0.152
0.152
0.152
0.152
0.152
0.152
0.152
0.152
0.152
0.152
0.153
0.153
0.153
0.153
0.153
0.153
0.154
0.154
0.154
0.154
0.154
0.154
0.154
0.154
0.155
0.155
0.155
0.155
0.155
0.155
0.155
0.155
0.155
0.155
0.155
0.155
0.156
0.156
0.156
0.156
0.156
0.156
0.156
0.156
0.156
0.157
0.157
0.157
0.157
0.157
0.157
0.157
0.157
0.157
0.157
0.157
0.157
0.157
0.158
0.158
0.158
0.158
0.158
0.158
0.158
0.158
0.158
0.158
0.158
0.158
0.158
0.159
0.159
0.159
0.159
0.159
0.159
0.16
0.16
0.16
0.16
0.16
0.16
0.16
0.161
0.161
0.161
0.161
0.161
0.162
0.162
0.162
0.162
0.162
0.162
0.162
0.162
0.162
0.163
0.163
0.163
0.163
0.163
0.163
0.164
0.164
0.164
0.164
0.164
0.164
0.164
0.164
0.165
0.165
0.165
0.165
0.165
0.165
0.165
0.165
0.165
0.166
0.166
0.166
0.166
0.166
0.167
0.167
0.167
0.167
0.167
0.167
0.167
0.167
0.167
0.167
0.167
0.167
0.167
0.167
0.168
0.168
0.168
0.168
0.168
0.169
0.169
0.169
0.169
0.169
0.169
0.169
0.169
0.169
0.169
0.169
0.169
0.169
0.17
0.17
0.17
0.17
0.171
0.171
0.171
0.171
0.171
0.171
0.171
0.171
0.171
0.171
0.172
0.172
0.172
0.172
0.172
0.172
0.172
0.172
0.173
0.173
0.174
0.174
0.174
0.175
0.175
0.175
0.176
0.176
0.176
0.176
0.177
0.177
0.177
0.177
0.177
0.177
0.177
0.177
0.177
0.177
0.177
0.177
0.178
0.178
0.178
0.178
0.178
0.178
0.178
0.178
0.178
0.178
0.178
0.179
0.179
0.179
0.179
0.179
0.18
0.18
0.18
0.18
0.18
0.18
0.18
0.181
0.181
0.181
0.181
0.181
0.181
0.181
0.181
0.182
0.182
0.182
0.182
0.182
0.182
0.182
0.183
0.183
0.183
0.183
0.183
0.183
0.184
0.184
0.184
0.184
0.184
0.185
0.185
0.186
0.186
0.186
0.186
0.186
0.186
0.187
0.187
0.187
0.187
0.188
0.188
0.188
0.188
0.188
0.189
0.19
0.19
0.19
0.19
0.19
0.19
0.19
0.191
0.191
0.191
0.191
0.192
0.192
0.192
0.192
0.192
0.192
0.193
0.193
0.193
0.193
0.193
0.194
0.194
0.194
0.194
0.194
0.194
0.194
0.195
0.195
0.196
0.196
0.196
0.197
0.197
0.197
0.197
0.198
0.198
0.198
0.198
0.198
0.199
0.199
0.199
0.2
0.201
0.201
0.201
0.202
0.202
0.203
0.203
0.204
0.204
0.204
0.205
0.205
0.205
0.206
0.206
0.206
0.206
0.206
0.207
0.207
0.208
0.208
0.208
0.209
0.209
0.21
0.21
0.21
0.211
0.211
0.211
0.211
0.211
0.211
0.211
0.211
0.212
0.212
0.213
0.214
0.215
0.215
0.215
0.216
0.217
0.217
0.217
0.217
0.218
0.219
0.219
0.22
0.22
0.22
0.221
0.221
0.221
0.222
0.222
0.223
0.223
0.225
0.226
0.226
0.227
0.227
0.227
0.228
0.228
0.229
0.229
0.23
0.23
0.23
0.23
0.232
0.232
0.232
0.234
0.235
0.235
0.235
0.236
0.236
0.236
0.237
0.237
0.238
0.238
0.238
0.238
0.24
0.241
0.241
0.242
0.242
0.242
0.243
0.244
0.244
0.244
0.244
0.245
0.245
0.245
0.247
0.25
0.25
0.25
0.25
0.25
0.252
0.252
0.253
0.253
0.253
0.254
0.254
0.255
0.256
0.256
0.256
0.257
0.257
0.259
0.259
0.261
0.261
0.262
0.262
0.262
0.262
0.264
0.264
0.265
0.266
0.266
0.268
0.27
0.271
0.273
0.273
0.274
0.275
0.276
0.277
0.279
0.279
0.281
0.282
0.286
0.286
0.288
0.289
0.289
0.29
0.293
0.295
0.296
0.296
0.298
0.301
0.301
0.301
0.303
0.303
0.303
0.304
0.304
0.304
0.305
0.306
0.306
0.31
0.312
0.312
0.314
0.316
0.316
0.317
0.317
0.318
0.319
0.321
0.323
0.327
0.329
0.329
0.331
0.331
0.333
0.336
0.338
0.338
0.34
0.341
0.343
0.345
0.348
0.351
0.352
0.355
0.355
0.356
0.358
0.358
0.358
0.36
0.363
0.363
0.371
0.371
0.372
0.374
0.375
0.378
0.384
0.39
0.391
0.392
0.393
0.394
0.404
0.408
0.409
0.413
0.415
0.416
0.422
0.424
0.425
0.428
0.433
0.435
0.44
0.444
0.447
0.448
0.45
0.45
0.451
0.457
0.46
0.461
0.462
0.465
0.466
0.494
0.495
0.498
0.502
0.506
0.515
0.532
0.534
0.57
0.596
0.6
0.61
0.649
0.651
0.654
0.689
0.69
0.748
0.801
