0.184
0.188
0.189
0.19
0.191
0.191
0.192
0.193
0.193
0.193
0.194
0.194
0.194
0.194
0.194
0.195
0.195
0.195
0.196
0.196
0.196
0.197
0.197
0.197
0.197
0.197
0.197
0.197
0.197
0.198
0.198
0.198
0.198
0.198
0.198
0.198
0.198
0.198
0.198
0.198
0.199
0.199
0.199
0.199
0.199
0.199
0.199
0.199
0.199
0.199
0.199
0.2
0.2
0.2
0.2
0.2
0.2
0.2
0.2
0.2
0.2
0.2
0.2
0.201
0.201
0.201
0.201
0.201
0.201
0.201
0.201
0.201
0.201
0.201
0.201
0.201
0.201
0.201
0.202
0.202
0.202
0.202
0.202
0.202
0.202
0.202
0.202
0.202
0.202
0.202
0.202
0.202
0.202
0.202
0.202
0.202
0.202
0.202
0.202
0.202
0.202
0.202
0.202
0.202
0.202
0.203
0.203
0.203
0.203
0.203
0.203
0.203
0.203
0.203
0.203
0.203
0.203
0.203
0.203
0.203
0.204
0.204
0.204
0.204
0.204
0.204
0.204
0.204
0.204
0.204
0.204
0.204
0.204
0.204
0.204
0.204
0.205
0.205
0.205
0.205
0.205
0.205
0.205
0.205
0.205
0.205
0.205
0.205
0.205
0.205
0.205
0.205
0.205
0.205
0.205
0.206
0.206
0.206
0.206
0.206
0.206
0.206
0.206
0.206
0.206
0.206
0.206
0.206
0.206
0.206
0.206
0.206
0.206
0.206
0.206
0.206
0.207
0.207
0.207
0.207
0.207
0.207
0.207
0.207
0.207
0.207
0.207
0.207
0.207
0.207
0.207
0.207
0.207
0.207
0.207
0.207
0.208
0.208
0.208
0.208
0.208
0.208
0.208
0.208
0.208
0.208
0.208
0.208
0.208
0.208
0.208
0.208
0.208
0.208
0.208
0.208
0.208
0.208
0.208
0.208
0.208
0.208
0.208
0.208
0.208
0.208
0.208
0.208
0.209
0.209
0.209
0.209
0.209
0.209
0.209
0.209
0.209
0.209
0.209
0.209
0.209
0.209
0.209
0.209
0.209
0.209
0.209
0.209
0.209
0.209
0.209
0.209
0.209
0.209
0.21
0.21
0.21
0.21
0.21
0.21
0.21
0.21
0.21
0.21
0.21
0.21
0.21
0.21
0.21
0.21
0.21
0.21
0.21
0.21
0.21
0.21
0.21
0.211
0.211
0.211
0.211
0.211
0.211
0.211
0.211
0.211
0.211
0.211
0.211
0.211
0.211
0.211
0.211
0.211
0.211
0.211
0.211
0.211
0.211
0.211
0.211
0.211
0.212
0.212
0.212
0.212
0.212
0.212
0.212
0.212
0.212
0.212
0.212
0.212
0.212
0.212
0.212
0.212
0.212
0.212
0.212
0.212
0.212
0.212
0.212
0.212
0.212
0.212
0.212
0.212
0.212
0.212
0.212
0.213
0.213
0.213
0.213
0.213
0.213
0.213
0.213
0.213
0.213
0.213
0.213
0.213
0.213
0.213
0.213
0.213
0.213
0.213
0.213
0.213
0.213
0.213
0.213
0.213
0.213
0.214
0.214
0.214
0.214
0.214
0.214
0.214
0.214
0.214
0.214
0.214
0.214
0.214
0.214
0.214
0.214
0.214
0.214
0.214
0.214
0.214
0.214
0.214
0.214
0.214
0.214
0.214
0.215
0.215
0.215
0.215
0.215
0.215
0.215
0.215
0.215
0.215
0.215
0.215
0.215
0.215
0.215
0.216
0.216
0.216
0.216
0.216
0.216
0.216
0.216
0.216
0.216
0.216
0.216
0.216
0.216
0.216
0.216
0.217
0.217
0.217
0.217
0.217
0.217
0.217
0.217
0.217
0.217
0.217
0.217
0.217
0.217
0.217
0.217
0.217
0.217
0.217
0.217
0.217
0.217
0.217
0.217
0.218
0.218
0.218
0.218
0.218
0.218
0.218
0.218
0.218
0.218
0.218
0.218
0.218
0.218
0.218
0.218
0.218
0.218
0.218
0.218
0.218
0.218
0.218
0.218
0.218
0.219
0.219
0.219
0.219
0.219
0.219
0.219
0.219
0.219
0.219
0.219
0.219
0.219
0.219
0.219
0.219
0.219
0.219
0.219
0.219
0.219
0.219
0.219
0.22
0.22
0.22
0.22
0.22
0.22
0.22
0.22
0.22
0.22
0.22
0.22
0.22
0.22
0.22
0.22
0.22
0.221
0.221
0.221
0.221
0.221
0.221
0.221
0.221
0.221
0.221
0.221
0.221
0.221
0.221
0.221
0.221
0.221
0.221
0.221
0.221
0.221
0.221
0.222
0.222
0.222
0.222
0.222
0.222
0.222
0.222
0.222
0.222
0.222
0.222
0.222
0.222
0.222
0.222
0.222
0.222
0.222
0.222
0.222
0.223
0.223
0.223
0.223
0.223
0.223
0.223
0.223
0.223
0.223
0.224
0.224
0.224
0.224
0.224
0.224
0.224
0.224
0.224
0.224
0.224
0.224
0.224
0.224
0.225
0.225
0.225
0.225
0.225
0.225
0.226
0.226
0.226
0.226
0.226
0.226
0.226
0.226
0.226
0.226
0.226
0.227
0.227
0.227
0.227
0.227
0.227
0.227
0.227
0.227
0.227
0.227
0.228
0.228
0.228
0.228
0.228
0.228
0.228
0.228
0.228
0.228
0.228
0.229
0.229
0.229
0.229
0.229
0.23
0.23
0.23
0.23
0.23
0.23
0.23
0.23
0.23
0.23
0.23
0.231
0.231
0.231
0.231
0.231
0.231
0.231
0.231
0.231
0.232
0.232
0.232
0.232
0.232
0.233
0.233
0.233
0.233
0.233
0.233
0.233
0.233
0.233
0.233
0.233
0.233
0.233
0.233
0.233
0.233
0.233
0.233
0.233
0.234
0.234
0.234
0.235
0.235
0.235
0.235
0.235
0.235
0.235
0.236
0.236
0.236
0.236
0.236
0.236
0.236
0.236
0.237
0.237
0.237
0.237
0.237
0.237
0.237
0.238
0.238
0.238
0.238
0.238
0.238
0.238
0.239
0.239
0.239
0.239
0.239
0.24
0.24
0.24
0.24
0.24
0.24
0.241
0.241
0.241
0.241
0.242
0.242
0.242
0.242
0.242
0.243
0.243
0.244
0.244
0.244
0.244
0.244
0.244
0.245
0.245
0.245
0.245
0.246
0.246
0.246
0.246
0.247
0.247
0.247
0.247
0.247
0.247
0.248
0.248
0.248
0.248
0.248
0.249
0.249
0.249
0.249
0.25
0.25
0.25
0.25
0.251
0.251
0.251
0.251
0.252
0.252
0.252
0.252
0.252
0.252
0.253
0.253
0.253
0.253
0.253
0.254
0.254
0.255
0.255
0.255
0.256
0.256
0.256
0.257
0.257
0.257
0.257
0.257
0.258
0.258
0.258
0.258
0.258
0.258
0.259
0.26
0.26
0.26
0.26
0.26
0.261
0.261
0.261
0.261
0.262
0.262
0.262
0.262
0.263
0.263
0.263
0.263
0.263
0.264
0.264
0.264
0.264
0.265
0.265
0.265
0.265
0.265
0.265
0.266
0.266
0.267
0.267
0.267
0.267
0.268
0.268
0.268
0.269
0.269
0.269
0.269
0.269
0.27
0.27
0.27
0.271
0.271
0.271
0.272
0.272
0.272
0.272
0.272
0.272
0.273
0.273
0.274
0.274
0.275
0.275
0.275
0.276
0.277
0.277
0.277
0.278
0.278
0.278
0.279
0.279
0.281
0.282
0.282
0.283
0.285
0.285
0.285
0.285
0.286
0.286
0.287
0.288
0.289
0.291
0.293
0.293
0.293
0.293
0.293
0.294
0.294
0.294
0.295
0.296
0.298
0.298
0.301
0.303
0.303
0.304
0.306
0.306
0.307
0.309
0.31
0.312
0.312
0.313
0.314
0.315
0.316
0.317
0.317
0.318
0.318
0.318
0.319
0.32
0.32
0.32
0.321
0.321
0.322
0.323
0.324
0.325
0.328
0.331
0.331
0.333
0.333
0.333
0.334
0.334
0.335
0.338
0.34
0.34
0.341
0.342
0.343
0.344
0.345
0.348
0.353
0.353
0.354
0.359
0.361
0.361
0.363
0.364
0.365
0.367
0.369
0.369
0.371
0.371
0.374
0.375
0.375
0.376
0.38
0.381
0.383
0.384
0.384
0.391
0.394
0.396
0.396
0.398
0.398
0.399
0.4
0.401
0.404
0.405
0.405
0.41
0.415
0.417
0.419
0.419
0.421
0.422
0.43
0.433
0.433
0.438
0.444
0.445
0.456
0.457
0.46
0.46
0.482
0.487
0.49
0.492
0.494
0.494
0.51
0.511
0.538
0.54
0.543
0.545
0.556
0.558
0.562
0.581
0.597
0.6
0.657
0.675
0.686
