0.191
0.191
0.192
0.192
0.192
0.193
0.193
0.193
0.193
0.194
0.194
0.194
0.194
0.194
0.194
0.195
0.195
0.196
0.196
0.196
0.196
0.196
0.196
0.196
0.197
0.197
0.197
0.197
0.197
0.197
0.197
0.198
0.198
0.198
0.198
0.198
0.198
0.198
0.199
0.199
0.199
0.199
0.199
0.199
0.199
0.199
0.199
0.199
0.199
0.199
0.2
0.2
0.2
0.2
0.2
0.2
0.2
0.2
0.2
0.2
0.2
0.201
0.201
0.201
0.201
0.201
0.201
0.201
0.201
0.201
0.202
0.202
0.202
0.202
0.202
0.202
0.202
0.202
0.202
0.202
0.202
0.202
0.202
0.202
0.202
0.202
0.203
0.203
0.203
0.203
0.203
0.203
0.203
0.203
0.203
0.203
0.203
0.203
0.203
0.203
0.203
0.203
0.203
0.203
0.203
0.204
0.204
0.204
0.204
0.204
0.204
0.204
0.204
0.204
0.204
0.204
0.204
0.204
0.204
0.204
0.204
0.204
0.204
0.204
0.204
0.204
0.204
0.205
0.205
0.205
0.205
0.205
0.205
0.205
0.205
0.205
0.205
0.205
0.205
0.205
0.205
0.205
0.205
0.205
0.205
0.206
0.206
0.206
0.206
0.206
0.206
0.206
0.206
0.206
0.206
0.206
0.206
0.206
0.206
0.206
0.206
0.206
0.206
0.206
0.206
0.206
0.206
0.206
0.207
0.207
0.207
0.207
0.207
0.207
0.207
0.207
0.207
0.207
0.207
0.207
0.207
0.207
0.207
0.207
0.207
0.207
0.207
0.207
0.208
0.208
0.208
0.208
0.208
0.208
0.208
0.208
0.208
0.208
0.208
0.208
0.208
0.208
0.208
0.208
0.208
0.208
0.208
0.208
0.208
0.209
0.209
0.209
0.209
0.209
0.209
0.209
0.209
0.209
0.209
0.209
0.209
0.209
0.209
0.209
0.209
0.209
0.209
0.209
0.209
0.209
0.209
0.209
0.209
0.209
0.209
0.209
0.209
0.21
0.21
0.21
0.21
0.21
0.21
0.21
0.21
0.21
0.21
0.21
0.21
0.21
0.21
0.21
0.21
0.21
0.21
0.21
0.21
0.21
0.21
0.21
0.21
0.21
0.21
0.21
0.21
0.211
0.211
0.211
0.211
0.211
0.211
0.211
0.211
0.211
0.211
0.211
0.211
0.211
0.211
0.211
0.211
0.211
0.211
0.211
0.211
0.211
0.211
0.211
0.211
0.212
0.212
0.212
0.212
0.212
0.212
0.212
0.212
0.212
0.212
0.212
0.212
0.212
0.212
0.212
0.212
0.212
0.212
0.212
0.212
0.212
0.212
0.212
0.212
0.212
0.212
0.212
0.212
0.213
0.213
0.213
0.213
0.213
0.213
0.213
0.213
0.213
0.213
0.213
0.213
0.213
0.213
0.213
0.213
0.213
0.213
0.213
0.214
0.214
0.214
0.214
0.214
0.214
0.214
0.214
0.214
0.214
0.214
0.214
0.214
0.214
0.214
0.214
0.214
0.214
0.214
0.214
0.214
0.214
0.214
0.214
0.214
0.215
0.215
0.215
0.215
0.215
0.215
0.215
0.215
0.215
0.215
0.215
0.215
0.215
0.215
0.215
0.215
0.215
0.215
0.215
0.215
0.215
0.216
0.216
0.216
0.216
0.216
0.216
0.216
0.216
0.216
0.216
0.216
0.216
0.216
0.216
0.216
0.216
0.217
0.217
0.217
0.217
0.217
0.217
0.217
0.217
0.217
0.217
0.217
0.217
0.217
0.217
0.217
0.217
0.217
0.217
0.217
0.217
0.218
0.218
0.218
0.218
0.218
0.218
0.218
0.218
0.218
0.218
0.218
0.218
0.218
0.218
0.218
0.218
0.218
0.218
0.218
0.218
0.219
0.219
0.219
0.219
0.219
0.219
0.219
0.219
0.219
0.219
0.219
0.219
0.219
0.219
0.219
0.219
0.219
0.219
0.219
0.219
0.219
0.219
0.219
0.22
0.22
0.22
0.22
0.22
0.22
0.22
0.22
0.22
0.22
0.22
0.22
0.22
0.22
0.22
0.221
0.221
0.221
0.221
0.221
0.221
0.221
0.221
0.221
0.221
0.221
0.221
0.221
0.221
0.221
0.221
0.222
0.222
0.222
0.222
0.222
0.222
0.222
0.222
0.222
0.222
0.222
0.222
0.222
0.222
0.222
0.222
0.222
0.222
0.223
0.223
0.223
0.223
0.223
0.223
0.223
0.223
0.223
0.223
0.224
0.224
0.224
0.224
0.224
0.224
0.224
0.224
0.224
0.224
0.224
0.225
0.225
0.225
0.225
0.225
0.225
0.225
0.225
0.225
0.225
0.226
0.226
0.226
0.226
0.226
0.226
0.226
0.226
0.226
0.226
0.227
0.227
0.227
0.227
0.227
0.227
0.227
0.227
0.227
0.227
0.227
0.228
0.228
0.228
0.228
0.228
0.228
0.228
0.228
0.228
0.228
0.228
0.228
0.228
0.229
0.229
0.229
0.229
0.229
0.229
0.229
0.229
0.229
0.229
0.23
0.23
0.23
0.23
0.23
0.23
0.231
0.231
0.231
0.231
0.231
0.231
0.231
0.231
0.231
0.231
0.231
0.231
0.232
0.232
0.232
0.232
0.232
0.232
0.232
0.233
0.233
0.233
0.233
0.233
0.233
0.233
0.233
0.233
0.233
0.233
0.233
0.234
0.234
0.234
0.234
0.234
0.234
0.234
0.234
0.234
0.234
0.234
0.234
0.235
0.235
0.235
0.235
0.235
0.235
0.235
0.235
0.235
0.235
0.236
0.236
0.236
0.236
0.237
0.237
0.237
0.237
0.238
0.238
0.238
0.238
0.238
0.238
0.238
0.238
0.238
0.238
0.238
0.238
0.238
0.239
0.239
0.239
0.239
0.239
0.24
0.24
0.24
0.24
0.24
0.24
0.24
0.24
0.241
0.241
0.241
0.241
0.241
0.241
0.241
0.242
0.242
0.242
0.242
0.242
0.242
0.243
0.243
0.243
0.243
0.243
0.243
0.243
0.243
0.244
0.244
0.244
0.244
0.244
0.245
0.245
0.245
0.245
0.245
0.245
0.245
0.245
0.245
0.245
0.246
0.246
0.246
0.246
0.246
0.247
0.248
0.248
0.248
0.248
0.249
0.249
0.25
0.25
0.25
0.25
0.25
0.25
0.25
0.251
0.251
0.251
0.251
0.251
0.251
0.251
0.252
0.252
0.252
0.252
0.252
0.252
0.253
0.253
0.254
0.254
0.254
0.255
0.255
0.255
0.256
0.256
0.256
0.256
0.257
0.257
0.257
0.258
0.258
0.258
0.259
0.259
0.259
0.26
0.26
0.26
0.26
0.261
0.261
0.261
0.261
0.262
0.262
0.263
0.264
0.264
0.264
0.264
0.264
0.264
0.265
0.265
0.265
0.266
0.266
0.266
0.267
0.267
0.267
0.267
0.268
0.268
0.268
0.268
0.268
0.269
0.269
0.269
0.269
0.269
0.269
0.27
0.27
0.27
0.27
0.27
0.27
0.271
0.272
0.272
0.272
0.273
0.274
0.275
0.275
0.275
0.276
0.277
0.278
0.279
0.279
0.28
0.281
0.281
0.281
0.281
0.284
0.284
0.285
0.285
0.285
0.286
0.286
0.287
0.287
0.287
0.288
0.288
0.288
0.289
0.289
0.29
0.292
0.293
0.293
0.293
0.295
0.296
0.297
0.301
0.301
0.301
0.301
0.302
0.303
0.303
0.304
0.305
0.305
0.308
0.309
0.31
0.311
0.311
0.311
0.312
0.312
0.313
0.315
0.316
0.316
0.318
0.319
0.32
0.322
0.322
0.322
0.323
0.324
0.324
0.324
0.325
0.325
0.326
0.327
0.328
0.329
0.329
0.33
0.331
0.331
0.331
0.331
0.333
0.333
0.334
0.335
0.336
0.338
0.338
0.339
0.34
0.341
0.341
0.343
0.345
0.345
0.346
0.348
0.348
0.348
0.348
0.349
0.35
0.35
0.35
0.35
0.351
0.352
0.352
0.353
0.353
0.354
0.355
0.356
0.358
0.36
0.361
0.362
0.362
0.362
0.363
0.364
0.365
0.369
0.373
0.377
0.377
0.377
0.378
0.378
0.379
0.382
0.385
0.389
0.391
0.392
0.399
0.4
0.4
0.4
0.405
0.412
0.413
0.413
0.414
0.416
0.421
0.426
0.431
0.433
0.44
0.446
0.446
0.458
0.461
0.465
0.469
0.491
0.494
0.498
0.499
0.499
0.512
0.512
0.514
0.519
0.529
0.54
0.542
0.545
0.549
0.56
0.564
0.573
0.573
0.586
0.595
0.6
0.637
0.657
0.696
0.698
0.704
0.729
0.776
