0.397
0.398
0.4
0.403
0.403
0.403
0.405
0.405
0.405
0.405
0.406
0.407
0.407
0.407
0.407
0.408
0.408
0.408
0.408
0.408
0.409
0.409
0.409
0.409
0.409
0.409
0.41
0.41
0.41
0.41
0.41
0.411
0.411
0.411
0.412
0.412
0.412
0.413
0.413
0.413
0.413
0.413
0.413
0.413
0.413
0.414
0.414
0.414
0.414
0.414
0.414
0.414
0.415
0.415
0.415
0.415
0.415
0.415
0.415
0.416
0.416
0.416
0.417
0.417
0.417
0.417
0.417
0.417
0.418
0.418
0.418
0.418
0.418
0.418
0.419
0.419
0.419
0.42
0.42
0.42
0.42
0.42
0.42
0.42
0.421
0.421
0.421
0.421
0.422
0.422
0.422
0.423
0.423
0.423
0.423
0.424
0.424
0.424
0.425
0.425
0.425
0.425
0.426
0.426
0.427
0.427
0.427
0.427
0.427
0.427
0.427
0.428
0.428
0.428
0.428
0.429
0.429
0.429
0.429
0.429
0.43
0.43
0.43
0.43
0.431
0.431
0.432
0.432
0.432
0.432
0.433
0.433
0.433
0.433
0.433
0.433
0.434
0.434
0.434
0.434
0.434
0.435
0.435
0.435
0.436
0.436
0.436
0.436
0.436
0.437
0.437
0.438
0.438
0.438
0.438
0.438
0.438
0.439
0.439
0.44
0.44
0.44
0.44
0.44
0.441
0.441
0.442
0.442
0.442
0.443
0.444
0.444
0.444
0.444
0.446
0.446
0.446
0.446
0.446
0.447
0.447
0.447
0.447
0.447
0.447
0.448
0.448
0.449
0.449
0.449
0.449
0.449
0.45
0.45
0.45
0.45
0.45
0.45
0.45
0.451
0.452
0.452
0.452
0.453
0.453
0.453
0.453
0.453
0.453
0.454
0.454
0.455
0.455
0.455
0.456
0.456
0.456
0.457
0.457
0.457
0.457
0.457
0.457
0.458
0.459
0.459
0.459
0.46
0.46
0.46
0.461
0.461
0.461
0.462
0.462
0.462
0.462
0.462
0.462
0.463
0.463
0.463
0.464
0.464
0.465
0.465
0.467
0.467
0.468
0.468
0.468
0.468
0.468
0.468
0.469
0.469
0.469
0.469
0.47
0.471
0.472
0.472
0.473
0.473
0.474
0.474
0.474
0.474
0.475
0.475
0.475
0.475
0.476
0.476
0.477
0.477
0.478
0.478
0.478
0.478
0.48
0.48
0.48
0.48
0.481
0.481
0.482
0.482
0.482
0.482
0.482
0.482
0.482
0.482
0.483
0.484
0.484
0.485
0.486
0.486
0.487
0.487
0.487
0.487
0.487
0.487
0.487
0.488
0.488
0.489
0.49
0.491
0.492
0.493
0.493
0.494
0.494
0.495
0.496
0.496
0.496
0.497
0.497
0.497
0.499
0.5
0.501
0.501
0.501
0.501
0.501
0.501
0.502
0.502
0.502
0.503
0.503
0.504
0.505
0.506
0.507
0.507
0.507
0.507
0.508
0.508
0.508
0.508
0.509
0.509
0.51
0.51
0.51
0.511
0.511
0.512
0.512
0.512
0.513
0.513
0.514
0.515
0.516
0.517
0.517
0.519
0.519
0.519
0.52
0.52
0.521
0.521
0.522
0.522
0.522
0.523
0.524
0.524
0.524
0.525
0.525
0.526
0.528
0.529
0.529
0.53
0.53
0.531
0.531
0.531
0.532
0.532
0.532
0.533
0.533
0.533
0.533
0.534
0.535
0.535
0.535
0.537
0.54
0.54
0.54
0.541
0.543
0.543
0.545
0.545
0.545
0.547
0.547
0.547
0.548
0.548
0.548
0.549
0.549
0.549
0.55
0.55
0.551
0.552
0.553
0.553
0.554
0.554
0.554
0.555
0.555
0.558
0.56
0.56
0.561
0.562
0.563
0.564
0.565
0.565
0.566
0.566
0.566
0.566
0.566
0.566
0.567
0.567
0.567
0.567
0.568
0.569
0.569
0.57
0.571
0.572
0.573
0.574
0.574
0.575
0.575
0.576
0.578
0.579
0.579
0.58
0.581
0.581
0.581
0.581
0.582
0.582
0.583
0.583
0.584
0.584
0.585
0.586
0.588
0.589
0.589
0.591
0.591
0.591
0.591
0.591
0.592
0.593
0.593
0.593
0.594
0.595
0.595
0.595
0.596
0.597
0.597
0.597
0.597
0.598
0.598
0.598
0.598
0.599
0.599
0.599
0.599
0.599
0.602
0.603
0.604
0.605
0.605
0.607
0.608
0.608
0.608
0.608
0.609
0.609
0.609
0.61
0.611
0.611
0.611
0.613
0.613
0.618
0.618
0.618
0.62
0.621
0.621
0.622
0.622
0.623
0.624
0.624
0.625
0.626
0.626
0.626
0.627
0.627
0.629
0.631
0.631
0.635
0.636
0.637
0.637
0.638
0.638
0.64
0.64
0.641
0.641
0.642
0.643
0.645
0.646
0.647
0.648
0.648
0.648
0.648
0.65
0.652
0.653
0.654
0.654
0.654
0.654
0.656
0.656
0.656
0.657
0.658
0.66
0.662
0.663
0.664
0.667
0.668
0.669
0.67
0.672
0.672
0.672
0.676
0.676
0.676
0.676
0.676
0.678
0.685
0.686
0.687
0.688
0.689
0.689
0.694
0.694
0.698
0.699
0.701
0.701
0.701
0.702
0.703
0.703
0.705
0.705
0.706
0.707
0.707
0.707
0.708
0.709
0.71
0.711
0.711
0.711
0.712
0.713
0.715
0.715
0.717
0.718
0.72
0.72
0.721
0.724
0.724
0.726
0.726
0.726
0.727
0.727
0.728
0.728
0.729
0.729
0.732
0.733
0.734
0.735
0.735
0.736
0.736
0.74
0.74
0.741
0.745
0.746
0.746
0.748
0.748
0.75
0.751
0.752
0.753
0.755
0.757
0.757
0.761
0.762
0.762
0.763
0.764
0.767
0.768
0.769
0.771
0.774
0.775
0.775
0.781
0.784
0.784
0.784
0.784
0.785
0.787
0.789
0.789
0.79
0.791
0.794
0.794
0.794
0.794
0.795
0.796
0.799
0.8
0.806
0.807
0.807
0.807
0.808
0.808
0.809
0.814
0.815
0.815
0.817
0.818
0.819
0.824
0.826
0.83
0.832
0.833
0.833
0.837
0.839
0.841
0.847
0.847
0.848
0.85
0.851
0.853
0.854
0.855
0.855
0.857
0.858
0.86
0.862
0.863
0.873
0.874
0.878
0.881
0.883
0.888
0.892
0.898
0.901
0.901
0.905
0.905
0.908
0.912
0.912
0.914
0.916
0.92
0.92
0.921
0.923
0.924
0.925
0.93
0.931
0.931
0.936
0.938
0.939
0.952
0.954
0.961
0.961
0.962
0.964
0.966
0.968
0.968
0.969
0.97
0.971
0.972
0.974
0.975
0.977
0.977
0.982
0.984
0.985
0.991
0.991
0.994
0.995
0.997
1
1
1
1
1
1
1
1
1
1
1
1
1
1
1
1
1
1
1
1
1
1
1
1
1
1
1
1
1
1
1
1
1
1
1
1
1
1
1
1
1
1
1
1
1
1
1
1
1
1
1
1
1
1
1
1
1
1
1
1
1
1
1
1
1
1
1
1
1
1
1
1
1
1
1
1
1
1
1
1
1
1
1
1
1
1
1
1
1
1
1
1
1
1
1
1
1
1
1
1
1
1
1
1
1
1
1
1
1
1
1
1
1
1
1
1
1
1
1
1
1
1
1
1
1
1
1
1
1
1
1
1
1
1
1
1
1
1
1
1
1
1
1
1
1
1
1
1
1
1
1
1
1
1
1
1
1
1
1
1
1
1
1
1
1
1
1
1
1
1
1
1
1
1
1
1
1
1
1
1
1
1
1
1
1
1
1
1
1
1
1
1
1
1
1
1
1
1
1
1
1
1
1
1
1
1
1
1
1
1
1
1
1
1
