0.405
0.405
0.406
0.406
0.406
0.406
0.406
0.406
0.406
0.407
0.407
0.407
0.407
0.408
0.408
0.408
0.408
0.408
0.408
0.408
0.409
0.409
0.409
0.409
0.409
0.41
0.41
0.41
0.41
0.411
0.411
0.411
0.411
0.412
0.412
0.412
0.412
0.412
0.413
0.413
0.413
0.413
0.413
0.413
0.413
0.414
0.414
0.414
0.414
0.414
0.414
0.415
0.415
0.415
0.415
0.415
0.415
0.415
0.415
0.415
0.415
0.416
0.416
0.416
0.416
0.417
0.417
0.417
0.417
0.417
0.417
0.418
0.418
0.418
0.419
0.419
0.419
0.42
0.42
0.42
0.42
0.42
0.421
0.421
0.422
0.422
0.422
0.422
0.423
0.423
0.424
0.424
0.425
0.425
0.425
0.425
0.426
0.426
0.426
0.427
0.427
0.427
0.427
0.427
0.427
0.427
0.427
0.428
0.428
0.428
0.428
0.428
0.428
0.428
0.429
0.429
0.429
0.429
0.429
0.43
0.43
0.431
0.431
0.432
0.432
0.432
0.432
0.432
0.433
0.433
0.433
0.433
0.433
0.433
0.433
0.434
0.434
0.434
0.434
0.435
0.435
0.435
0.435
0.435
0.437
0.437
0.437
0.437
0.437
0.438
0.439
0.439
0.439
0.439
0.439
0.44
0.44
0.44
0.441
0.441
0.442
0.442
0.442
0.443
0.443
0.443
0.443
0.443
0.444
0.444
0.445
0.445
0.445
0.445
0.445
0.445
0.446
0.447
0.447
0.447
0.448
0.448
0.449
0.449
0.45
0.45
0.45
0.45
0.45
0.45
0.451
0.451
0.452
0.452
0.452
0.452
0.452
0.453
0.453
0.453
0.453
0.453
0.454
0.454
0.454
0.454
0.455
0.456
0.456
0.456
0.456
0.457
0.457
0.458
0.458
0.458
0.459
0.459
0.459
0.459
0.459
0.46
0.46
0.461
0.461
0.461
0.462
0.462
0.462
0.463
0.463
0.463
0.463
0.464
0.464
0.465
0.465
0.466
0.466
0.467
0.467
0.467
0.468
0.468
0.469
0.469
0.47
0.47
0.471
0.471
0.471
0.471
0.471
0.471
0.473
0.473
0.475
0.476
0.477
0.477
0.477
0.477
0.477
0.477
0.478
0.478
0.478
0.478
0.479
0.479
0.48
0.48
0.48
0.481
0.481
0.481
0.481
0.481
0.481
0.482
0.482
0.482
0.482
0.483
0.483
0.483
0.483
0.483
0.483
0.483
0.484
0.484
0.484
0.484
0.485
0.486
0.486
0.486
0.486
0.487
0.487
0.487
0.488
0.488
0.488
0.489
0.489
0.489
0.489
0.489
0.49
0.49
0.49
0.49
0.491
0.492
0.493
0.493
0.493
0.493
0.494
0.494
0.494
0.495
0.495
0.496
0.496
0.496
0.498
0.499
0.499
0.499
0.501
0.501
0.501
0.501
0.502
0.503
0.503
0.504
0.505
0.505
0.505
0.506
0.506
0.506
0.506
0.506
0.507
0.507
0.508
0.508
0.508
0.509
0.509
0.51
0.51
0.511
0.511
0.512
0.512
0.513
0.513
0.513
0.513
0.514
0.514
0.514
0.515
0.515
0.515
0.516
0.516
0.516
0.517
0.517
0.518
0.518
0.519
0.52
0.521
0.521
0.522
0.522
0.523
0.523
0.523
0.524
0.524
0.525
0.525
0.526
0.526
0.527
0.527
0.528
0.528
0.528
0.529
0.529
0.53
0.53
0.53
0.53
0.53
0.531
0.531
0.532
0.532
0.532
0.533
0.533
0.533
0.533
0.533
0.534
0.534
0.535
0.535
0.536
0.536
0.537
0.537
0.537
0.539
0.54
0.541
0.542
0.544
0.544
0.544
0.545
0.545
0.545
0.545
0.545
0.545
0.545
0.546
0.546
0.546
0.547
0.547
0.548
0.548
0.548
0.549
0.55
0.551
0.551
0.552
0.553
0.553
0.555
0.556
0.558
0.558
0.558
0.559
0.559
0.56
0.561
0.562
0.562
0.563
0.563
0.563
0.563
0.567
0.568
0.568
0.568
0.57
0.57
0.571
0.571
0.571
0.571
0.574
0.574
0.574
0.575
0.575
0.575
0.577
0.578
0.578
0.578
0.58
0.58
0.582
0.582
0.582
0.583
0.583
0.583
0.584
0.585
0.586
0.586
0.588
0.589
0.59
0.59
0.59
0.591
0.592
0.594
0.595
0.596
0.596
0.596
0.597
0.597
0.598
0.598
0.598
0.598
0.599
0.599
0.6
0.6
0.6
0.602
0.603
0.603
0.606
0.608
0.608
0.609
0.609
0.609
0.609
0.61
0.61
0.611
0.611
0.612
0.612
0.613
0.613
0.613
0.615
0.617
0.617
0.617
0.618
0.618
0.618
0.618
0.619
0.619
0.624
0.624
0.629
0.629
0.629
0.63
0.631
0.631
0.631
0.634
0.635
0.635
0.636
0.638
0.638
0.639
0.64
0.64
0.643
0.644
0.646
0.648
0.649
0.65
0.65
0.65
0.651
0.654
0.656
0.657
0.657
0.657
0.658
0.662
0.663
0.665
0.665
0.665
0.666
0.667
0.668
0.67
0.67
0.67
0.67
0.671
0.672
0.672
0.673
0.674
0.675
0.676
0.677
0.679
0.68
0.685
0.685
0.689
0.69
0.69
0.691
0.692
0.696
0.696
0.696
0.697
0.698
0.698
0.699
0.702
0.703
0.704
0.704
0.705
0.705
0.708
0.71
0.711
0.711
0.711
0.712
0.712
0.713
0.713
0.715
0.716
0.717
0.72
0.72
0.72
0.724
0.725
0.725
0.725
0.725
0.727
0.727
0.728
0.73
0.73
0.731
0.731
0.732
0.738
0.74
0.74
0.74
0.741
0.742
0.743
0.744
0.744
0.746
0.749
0.751
0.752
0.753
0.753
0.753
0.754
0.76
0.76
0.761
0.762
0.762
0.762
0.762
0.762
0.764
0.765
0.765
0.766
0.767
0.768
0.769
0.769
0.769
0.77
0.77
0.773
0.774
0.776
0.78
0.781
0.782
0.785
0.786
0.79
0.791
0.791
0.793
0.795
0.795
0.797
0.797
0.802
0.803
0.804
0.809
0.81
0.811
0.818
0.82
0.821
0.822
0.823
0.828
0.829
0.83
0.831
0.838
0.843
0.846
0.849
0.849
0.85
0.858
0.859
0.861
0.862
0.863
0.866
0.869
0.874
0.876
0.877
0.879
0.881
0.881
0.888
0.891
0.891
0.893
0.894
0.895
0.898
0.9
0.904
0.905
0.906
0.906
0.907
0.907
0.912
0.912
0.918
0.918
0.92
0.921
0.922
0.927
0.928
0.928
0.928
0.932
0.933
0.938
0.938
0.94
0.942
0.943
0.945
0.947
0.948
0.952
0.952
0.953
0.954
0.955
0.962
0.962
0.963
0.968
0.976
0.985
0.989
0.996
0.998
0.999
1
1
1
1
1
1
1
1
1
1
1
1
1
1
1
1
1
1
1
1
1
1
1
1
1
1
1
1
1
1
1
1
1
1
1
1
1
1
1
1
1
1
1
1
1
1
1
1
1
1
1
1
1
1
1
1
1
1
1
1
1
1
1
1
1
1
1
1
1
1
1
1
1
1
1
1
1
1
1
1
1
1
1
1
1
1
1
1
1
1
1
1
1
1
1
1
1
1
1
1
1
1
1
1
1
1
1
1
1
1
1
1
1
1
1
1
1
1
1
1
1
1
1
1
1
1
1
1
1
1
1
1
1
1
1
1
1
1
1
1
1
1
1
1
1
1
1
1
1
1
1
1
1
1
1
1
1
1
1
1
1
1
1
1
1
1
1
1
1
1
1
1
1
1
1
1
1
1
1
1
1
1
1
1
1
1
1
1
1
1
1
1
1
1
1
1
1
1
1
1
1
1
1
1
1
1
1
1
1
