0.288
0.29
0.291
0.291
0.292
0.294
0.295
0.296
0.296
0.297
0.297
0.298
0.298
0.298
0.299
0.299
0.299
0.299
0.3
0.3
0.3
0.3
0.301
0.301
0.301
0.301
0.301
0.302
0.302
0.302
0.302
0.302
0.303
0.303
0.303
0.303
0.304
0.304
0.304
0.305
0.305
0.305
0.305
0.305
0.306
0.306
0.306
0.306
0.306
0.306
0.306
0.306
0.306
0.306
0.307
0.307
0.307
0.307
0.307
0.307
0.308
0.308
0.308
0.308
0.308
0.308
0.308
0.309
0.309
0.309
0.309
0.309
0.309
0.309
0.31
0.31
0.31
0.31
0.311
0.311
0.311
0.311
0.311
0.311
0.312
0.312
0.312
0.312
0.312
0.312
0.312
0.313
0.313
0.313
0.313
0.313
0.313
0.313
0.313
0.313
0.313
0.314
0.314
0.314
0.314
0.314
0.314
0.314
0.315
0.315
0.315
0.315
0.315
0.315
0.315
0.315
0.315
0.315
0.315
0.315
0.316
0.316
0.316
0.316
0.316
0.316
0.316
0.316
0.316
0.316
0.316
0.316
0.316
0.316
0.317
0.317
0.317
0.317
0.317
0.317
0.317
0.317
0.317
0.317
0.318
0.318
0.318
0.318
0.318
0.318
0.318
0.318
0.318
0.318
0.318
0.318
0.319
0.319
0.319
0.319
0.319
0.319
0.319
0.319
0.319
0.319
0.319
0.319
0.319
0.319
0.319
0.319
0.319
0.319
0.319
0.319
0.32
0.32
0.32
0.32
0.32
0.32
0.32
0.32
0.32
0.32
0.32
0.32
0.32
0.32
0.321
0.321
0.321
0.321
0.321
0.321
0.321
0.321
0.321
0.321
0.321
0.321
0.321
0.322
0.322
0.322
0.322
0.322
0.322
0.322
0.322
0.322
0.322
0.322
0.322
0.322
0.322
0.322
0.322
0.323
0.323
0.323
0.323
0.323
0.323
0.323
0.323
0.323
0.323
0.323
0.323
0.323
0.323
0.323
0.323
0.323
0.323
0.323
0.324
0.324
0.324
0.324
0.324
0.324
0.324
0.324
0.324
0.324
0.324
0.324
0.324
0.324
0.324
0.324
0.324
0.324
0.324
0.324
0.324
0.324
0.325
0.325
0.325
0.325
0.325
0.325
0.325
0.325
0.325
0.325
0.325
0.325
0.325
0.325
0.325
0.325
0.325
0.325
0.325
0.325
0.326
0.326
0.326
0.326
0.326
0.326
0.326
0.326
0.326
0.326
0.326
0.326
0.326
0.326
0.326
0.326
0.326
0.326
0.326
0.326
0.327
0.327
0.327
0.327
0.327
0.327
0.327
0.327
0.327
0.327
0.327
0.327
0.327
0.327
0.327
0.327
0.327
0.327
0.328
0.328
0.328
0.328
0.328
0.328
0.328
0.328
0.328
0.328
0.328
0.328
0.328
0.328
0.328
0.328
0.328
0.328
0.328
0.328
0.328
0.328
0.329
0.329
0.329
0.329
0.329
0.329
0.329
0.329
0.329
0.329
0.329
0.329
0.329
0.329
0.329
0.329
0.329
0.329
0.329
0.33
0.33
0.33
0.33
0.33
0.33
0.33
0.33
0.33
0.33
0.33
0.33
0.33
0.33
0.33
0.33
0.33
0.33
0.33
0.33
0.33
0.331
0.331
0.331
0.331
0.331
0.331
0.331
0.331
0.331
0.331
0.331
0.331
0.331
0.331
0.331
0.331
0.331
0.331
0.331
0.331
0.331
0.332
0.332
0.332
0.332
0.332
0.332
0.332
0.332
0.332
0.332
0.332
0.332
0.332
0.332
0.332
0.332
0.332
0.333
0.333
0.333
0.333
0.333
0.333
0.333
0.333
0.333
0.333
0.333
0.333
0.333
0.333
0.333
0.333
0.333
0.333
0.333
0.334
0.334
0.334
0.334
0.334
0.334
0.334
0.334
0.334
0.334
0.334
0.334
0.334
0.334
0.334
0.334
0.334
0.334
0.335
0.335
0.335
0.335
0.335
0.335
0.335
0.335
0.335
0.335
0.335
0.335
0.335
0.335
0.336
0.336
0.336
0.336
0.336
0.336
0.336
0.336
0.336
0.336
0.336
0.336
0.336
0.336
0.337
0.337
0.337
0.337
0.337
0.337
0.337
0.337
0.337
0.337
0.337
0.337
0.337
0.337
0.337
0.337
0.337
0.337
0.338
0.338
0.338
0.338
0.338
0.338
0.338
0.338
0.338
0.338
0.338
0.338
0.339
0.339
0.339
0.339
0.339
0.339
0.339
0.339
0.339
0.339
0.339
0.339
0.339
0.339
0.339
0.339
0.34
0.34
0.34
0.34
0.34
0.34
0.34
0.34
0.34
0.34
0.34
0.34
0.34
0.34
0.34
0.34
0.34
0.34
0.34
0.34
0.341
0.341
0.341
0.341
0.341
0.341
0.342
0.342
0.342
0.342
0.342
0.343
0.343
0.343
0.343
0.343
0.344
0.344
0.344
0.344
0.344
0.344
0.344
0.344
0.345
0.345
0.345
0.345
0.345
0.345
0.345
0.345
0.345
0.345
0.345
0.345
0.346
0.346
0.346
0.346
0.346
0.346
0.346
0.346
0.346
0.346
0.346
0.347
0.347
0.347
0.347
0.347
0.347
0.347
0.347
0.347
0.347
0.347
0.347
0.348
0.348
0.348
0.348
0.348
0.348
0.348
0.348
0.348
0.348
0.349
0.349
0.349
0.349
0.349
0.349
0.349
0.349
0.349
0.349
0.35
0.35
0.35
0.35
0.35
0.351
0.351
0.351
0.351
0.351
0.351
0.352
0.352
0.352
0.352
0.352
0.352
0.352
0.352
0.352
0.352
0.352
0.352
0.353
0.353
0.353
0.353
0.353
0.354
0.354
0.354
0.354
0.354
0.354
0.354
0.354
0.355
0.355
0.355
0.355
0.356
0.356
0.356
0.356
0.356
0.356
0.356
0.356
0.357
0.357
0.357
0.357
0.357
0.357
0.357
0.357
0.357
0.358
0.358
0.358
0.358
0.359
0.359
0.359
0.359
0.359
0.36
0.36
0.36
0.36
0.361
0.361
0.361
0.361
0.361
0.361
0.361
0.361
0.362
0.362
0.362
0.362
0.362
0.362
0.362
0.363
0.363
0.363
0.363
0.363
0.363
0.363
0.363
0.364
0.364
0.364
0.364
0.365
0.365
0.365
0.365
0.365
0.365
0.365
0.365
0.365
0.365
0.366
0.366
0.366
0.366
0.366
0.367
0.367
0.367
0.368
0.368
0.368
0.368
0.369
0.369
0.369
0.369
0.37
0.37
0.37
0.37
0.37
0.371
0.371
0.371
0.371
0.371
0.371
0.371
0.371
0.372
0.372
0.373
0.373
0.373
0.373
0.374
0.374
0.374
0.374
0.374
0.374
0.374
0.375
0.375
0.375
0.375
0.375
0.376
0.377
0.377
0.377
0.378
0.378
0.379
0.38
0.38
0.381
0.381
0.382
0.382
0.382
0.382
0.382
0.382
0.382
0.383
0.383
0.383
0.384
0.385
0.385
0.385
0.386
0.387
0.387
0.388
0.388
0.388
0.388
0.389
0.389
0.39
0.39
0.391
0.391
0.392
0.392
0.392
0.394
0.394
0.394
0.394
0.395
0.395
0.395
0.395
0.396
0.396
0.396
0.396
0.397
0.397
0.397
0.398
0.398
0.399
0.399
0.4
0.401
0.401
0.401
0.402
0.403
0.403
0.404
0.404
0.404
0.406
0.406
0.406
0.407
0.407
0.408
0.409
0.41
0.41
0.41
0.41
0.41
0.411
0.411
0.413
0.414
0.414
0.415
0.416
0.416
0.416
0.416
0.418
0.418
0.419
0.42
0.421
0.422
0.422
0.424
0.424
0.425
0.426
0.428
0.428
0.428
0.43
0.431
0.431
0.433
0.436
0.436
0.438
0.439
0.441
0.443
0.443
0.444
0.445
0.446
0.446
0.45
0.451
0.452
0.453
0.454
0.454
0.454
0.456
0.456
0.456
0.46
0.46
0.461
0.463
0.463
0.464
0.465
0.466
0.467
0.471
0.476
0.476
0.477
0.478
0.478
0.478
0.479
0.483
0.485
0.485
0.487
0.489
0.49
0.494
0.496
0.497
0.498
0.502
0.503
0.504
0.505
0.506
0.508
0.51
0.511
0.513
0.513
0.518
0.52
0.522
0.525
0.525
0.526
0.526
0.528
0.529
0.535
0.542
0.542
0.545
0.546
0.549
0.551
0.553
0.554
0.555
0.569
0.575
0.587
0.589
0.592
0.595
0.599
0.603
0.609
0.614
0.623
0.626
0.641
0.644
0.658
0.658
0.663
0.678
0.681
0.696
0.701
0.71
0.729
0.755
0.766
0.77
0.775
0.776
0.791
0.809
0.812
