0.286
0.29
0.294
0.296
0.296
0.297
0.297
0.297
0.297
0.297
0.299
0.299
0.3
0.3
0.3
0.3
0.3
0.301
0.301
0.301
0.301
0.302
0.302
0.303
0.303
0.303
0.303
0.303
0.304
0.304
0.304
0.304
0.305
0.305
0.305
0.305
0.305
0.305
0.305
0.305
0.305
0.306
0.306
0.306
0.306
0.306
0.306
0.306
0.306
0.307
0.307
0.307
0.307
0.307
0.307
0.307
0.307
0.308
0.308
0.308
0.308
0.308
0.308
0.308
0.309
0.309
0.309
0.309
0.309
0.309
0.309
0.309
0.309
0.309
0.31
0.31
0.31
0.31
0.31
0.31
0.31
0.31
0.31
0.31
0.31
0.31
0.311
0.311
0.311
0.311
0.311
0.311
0.311
0.311
0.311
0.311
0.311
0.311
0.311
0.311
0.311
0.312
0.312
0.312
0.312
0.312
0.312
0.312
0.313
0.313
0.313
0.313
0.313
0.313
0.313
0.313
0.313
0.314
0.314
0.314
0.314
0.314
0.314
0.314
0.314
0.314
0.314
0.314
0.314
0.314
0.314
0.315
0.315
0.315
0.315
0.315
0.315
0.315
0.315
0.316
0.316
0.316
0.316
0.316
0.316
0.316
0.316
0.316
0.317
0.317
0.317
0.317
0.317
0.317
0.317
0.317
0.317
0.317
0.317
0.317
0.317
0.317
0.317
0.317
0.317
0.317
0.318
0.318
0.318
0.318
0.318
0.318
0.318
0.318
0.318
0.318
0.318
0.318
0.318
0.318
0.318
0.318
0.319
0.319
0.319
0.319
0.319
0.319
0.319
0.319
0.319
0.319
0.319
0.319
0.319
0.319
0.319
0.319
0.319
0.319
0.32
0.32
0.32
0.32
0.32
0.32
0.32
0.32
0.32
0.32
0.321
0.321
0.321
0.321
0.321
0.321
0.321
0.321
0.321
0.321
0.321
0.321
0.322
0.322
0.322
0.322
0.322
0.322
0.322
0.322
0.322
0.322
0.322
0.323
0.323
0.323
0.323
0.323
0.323
0.323
0.323
0.323
0.323
0.323
0.323
0.324
0.324
0.324
0.324
0.324
0.324
0.324
0.324
0.324
0.324
0.324
0.324
0.324
0.324
0.324
0.325
0.325
0.325
0.325
0.325
0.325
0.325
0.325
0.325
0.325
0.325
0.325
0.325
0.325
0.325
0.325
0.325
0.325
0.325
0.326
0.326
0.326
0.326
0.326
0.326
0.326
0.326
0.326
0.326
0.326
0.326
0.326
0.326
0.326
0.326
0.326
0.326
0.326
0.326
0.327
0.327
0.327
0.327
0.327
0.327
0.327
0.327
0.327
0.327
0.327
0.327
0.327
0.327
0.327
0.327
0.327
0.327
0.327
0.327
0.327
0.327
0.327
0.328
0.328
0.328
0.328
0.328
0.328
0.328
0.328
0.328
0.328
0.328
0.328
0.328
0.328
0.328
0.328
0.328
0.328
0.328
0.328
0.328
0.329
0.329
0.329
0.329
0.329
0.329
0.329
0.329
0.329
0.329
0.329
0.329
0.329
0.329
0.329
0.329
0.329
0.33
0.33
0.33
0.33
0.33
0.33
0.33
0.33
0.33
0.33
0.331
0.331
0.331
0.331
0.331
0.331
0.331
0.331
0.331
0.331
0.331
0.331
0.331
0.331
0.331
0.331
0.331
0.332
0.332
0.332
0.332
0.332
0.332
0.332
0.332
0.332
0.332
0.332
0.332
0.332
0.332
0.332
0.332
0.332
0.332
0.332
0.332
0.333
0.333
0.333
0.333
0.333
0.333
0.333
0.333
0.333
0.333
0.333
0.333
0.333
0.334
0.334
0.334
0.334
0.334
0.334
0.334
0.334
0.334
0.335
0.335
0.335
0.335
0.335
0.335
0.335
0.335
0.335
0.335
0.335
0.335
0.335
0.335
0.335
0.335
0.336
0.336
0.336
0.336
0.336
0.336
0.336
0.336
0.336
0.336
0.337
0.337
0.337
0.337
0.337
0.337
0.337
0.337
0.337
0.337
0.337
0.337
0.337
0.338
0.338
0.338
0.338
0.338
0.338
0.338
0.338
0.338
0.338
0.338
0.338
0.338
0.338
0.339
0.339
0.339
0.339
0.339
0.339
0.339
0.339
0.339
0.339
0.339
0.339
0.339
0.339
0.339
0.339
0.339
0.339
0.34
0.34
0.34
0.34
0.34
0.34
0.34
0.34
0.34
0.34
0.341
0.341
0.341
0.341
0.341
0.341
0.341
0.341
0.341
0.341
0.341
0.341
0.341
0.341
0.341
0.342
0.342
0.342
0.342
0.342
0.342
0.342
0.342
0.342
0.342
0.342
0.342
0.342
0.342
0.342
0.343
0.343
0.343
0.343
0.343
0.343
0.343
0.343
0.343
0.343
0.343
0.343
0.343
0.343
0.343
0.343
0.343
0.344
0.344
0.344
0.344
0.344
0.344
0.344
0.344
0.344
0.345
0.345
0.345
0.345
0.345
0.345
0.345
0.346
0.346
0.346
0.346
0.346
0.346
0.346
0.346
0.346
0.346
0.346
0.346
0.346
0.346
0.347
0.347
0.347
0.347
0.347
0.347
0.347
0.347
0.347
0.347
0.348
0.348
0.348
0.348
0.348
0.348
0.348
0.349
0.349
0.349
0.349
0.349
0.349
0.349
0.349
0.349
0.349
0.35
0.35
0.35
0.35
0.35
0.35
0.351
0.351
0.351
0.351
0.351
0.351
0.351
0.351
0.351
0.351
0.351
0.351
0.351
0.352
0.352
0.352
0.352
0.352
0.352
0.352
0.353
0.353
0.353
0.353
0.353
0.353
0.354
0.354
0.354
0.354
0.354
0.355
0.355
0.356
0.356
0.356
0.356
0.357
0.357
0.357
0.357
0.357
0.357
0.358
0.358
0.358
0.358
0.358
0.358
0.358
0.358
0.358
0.358
0.358
0.359
0.359
0.359
0.359
0.36
0.36
0.36
0.36
0.36
0.36
0.36
0.36
0.361
0.361
0.361
0.361
0.362
0.362
0.362
0.362
0.362
0.363
0.363
0.363
0.363
0.363
0.363
0.364
0.364
0.364
0.365
0.366
0.366
0.366
0.366
0.367
0.367
0.367
0.367
0.367
0.367
0.368
0.368
0.368
0.368
0.368
0.369
0.37
0.37
0.37
0.37
0.37
0.37
0.37
0.37
0.371
0.371
0.371
0.371
0.371
0.371
0.371
0.372
0.372
0.372
0.372
0.373
0.373
0.373
0.373
0.374
0.374
0.374
0.374
0.374
0.374
0.374
0.375
0.375
0.375
0.375
0.377
0.377
0.377
0.377
0.377
0.377
0.377
0.378
0.379
0.379
0.379
0.38
0.38
0.38
0.381
0.381
0.381
0.382
0.382
0.383
0.383
0.383
0.383
0.384
0.384
0.384
0.384
0.385
0.386
0.386
0.387
0.387
0.387
0.388
0.388
0.388
0.388
0.388
0.389
0.389
0.39
0.39
0.391
0.391
0.391
0.391
0.391
0.391
0.392
0.393
0.393
0.394
0.394
0.394
0.395
0.395
0.395
0.395
0.396
0.397
0.397
0.398
0.398
0.398
0.398
0.399
0.4
0.4
0.401
0.401
0.401
0.401
0.402
0.403
0.404
0.406
0.407
0.407
0.407
0.407
0.408
0.41
0.41
0.41
0.41
0.411
0.411
0.412
0.413
0.414
0.415
0.415
0.416
0.417
0.417
0.417
0.418
0.419
0.419
0.42
0.421
0.421
0.423
0.423
0.424
0.426
0.427
0.428
0.428
0.428
0.429
0.43
0.432
0.436
0.437
0.438
0.439
0.44
0.44
0.441
0.442
0.442
0.442
0.444
0.444
0.445
0.446
0.446
0.447
0.447
0.449
0.449
0.45
0.451
0.451
0.451
0.452
0.452
0.453
0.453
0.454
0.454
0.454
0.454
0.455
0.456
0.456
0.457
0.457
0.458
0.458
0.459
0.459
0.459
0.46
0.461
0.461
0.463
0.463
0.469
0.47
0.471
0.471
0.475
0.475
0.475
0.479
0.482
0.485
0.485
0.486
0.487
0.487
0.487
0.488
0.489
0.489
0.49
0.492
0.494
0.495
0.498
0.499
0.501
0.503
0.508
0.509
0.51
0.516
0.518
0.523
0.525
0.533
0.535
0.536
0.538
0.54
0.543
0.546
0.551
0.551
0.552
0.554
0.554
0.556
0.558
0.558
0.558
0.56
0.565
0.566
0.567
0.567
0.57
0.573
0.588
0.59
0.6
0.606
0.616
0.624
0.626
0.632
0.633
0.634
0.638
0.654
0.657
0.662
0.664
0.67
0.685
0.692
0.694
0.696
0.707
0.72
0.724
0.729
0.73
0.732
0.738
0.742
0.808
0.83
