0.28
0.282
0.284
0.291
0.295
0.295
0.295
0.295
0.296
0.296
0.298
0.298
0.299
0.299
0.299
0.299
0.3
0.301
0.301
0.301
0.301
0.301
0.302
0.302
0.303
0.304
0.304
0.305
0.305
0.305
0.305
0.306
0.306
0.306
0.307
0.307
0.307
0.307
0.307
0.307
0.307
0.308
0.308
0.309
0.309
0.309
0.309
0.309
0.309
0.309
0.309
0.309
0.309
0.31
0.31
0.31
0.31
0.31
0.31
0.31
0.31
0.31
0.31
0.31
0.311
0.311
0.311
0.311
0.311
0.311
0.311
0.312
0.312
0.312
0.312
0.312
0.312
0.312
0.312
0.312
0.312
0.312
0.313
0.313
0.313
0.313
0.313
0.313
0.313
0.313
0.313
0.313
0.313
0.313
0.313
0.314
0.314
0.314
0.314
0.314
0.314
0.314
0.314
0.314
0.314
0.315
0.315
0.315
0.315
0.315
0.315
0.315
0.315
0.315
0.315
0.316
0.316
0.316
0.316
0.316
0.316
0.316
0.316
0.316
0.316
0.316
0.316
0.317
0.317
0.317
0.317
0.317
0.317
0.317
0.317
0.317
0.317
0.317
0.317
0.317
0.317
0.317
0.317
0.317
0.317
0.317
0.317
0.318
0.318
0.318
0.318
0.318
0.318
0.318
0.318
0.318
0.318
0.318
0.318
0.318
0.318
0.318
0.319
0.319
0.319
0.319
0.319
0.319
0.319
0.319
0.319
0.319
0.319
0.319
0.319
0.319
0.319
0.32
0.32
0.32
0.32
0.32
0.32
0.32
0.32
0.32
0.32
0.32
0.32
0.32
0.32
0.32
0.32
0.32
0.32
0.321
0.321
0.321
0.321
0.321
0.321
0.321
0.321
0.321
0.321
0.321
0.321
0.321
0.321
0.321
0.321
0.321
0.322
0.322
0.322
0.322
0.322
0.322
0.322
0.322
0.322
0.322
0.322
0.322
0.322
0.322
0.322
0.322
0.322
0.323
0.323
0.323
0.323
0.323
0.323
0.323
0.323
0.323
0.323
0.324
0.324
0.324
0.324
0.324
0.324
0.324
0.324
0.324
0.324
0.324
0.324
0.324
0.324
0.324
0.324
0.325
0.325
0.325
0.325
0.325
0.325
0.325
0.325
0.325
0.325
0.325
0.325
0.325
0.325
0.325
0.325
0.325
0.325
0.325
0.325
0.325
0.326
0.326
0.326
0.326
0.326
0.326
0.326
0.326
0.326
0.326
0.326
0.326
0.326
0.326
0.326
0.326
0.326
0.326
0.326
0.326
0.326
0.327
0.327
0.327
0.327
0.327
0.327
0.327
0.327
0.327
0.327
0.327
0.327
0.327
0.327
0.327
0.327
0.327
0.327
0.327
0.327
0.328
0.328
0.328
0.328
0.328
0.328
0.328
0.328
0.328
0.328
0.328
0.328
0.328
0.328
0.328
0.328
0.328
0.328
0.328
0.329
0.329
0.329
0.329
0.329
0.329
0.329
0.329
0.329
0.329
0.329
0.329
0.329
0.329
0.329
0.329
0.329
0.329
0.329
0.329
0.329
0.33
0.33
0.33
0.33
0.33
0.33
0.33
0.33
0.33
0.33
0.33
0.33
0.331
0.331
0.331
0.331
0.331
0.331
0.331
0.331
0.331
0.331
0.331
0.331
0.332
0.332
0.332
0.332
0.332
0.332
0.332
0.332
0.332
0.332
0.332
0.332
0.332
0.332
0.333
0.333
0.333
0.333
0.333
0.333
0.333
0.333
0.333
0.333
0.333
0.333
0.333
0.333
0.333
0.333
0.333
0.333
0.333
0.334
0.334
0.334
0.334
0.334
0.334
0.334
0.334
0.334
0.334
0.334
0.334
0.335
0.335
0.335
0.335
0.335
0.335
0.335
0.335
0.335
0.335
0.335
0.335
0.335
0.335
0.336
0.336
0.336
0.336
0.336
0.336
0.336
0.336
0.336
0.336
0.336
0.336
0.337
0.337
0.337
0.337
0.337
0.337
0.337
0.337
0.337
0.337
0.337
0.338
0.338
0.338
0.338
0.338
0.338
0.338
0.338
0.338
0.338
0.338
0.339
0.339
0.339
0.339
0.339
0.339
0.339
0.339
0.339
0.339
0.339
0.339
0.339
0.339
0.339
0.339
0.339
0.34
0.34
0.34
0.34
0.34
0.34
0.34
0.34
0.34
0.34
0.34
0.34
0.34
0.34
0.34
0.34
0.341
0.341
0.341
0.341
0.341
0.342
0.342
0.342
0.342
0.342
0.342
0.342
0.342
0.342
0.342
0.342
0.342
0.342
0.343
0.343
0.343
0.343
0.343
0.343
0.343
0.343
0.343
0.343
0.343
0.343
0.343
0.343
0.344
0.344
0.344
0.344
0.344
0.344
0.344
0.344
0.344
0.345
0.345
0.345
0.345
0.345
0.345
0.345
0.345
0.346
0.346
0.346
0.346
0.346
0.346
0.346
0.347
0.347
0.347
0.347
0.347
0.347
0.347
0.347
0.347
0.347
0.347
0.347
0.347
0.348
0.348
0.348
0.348
0.348
0.348
0.348
0.348
0.348
0.348
0.348
0.349
0.349
0.349
0.349
0.349
0.349
0.349
0.349
0.35
0.35
0.35
0.35
0.35
0.35
0.351
0.351
0.351
0.351
0.352
0.352
0.352
0.352
0.352
0.352
0.352
0.352
0.352
0.352
0.352
0.352
0.353
0.353
0.353
0.353
0.353
0.353
0.353
0.354
0.354
0.354
0.354
0.354
0.354
0.354
0.354
0.355
0.355
0.355
0.355
0.355
0.355
0.355
0.355
0.355
0.355
0.355
0.355
0.356
0.356
0.356
0.356
0.356
0.357
0.357
0.357
0.357
0.357
0.358
0.358
0.358
0.358
0.358
0.358
0.358
0.359
0.359
0.359
0.359
0.359
0.359
0.359
0.36
0.36
0.36
0.36
0.36
0.36
0.361
0.361
0.361
0.361
0.362
0.362
0.362
0.363
0.363
0.363
0.363
0.363
0.363
0.363
0.364
0.364
0.364
0.364
0.364
0.365
0.365
0.365
0.365
0.365
0.366
0.366
0.367
0.367
0.367
0.367
0.367
0.368
0.369
0.369
0.369
0.369
0.37
0.371
0.371
0.371
0.371
0.371
0.371
0.372
0.372
0.372
0.372
0.373
0.373
0.374
0.374
0.374
0.374
0.374
0.375
0.375
0.376
0.377
0.377
0.377
0.378
0.379
0.379
0.379
0.38
0.38
0.38
0.38
0.381
0.381
0.381
0.381
0.381
0.382
0.383
0.383
0.383
0.383
0.383
0.384
0.384
0.385
0.385
0.385
0.386
0.386
0.386
0.387
0.387
0.387
0.387
0.387
0.388
0.388
0.388
0.389
0.39
0.39
0.39
0.391
0.391
0.391
0.393
0.394
0.394
0.394
0.394
0.395
0.395
0.395
0.397
0.398
0.4
0.4
0.401
0.401
0.401
0.401
0.401
0.401
0.402
0.402
0.403
0.403
0.403
0.403
0.404
0.404
0.404
0.404
0.404
0.405
0.405
0.405
0.405
0.406
0.406
0.407
0.407
0.407
0.408
0.409
0.409
0.41
0.411
0.411
0.411
0.412
0.413
0.413
0.413
0.414
0.414
0.416
0.416
0.416
0.417
0.417
0.418
0.418
0.418
0.419
0.419
0.419
0.42
0.42
0.42
0.42
0.42
0.422
0.422
0.424
0.424
0.425
0.425
0.425
0.427
0.429
0.429
0.429
0.43
0.43
0.43
0.431
0.431
0.433
0.434
0.434
0.434
0.434
0.439
0.44
0.441
0.442
0.442
0.442
0.444
0.445
0.446
0.448
0.449
0.45
0.45
0.451
0.451
0.452
0.455
0.455
0.456
0.459
0.46
0.462
0.462
0.463
0.463
0.465
0.468
0.468
0.468
0.469
0.469
0.471
0.473
0.474
0.475
0.475
0.476
0.477
0.478
0.478
0.478
0.479
0.48
0.48
0.48
0.481
0.481
0.482
0.483
0.486
0.489
0.489
0.491
0.492
0.494
0.499
0.499
0.499
0.5
0.5
0.504
0.504
0.504
0.509
0.509
0.51
0.512
0.514
0.518
0.519
0.52
0.52
0.521
0.522
0.524
0.525
0.527
0.527
0.529
0.534
0.534
0.536
0.538
0.551
0.557
0.558
0.562
0.563
0.565
0.569
0.571
0.573
0.575
0.575
0.576
0.577
0.58
0.58
0.581
0.589
0.589
0.592
0.598
0.601
0.606
0.608
0.613
0.615
0.619
0.619
0.621
0.622
0.624
0.64
0.646
0.65
0.653
0.663
0.663
0.666
0.667
0.668
0.671
0.675
0.682
0.684
0.685
0.701
0.712
0.751
0.767
0.77
0.786
0.787
0.807
0.811
