0.284
0.287
0.288
0.288
0.292
0.292
0.293
0.293
0.294
0.294
0.296
0.296
0.297
0.298
0.298
0.298
0.298
0.299
0.3
0.3
0.301
0.302
0.302
0.302
0.302
0.303
0.303
0.303
0.303
0.304
0.304
0.304
0.304
0.304
0.304
0.304
0.304
0.304
0.304
0.304
0.305
0.305
0.306
0.306
0.306
0.306
0.306
0.306
0.306
0.307
0.307
0.307
0.307
0.307
0.307
0.308
0.308
0.308
0.308
0.308
0.308
0.309
0.309
0.309
0.309
0.309
0.31
0.31
0.31
0.31
0.31
0.31
0.31
0.31
0.31
0.31
0.31
0.311
0.311
0.311
0.311
0.311
0.311
0.311
0.311
0.312
0.312
0.312
0.312
0.312
0.312
0.313
0.313
0.313
0.313
0.313
0.314
0.314
0.314
0.314
0.314
0.314
0.314
0.314
0.314
0.314
0.314
0.315
0.315
0.315
0.315
0.315
0.315
0.315
0.315
0.315
0.315
0.315
0.315
0.315
0.315
0.315
0.315
0.315
0.315
0.316
0.316
0.316
0.316
0.316
0.316
0.316
0.316
0.316
0.316
0.316
0.316
0.316
0.316
0.317
0.317
0.317
0.317
0.317
0.317
0.317
0.317
0.317
0.317
0.317
0.317
0.317
0.317
0.317
0.318
0.318
0.318
0.318
0.318
0.318
0.318
0.318
0.318
0.318
0.318
0.318
0.318
0.318
0.318
0.318
0.318
0.318
0.318
0.318
0.318
0.319
0.319
0.319
0.319
0.319
0.319
0.319
0.319
0.319
0.319
0.319
0.319
0.319
0.319
0.319
0.319
0.319
0.319
0.319
0.319
0.319
0.32
0.32
0.32
0.32
0.32
0.32
0.32
0.321
0.321
0.321
0.321
0.321
0.321
0.321
0.321
0.321
0.321
0.321
0.321
0.321
0.321
0.321
0.321
0.321
0.322
0.322
0.322
0.322
0.322
0.322
0.322
0.322
0.322
0.322
0.322
0.322
0.322
0.323
0.323
0.323
0.323
0.323
0.323
0.323
0.323
0.323
0.323
0.323
0.323
0.323
0.323
0.323
0.324
0.324
0.324
0.324
0.324
0.324
0.324
0.324
0.324
0.324
0.324
0.324
0.324
0.324
0.325
0.325
0.325
0.325
0.325
0.325
0.325
0.325
0.325
0.325
0.325
0.325
0.325
0.325
0.325
0.325
0.325
0.325
0.325
0.325
0.325
0.325
0.325
0.325
0.326
0.326
0.326
0.326
0.326
0.326
0.326
0.326
0.326
0.327
0.327
0.327
0.327
0.327
0.327
0.327
0.327
0.327
0.327
0.327
0.327
0.327
0.327
0.327
0.327
0.327
0.327
0.327
0.327
0.327
0.327
0.327
0.327
0.327
0.328
0.328
0.328
0.328
0.328
0.328
0.328
0.328
0.328
0.328
0.328
0.329
0.329
0.329
0.329
0.329
0.329
0.329
0.329
0.329
0.329
0.329
0.329
0.329
0.329
0.329
0.329
0.329
0.329
0.329
0.33
0.33
0.33
0.33
0.33
0.33
0.33
0.33
0.33
0.33
0.33
0.33
0.33
0.33
0.33
0.33
0.331
0.331
0.331
0.331
0.331
0.331
0.331
0.331
0.331
0.331
0.331
0.331
0.331
0.331
0.331
0.332
0.332
0.332
0.332
0.332
0.332
0.332
0.332
0.332
0.332
0.332
0.332
0.332
0.332
0.332
0.332
0.332
0.333
0.333
0.333
0.333
0.333
0.333
0.333
0.333
0.333
0.333
0.333
0.333
0.334
0.334
0.334
0.334
0.334
0.334
0.334
0.334
0.334
0.334
0.334
0.334
0.334
0.334
0.334
0.335
0.335
0.335
0.335
0.335
0.335
0.335
0.335
0.335
0.335
0.335
0.335
0.335
0.335
0.335
0.336
0.336
0.336
0.336
0.336
0.336
0.336
0.336
0.336
0.336
0.336
0.336
0.336
0.336
0.336
0.336
0.336
0.337
0.337
0.337
0.337
0.337
0.337
0.337
0.337
0.337
0.337
0.337
0.337
0.337
0.337
0.337
0.338
0.338
0.338
0.338
0.338
0.338
0.338
0.338
0.338
0.338
0.339
0.339
0.339
0.339
0.339
0.339
0.339
0.339
0.339
0.339
0.34
0.34
0.34
0.34
0.34
0.34
0.34
0.34
0.341
0.341
0.341
0.341
0.341
0.341
0.341
0.341
0.341
0.341
0.341
0.341
0.341
0.341
0.341
0.342
0.342
0.342
0.342
0.342
0.342
0.342
0.342
0.342
0.342
0.342
0.342
0.342
0.342
0.342
0.343
0.343
0.343
0.343
0.343
0.343
0.343
0.343
0.344
0.344
0.344
0.344
0.344
0.344
0.344
0.344
0.344
0.344
0.344
0.344
0.344
0.344
0.344
0.344
0.345
0.345
0.345
0.345
0.345
0.345
0.345
0.345
0.345
0.345
0.345
0.345
0.345
0.345
0.346
0.346
0.346
0.346
0.346
0.346
0.346
0.346
0.346
0.347
0.347
0.347
0.347
0.347
0.347
0.347
0.347
0.348
0.348
0.348
0.348
0.349
0.349
0.349
0.349
0.349
0.349
0.35
0.35
0.35
0.35
0.351
0.351
0.351
0.351
0.351
0.351
0.351
0.351
0.351
0.351
0.352
0.352
0.352
0.352
0.352
0.352
0.352
0.353
0.353
0.353
0.353
0.353
0.353
0.354
0.354
0.354
0.354
0.354
0.354
0.354
0.354
0.355
0.355
0.355
0.355
0.355
0.355
0.355
0.355
0.355
0.356
0.356
0.356
0.356
0.356
0.356
0.357
0.357
0.357
0.357
0.357
0.357
0.357
0.357
0.357
0.357
0.358
0.358
0.358
0.358
0.358
0.358
0.358
0.358
0.358
0.359
0.359
0.359
0.359
0.359
0.359
0.359
0.36
0.36
0.36
0.36
0.36
0.36
0.36
0.36
0.36
0.36
0.361
0.361
0.361
0.361
0.361
0.361
0.362
0.362
0.362
0.362
0.362
0.362
0.363
0.363
0.363
0.363
0.363
0.364
0.364
0.364
0.364
0.364
0.364
0.365
0.366
0.366
0.366
0.366
0.366
0.366
0.367
0.367
0.367
0.367
0.367
0.368
0.368
0.368
0.369
0.369
0.37
0.37
0.37
0.37
0.371
0.371
0.371
0.371
0.371
0.371
0.371
0.372
0.372
0.373
0.373
0.373
0.374
0.374
0.374
0.375
0.375
0.375
0.375
0.376
0.376
0.376
0.376
0.376
0.377
0.377
0.377
0.377
0.378
0.378
0.379
0.379
0.379
0.379
0.38
0.38
0.38
0.38
0.38
0.381
0.381
0.381
0.382
0.382
0.382
0.383
0.383
0.384
0.384
0.385
0.386
0.386
0.387
0.387
0.387
0.388
0.388
0.388
0.389
0.389
0.39
0.39
0.391
0.391
0.391
0.392
0.392
0.392
0.392
0.392
0.393
0.393
0.393
0.393
0.394
0.394
0.394
0.394
0.395
0.395
0.396
0.396
0.396
0.397
0.397
0.398
0.398
0.398
0.398
0.398
0.399
0.399
0.4
0.401
0.402
0.402
0.402
0.403
0.403
0.403
0.403
0.404
0.406
0.407
0.407
0.409
0.409
0.409
0.409
0.409
0.409
0.41
0.41
0.411
0.412
0.413
0.413
0.414
0.414
0.414
0.415
0.416
0.416
0.417
0.418
0.418
0.418
0.418
0.418
0.42
0.42
0.421
0.422
0.422
0.423
0.424
0.425
0.425
0.426
0.426
0.428
0.428
0.431
0.431
0.431
0.432
0.434
0.434
0.435
0.437
0.438
0.439
0.442
0.443
0.445
0.446
0.447
0.447
0.449
0.449
0.451
0.455
0.455
0.455
0.458
0.46
0.463
0.464
0.464
0.464
0.464
0.465
0.465
0.465
0.466
0.468
0.469
0.469
0.47
0.471
0.472
0.473
0.473
0.474
0.476
0.479
0.481
0.481
0.482
0.484
0.484
0.486
0.488
0.489
0.49
0.496
0.499
0.499
0.5
0.502
0.502
0.503
0.505
0.506
0.506
0.512
0.514
0.516
0.516
0.518
0.519
0.519
0.521
0.522
0.524
0.526
0.528
0.528
0.529
0.53
0.53
0.532
0.537
0.539
0.543
0.543
0.548
0.55
0.554
0.555
0.556
0.558
0.561
0.563
0.566
0.571
0.574
0.579
0.58
0.581
0.582
0.586
0.586
0.593
0.594
0.598
0.604
0.606
0.61
0.61
0.611
0.619
0.628
0.633
0.634
0.64
0.657
0.669
0.673
0.677
0.68
0.685
0.686
0.689
0.694
0.702
0.704
0.717
0.734
0.741
0.777
0.789
0.802
0.835
0.848
