0.21
0.21
0.21
0.21
0.211
0.211
0.211
0.211
0.211
0.211
0.211
0.211
0.212
0.212
0.212
0.212
0.212
0.212
0.212
0.212
0.212
0.212
0.212
0.212
0.212
0.212
0.213
0.213
0.213
0.213
0.213
0.213
0.213
0.213
0.213
0.213
0.213
0.213
0.213
0.213
0.213
0.213
0.213
0.213
0.214
0.214
0.214
0.214
0.214
0.214
0.214
0.214
0.215
0.215
0.215
0.215
0.215
0.215
0.215
0.215
0.216
0.216
0.216
0.216
0.216
0.216
0.216
0.216
0.216
0.216
0.217
0.217
0.217
0.217
0.217
0.217
0.217
0.217
0.217
0.217
0.217
0.217
0.217
0.217
0.217
0.217
0.217
0.217
0.217
0.217
0.217
0.217
0.218
0.218
0.218
0.218
0.218
0.218
0.218
0.218
0.218
0.218
0.218
0.218
0.218
0.218
0.218
0.218
0.219
0.219
0.219
0.219
0.219
0.219
0.219
0.219
0.219
0.219
0.219
0.219
0.219
0.22
0.22
0.22
0.22
0.22
0.22
0.22
0.22
0.22
0.22
0.22
0.22
0.22
0.221
0.221
0.221
0.221
0.221
0.221
0.221
0.221
0.221
0.221
0.221
0.221
0.221
0.222
0.222
0.222
0.222
0.222
0.222
0.222
0.222
0.222
0.222
0.223
0.223
0.223
0.223
0.223
0.223
0.223
0.223
0.224
0.224
0.224
0.224
0.224
0.224
0.224
0.224
0.224
0.224
0.224
0.224
0.224
0.224
0.224
0.224
0.224
0.224
0.224
0.224
0.224
0.224
0.225
0.225
0.225
0.225
0.225
0.225
0.225
0.225
0.226
0.226
0.226
0.226
0.226
0.226
0.226
0.226
0.226
0.226
0.226
0.226
0.226
0.227
0.227
0.227
0.227
0.227
0.227
0.227
0.227
0.227
0.227
0.228
0.228
0.228
0.228
0.228
0.228
0.228
0.228
0.228
0.228
0.228
0.228
0.229
0.229
0.229
0.229
0.229
0.229
0.229
0.229
0.229
0.229
0.229
0.229
0.229
0.229
0.23
0.23
0.23
0.23
0.23
0.23
0.23
0.23
0.23
0.23
0.23
0.23
0.23
0.231
0.231
0.231
0.231
0.231
0.231
0.231
0.231
0.231
0.231
0.231
0.232
0.232
0.232
0.232
0.232
0.232
0.232
0.232
0.232
0.233
0.233
0.233
0.233
0.233
0.233
0.233
0.233
0.233
0.233
0.233
0.233
0.233
0.233
0.233
0.233
0.234
0.234
0.234
0.234
0.234
0.234
0.234
0.234
0.234
0.234
0.234
0.234
0.234
0.234
0.234
0.235
0.235
0.235
0.235
0.235
0.235
0.235
0.235
0.235
0.235
0.235
0.235
0.235
0.235
0.236
0.236
0.236
0.236
0.236
0.236
0.236
0.236
0.236
0.236
0.237
0.237
0.237
0.237
0.237
0.237
0.237
0.237
0.237
0.237
0.237
0.238
0.238
0.238
0.238
0.238
0.238
0.238
0.238
0.238
0.239
0.239
0.239
0.239
0.239
0.239
0.239
0.239
0.239
0.24
0.24
0.24
0.24
0.24
0.24
0.24
0.24
0.24
0.241
0.241
0.241
0.241
0.241
0.241
0.241
0.241
0.241
0.242
0.242
0.242
0.242
0.242
0.242
0.242
0.242
0.242
0.242
0.242
0.242
0.242
0.242
0.242
0.242
0.243
0.243
0.243
0.243
0.243
0.243
0.244
0.244
0.244
0.244
0.244
0.244
0.244
0.244
0.244
0.244
0.245
0.245
0.245
0.245
0.245
0.245
0.246
0.246
0.246
0.246
0.246
0.246
0.246
0.246
0.246
0.246
0.247
0.247
0.247
0.247
0.247
0.247
0.247
0.248
0.248
0.248
0.248
0.248
0.248
0.249
0.249
0.249
0.249
0.249
0.249
0.249
0.249
0.249
0.249
0.25
0.25
0.25
0.25
0.25
0.25
0.25
0.25
0.251
0.251
0.251
0.251
0.251
0.252
0.252
0.252
0.253
0.253
0.253
0.253
0.253
0.253
0.254
0.254
0.254
0.254
0.254
0.254
0.254
0.254
0.254
0.254
0.255
0.255
0.255
0.255
0.255
0.255
0.255
0.256
0.256
0.256
0.256
0.256
0.256
0.256
0.256
0.256
0.256
0.256
0.257
0.257
0.257
0.257
0.257
0.257
0.257
0.257
0.258
0.258
0.258
0.258
0.258
0.258
0.259
0.259
0.259
0.259
0.26
0.26
0.26
0.261
0.261
0.261
0.261
0.261
0.262
0.262
0.262
0.262
0.262
0.262
0.263
0.263
0.263
0.264
0.264
0.264
0.264
0.264
0.264
0.264
0.265
0.265
0.265
0.266
0.266
0.266
0.266
0.267
0.268
0.268
0.268
0.268
0.268
0.268
0.269
0.269
0.269
0.269
0.269
0.27
0.27
0.27
0.27
0.271
0.271
0.271
0.271
0.271
0.271
0.272
0.272
0.273
0.273
0.273
0.273
0.273
0.274
0.274
0.274
0.274
0.274
0.274
0.274
0.274
0.275
0.275
0.275
0.275
0.275
0.275
0.276
0.276
0.276
0.276
0.276
0.276
0.276
0.276
0.277
0.277
0.277
0.277
0.277
0.277
0.277
0.278
0.278
0.278
0.278
0.279
0.279
0.279
0.279
0.279
0.279
0.281
0.281
0.281
0.281
0.281
0.282
0.282
0.282
0.282
0.283
0.284
0.284
0.285
0.285
0.285
0.285
0.285
0.285
0.286
0.286
0.286
0.286
0.287
0.287
0.287
0.287
0.287
0.288
0.289
0.289
0.289
0.289
0.289
0.289
0.29
0.29
0.29
0.291
0.291
0.291
0.291
0.291
0.292
0.292
0.292
0.292
0.292
0.292
0.293
0.293
0.293
0.293
0.293
0.293
0.294
0.294
0.294
0.294
0.294
0.295
0.295
0.295
0.295
0.296
0.296
0.296
0.296
0.296
0.296
0.296
0.298
0.298
0.299
0.299
0.299
0.3
0.3
0.3
0.3
0.3
0.3
0.301
0.301
0.301
0.301
0.301
0.301
0.302
0.302
0.302
0.302
0.303
0.303
0.303
0.304
0.304
0.304
0.304
0.304
0.304
0.305
0.305
0.306
0.306
0.306
0.306
0.307
0.307
0.307
0.307
0.307
0.308
0.308
0.308
0.308
0.308
0.309
0.309
0.309
0.31
0.31
0.31
0.31
0.31
0.311
0.312
0.312
0.312
0.312
0.313
0.313
0.313
0.314
0.314
0.314
0.314
0.315
0.315
0.315
0.315
0.315
0.316
0.317
0.317
0.317
0.318
0.321
0.321
0.321
0.322
0.323
0.323
0.323
0.323
0.324
0.325
0.326
0.326
0.326
0.327
0.327
0.327
0.33
0.33
0.33
0.331
0.331
0.333
0.334
0.334
0.335
0.335
0.338
0.339
0.339
0.339
0.339
0.34
0.341
0.341
0.341
0.342
0.342
0.344
0.344
0.345
0.345
0.348
0.349
0.35
0.35
0.351
0.351
0.351
0.352
0.352
0.353
0.353
0.355
0.355
0.357
0.357
0.358
0.358
0.358
0.358
0.359
0.359
0.36
0.36
0.36
0.36
0.363
0.363
0.363
0.364
0.364
0.366
0.366
0.367
0.367
0.367
0.369
0.37
0.372
0.372
0.373
0.373
0.374
0.374
0.376
0.376
0.377
0.377
0.377
0.379
0.38
0.381
0.383
0.383
0.385
0.385
0.387
0.388
0.389
0.389
0.39
0.39
0.39
0.395
0.398
0.4
0.4
0.401
0.402
0.403
0.403
0.405
0.407
0.408
0.408
0.408
0.412
0.413
0.413
0.414
0.414
0.415
0.415
0.416
0.417
0.418
0.419
0.421
0.422
0.423
0.424
0.425
0.426
0.428
0.428
0.43
0.431
0.433
0.434
0.435
0.435
0.438
0.439
0.44
0.441
0.442
0.442
0.442
0.445
0.448
0.45
0.451
0.452
0.453
0.453
0.455
0.456
0.456
0.459
0.46
0.46
0.46
0.461
0.462
0.464
0.465
0.466
0.467
0.468
0.473
0.476
0.48
0.482
0.485
0.486
0.489
0.49
0.495
0.497
0.503
0.505
0.505
0.506
0.509
0.513
0.514
0.515
0.515
0.522
0.524
0.53
0.531
0.531
0.531
0.535
0.54
0.545
0.546
0.547
0.547
0.548
0.558
0.558
0.559
0.56
0.567
0.57
0.57
0.574
0.576
0.581
0.581
0.588
0.593
0.604
0.61
0.617
0.618
0.621
0.626
0.628
0.629
0.636
0.638
0.639
0.643
0.659
0.679
0.686
0.693
0.698
0.714
0.736
0.754
0.783
0.787
0.878
