0.126
0.127
0.128
0.128
0.128
0.128
0.128
0.129
0.129
0.129
0.129
0.129
0.129
0.13
0.13
0.13
0.13
0.13
0.13
0.13
0.13
0.13
0.13
0.13
0.131
0.131
0.131
0.131
0.131
0.131
0.131
0.131
0.131
0.131
0.131
0.131
0.131
0.131
0.131
0.131
0.131
0.131
0.131
0.131
0.131
0.131
0.131
0.131
0.132
0.132
0.132
0.132
0.132
0.132
0.132
0.132
0.132
0.132
0.132
0.133
0.133
0.133
0.133
0.133
0.133
0.133
0.133
0.133
0.133
0.133
0.133
0.133
0.133
0.134
0.134
0.134
0.134
0.134
0.134
0.134
0.134
0.134
0.134
0.134
0.134
0.134
0.134
0.134
0.134
0.135
0.135
0.135
0.135
0.135
0.135
0.135
0.135
0.135
0.135
0.135
0.135
0.135
0.135
0.135
0.135
0.135
0.135
0.135
0.135
0.135
0.136
0.136
0.136
0.136
0.136
0.136
0.136
0.136
0.136
0.136
0.136
0.136
0.136
0.136
0.136
0.136
0.136
0.137
0.137
0.137
0.137
0.137
0.137
0.137
0.137
0.137
0.137
0.137
0.137
0.137
0.137
0.137
0.137
0.137
0.137
0.137
0.137
0.137
0.138
0.138
0.138
0.138
0.138
0.138
0.138
0.138
0.138
0.138
0.138
0.138
0.138
0.138
0.138
0.138
0.138
0.138
0.138
0.138
0.138
0.138
0.138
0.138
0.138
0.138
0.138
0.138
0.139
0.139
0.139
0.139
0.139
0.139
0.139
0.139
0.139
0.139
0.139
0.139
0.139
0.139
0.139
0.139
0.139
0.139
0.139
0.139
0.139
0.139
0.139
0.139
0.139
0.139
0.139
0.139
0.14
0.14
0.14
0.14
0.14
0.14
0.14
0.14
0.14
0.14
0.14
0.14
0.14
0.14
0.14
0.14
0.141
0.141
0.141
0.141
0.141
0.141
0.141
0.141
0.141
0.141
0.141
0.141
0.141
0.141
0.141
0.141
0.141
0.141
0.142
0.142
0.142
0.142
0.142
0.142
0.142
0.142
0.142
0.142
0.142
0.142
0.142
0.143
0.143
0.143
0.143
0.143
0.143
0.143
0.143
0.143
0.143
0.143
0.143
0.144
0.144
0.144
0.144
0.144
0.144
0.144
0.144
0.144
0.144
0.144
0.144
0.144
0.144
0.144
0.144
0.145
0.145
0.145
0.145
0.145
0.145
0.145
0.145
0.145
0.145
0.145
0.145
0.145
0.145
0.145
0.145
0.145
0.146
0.146
0.146
0.146
0.146
0.146
0.146
0.146
0.146
0.146
0.146
0.147
0.147
0.147
0.147
0.147
0.147
0.147
0.147
0.147
0.147
0.147
0.148
0.148
0.148
0.148
0.148
0.148
0.148
0.148
0.148
0.148
0.148
0.149
0.149
0.149
0.149
0.149
0.149
0.149
0.149
0.149
0.149
0.149
0.149
0.149
0.149
0.149
0.149
0.15
0.15
0.15
0.15
0.15
0.15
0.15
0.15
0.15
0.15
0.15
0.15
0.15
0.15
0.151
0.151
0.151
0.151
0.151
0.151
0.151
0.151
0.152
0.152
0.152
0.152
0.152
0.152
0.152
0.153
0.153
0.153
0.153
0.153
0.153
0.153
0.153
0.153
0.154
0.154
0.154
0.154
0.154
0.154
0.154
0.154
0.154
0.154
0.155
0.155
0.155
0.155
0.155
0.155
0.155
0.155
0.155
0.155
0.155
0.155
0.155
0.155
0.155
0.155
0.156
0.156
0.156
0.156
0.156
0.156
0.156
0.156
0.156
0.156
0.156
0.156
0.157
0.157
0.157
0.157
0.157
0.157
0.157
0.157
0.157
0.157
0.157
0.157
0.157
0.157
0.157
0.158
0.158
0.158
0.158
0.158
0.158
0.158
0.158
0.158
0.158
0.158
0.158
0.158
0.158
0.158
0.159
0.159
0.159
0.159
0.159
0.159
0.159
0.159
0.159
0.16
0.16
0.16
0.16
0.16
0.16
0.16
0.16
0.16
0.16
0.16
0.16
0.161
0.161
0.161
0.161
0.161
0.162
0.162
0.162
0.162
0.162
0.162
0.162
0.162
0.163
0.163
0.163
0.163
0.164
0.164
0.164
0.164
0.164
0.164
0.164
0.164
0.164
0.164
0.164
0.164
0.164
0.164
0.164
0.164
0.165
0.165
0.165
0.165
0.165
0.165
0.165
0.165
0.165
0.165
0.166
0.166
0.166
0.166
0.166
0.166
0.167
0.167
0.167
0.167
0.167
0.167
0.167
0.167
0.167
0.168
0.168
0.168
0.168
0.168
0.168
0.168
0.168
0.168
0.168
0.168
0.169
0.169
0.169
0.169
0.17
0.17
0.17
0.17
0.17
0.17
0.17
0.17
0.17
0.171
0.171
0.171
0.171
0.172
0.172
0.172
0.172
0.173
0.173
0.173
0.173
0.174
0.174
0.174
0.174
0.174
0.174
0.174
0.174
0.174
0.174
0.174
0.175
0.175
0.175
0.175
0.175
0.175
0.175
0.175
0.176
0.176
0.176
0.176
0.176
0.176
0.176
0.176
0.177
0.177
0.177
0.177
0.177
0.177
0.177
0.177
0.178
0.178
0.178
0.178
0.178
0.178
0.179
0.179
0.179
0.179
0.179
0.179
0.179
0.179
0.18
0.18
0.18
0.18
0.18
0.181
0.181
0.181
0.181
0.182
0.182
0.182
0.182
0.182
0.182
0.182
0.183
0.183
0.183
0.183
0.183
0.183
0.184
0.184
0.184
0.184
0.184
0.184
0.184
0.184
0.184
0.184
0.184
0.185
0.185
0.186
0.186
0.186
0.186
0.186
0.187
0.187
0.187
0.188
0.188
0.189
0.189
0.189
0.189
0.189
0.189
0.189
0.19
0.19
0.19
0.19
0.19
0.19
0.19
0.19
0.191
0.191
0.191
0.191
0.191
0.192
0.193
0.193
0.193
0.193
0.194
0.194
0.194
0.194
0.195
0.195
0.195
0.195
0.196
0.196
0.196
0.196
0.196
0.197
0.197
0.197
0.198
0.198
0.198
0.198
0.198
0.198
0.199
0.199
0.199
0.2
0.2
0.2
0.2
0.201
0.202
0.202
0.202
0.202
0.202
0.203
0.203
0.203
0.204
0.204
0.204
0.205
0.206
0.206
0.206
0.207
0.207
0.207
0.208
0.208
0.208
0.208
0.209
0.209
0.209
0.209
0.21
0.21
0.21
0.213
0.213
0.213
0.213
0.214
0.214
0.214
0.214
0.214
0.214
0.215
0.215
0.215
0.215
0.215
0.216
0.216
0.216
0.216
0.217
0.217
0.217
0.217
0.217
0.218
0.218
0.219
0.219
0.22
0.221
0.221
0.221
0.222
0.223
0.223
0.224
0.224
0.224
0.224
0.225
0.225
0.227
0.228
0.228
0.228
0.228
0.229
0.23
0.23
0.231
0.231
0.232
0.233
0.234
0.234
0.234
0.234
0.235
0.235
0.235
0.235
0.236
0.237
0.238
0.239
0.239
0.24
0.24
0.24
0.24
0.24
0.241
0.241
0.242
0.243
0.243
0.245
0.246
0.246
0.246
0.247
0.247
0.247
0.249
0.249
0.249
0.25
0.252
0.253
0.254
0.254
0.254
0.254
0.255
0.255
0.256
0.259
0.259
0.26
0.26
0.262
0.263
0.263
0.264
0.265
0.266
0.268
0.268
0.268
0.269
0.269
0.269
0.27
0.271
0.272
0.273
0.273
0.273
0.274
0.274
0.274
0.275
0.275
0.275
0.275
0.276
0.277
0.277
0.279
0.279
0.28
0.28
0.286
0.286
0.287
0.288
0.289
0.29
0.29
0.291
0.291
0.292
0.292
0.292
0.293
0.293
0.296
0.297
0.299
0.302
0.303
0.305
0.305
0.306
0.306
0.306
0.307
0.311
0.311
0.312
0.313
0.316
0.317
0.318
0.319
0.322
0.322
0.323
0.323
0.323
0.324
0.329
0.332
0.332
0.334
0.334
0.335
0.345
0.347
0.348
0.353
0.355
0.358
0.36
0.361
0.362
0.364
0.367
0.367
0.367
0.368
0.368
0.369
0.369
0.37
0.371
0.375
0.375
0.38
0.38
0.381
0.382
0.385
0.387
0.388
0.389
0.395
0.4
0.403
0.404
0.411
0.414
0.414
0.415
0.418
0.422
0.423
0.424
0.428
0.435
0.437
0.441
0.443
0.446
0.454
0.456
0.459
0.461
0.463
0.471
0.474
0.476
0.478
0.479
0.48
0.486
0.487
0.488
0.492
0.493
0.502
0.504
0.509
0.509
0.517
0.519
0.554
0.562
0.564
0.58
0.64
0.651
0.656
0.685
0.747
0.95
