0.128
0.128
0.129
0.129
0.129
0.129
0.13
0.13
0.13
0.13
0.13
0.13
0.13
0.13
0.13
0.131
0.131
0.131
0.131
0.131
0.131
0.131
0.131
0.131
0.131
0.131
0.131
0.131
0.131
0.131
0.131
0.131
0.131
0.131
0.131
0.131
0.131
0.131
0.131
0.131
0.131
0.132
0.132
0.132
0.132
0.132
0.132
0.132
0.132
0.132
0.132
0.132
0.132
0.132
0.132
0.132
0.132
0.132
0.132
0.132
0.132
0.132
0.132
0.132
0.132
0.132
0.132
0.132
0.132
0.132
0.132
0.133
0.133
0.133
0.133
0.133
0.133
0.133
0.133
0.133
0.133
0.133
0.133
0.133
0.133
0.133
0.133
0.133
0.133
0.133
0.133
0.133
0.133
0.133
0.133
0.133
0.134
0.134
0.134
0.134
0.134
0.134
0.134
0.134
0.134
0.134
0.134
0.134
0.134
0.134
0.134
0.134
0.134
0.134
0.134
0.134
0.135
0.135
0.135
0.135
0.135
0.135
0.135
0.135
0.135
0.135
0.135
0.135
0.135
0.135
0.135
0.135
0.135
0.135
0.135
0.135
0.135
0.135
0.135
0.135
0.135
0.135
0.135
0.136
0.136
0.136
0.136
0.136
0.136
0.136
0.136
0.136
0.136
0.136
0.136
0.136
0.136
0.136
0.136
0.136
0.136
0.136
0.136
0.136
0.136
0.136
0.136
0.136
0.136
0.136
0.137
0.137
0.137
0.137
0.137
0.137
0.137
0.137
0.137
0.137
0.137
0.137
0.137
0.137
0.137
0.137
0.137
0.137
0.137
0.137
0.137
0.137
0.137
0.137
0.137
0.137
0.137
0.137
0.137
0.137
0.138
0.138
0.138
0.138
0.138
0.138
0.138
0.138
0.138
0.138
0.138
0.138
0.138
0.139
0.139
0.139
0.139
0.139
0.139
0.139
0.139
0.139
0.139
0.139
0.139
0.14
0.14
0.14
0.14
0.14
0.14
0.14
0.14
0.14
0.14
0.14
0.14
0.14
0.14
0.14
0.14
0.14
0.14
0.14
0.141
0.141
0.141
0.141
0.141
0.141
0.141
0.141
0.141
0.141
0.141
0.141
0.141
0.141
0.141
0.141
0.141
0.141
0.141
0.141
0.142
0.142
0.142
0.142
0.142
0.142
0.142
0.142
0.142
0.142
0.142
0.142
0.142
0.142
0.142
0.142
0.142
0.142
0.142
0.142
0.142
0.142
0.142
0.142
0.143
0.143
0.143
0.143
0.143
0.143
0.143
0.143
0.143
0.143
0.143
0.143
0.143
0.143
0.143
0.143
0.143
0.143
0.144
0.144
0.144
0.144
0.144
0.144
0.144
0.144
0.144
0.144
0.144
0.144
0.144
0.144
0.144
0.144
0.144
0.144
0.144
0.145
0.145
0.145
0.145
0.145
0.145
0.145
0.145
0.145
0.145
0.145
0.145
0.145
0.145
0.145
0.145
0.146
0.146
0.146
0.146
0.146
0.146
0.146
0.146
0.146
0.146
0.146
0.147
0.147
0.147
0.147
0.147
0.147
0.147
0.147
0.147
0.148
0.148
0.148
0.148
0.148
0.148
0.148
0.148
0.148
0.148
0.148
0.148
0.148
0.149
0.149
0.149
0.149
0.149
0.149
0.149
0.149
0.149
0.149
0.149
0.149
0.149
0.149
0.15
0.15
0.15
0.15
0.15
0.15
0.15
0.15
0.151
0.151
0.151
0.151
0.151
0.151
0.151
0.151
0.151
0.151
0.151
0.151
0.152
0.152
0.152
0.152
0.152
0.152
0.152
0.152
0.152
0.152
0.152
0.152
0.152
0.152
0.152
0.152
0.152
0.152
0.152
0.153
0.153
0.153
0.153
0.153
0.153
0.153
0.153
0.153
0.153
0.153
0.153
0.153
0.153
0.153
0.154
0.154
0.154
0.154
0.154
0.154
0.154
0.154
0.154
0.154
0.154
0.154
0.154
0.155
0.155
0.155
0.155
0.155
0.155
0.155
0.155
0.155
0.155
0.155
0.156
0.156
0.156
0.156
0.156
0.156
0.156
0.156
0.157
0.157
0.157
0.157
0.157
0.157
0.157
0.157
0.157
0.157
0.157
0.157
0.157
0.157
0.158
0.158
0.158
0.158
0.158
0.158
0.158
0.159
0.159
0.159
0.159
0.159
0.159
0.159
0.159
0.159
0.159
0.159
0.159
0.16
0.16
0.16
0.16
0.16
0.16
0.16
0.16
0.16
0.161
0.161
0.161
0.161
0.161
0.162
0.162
0.162
0.162
0.162
0.162
0.162
0.162
0.162
0.163
0.163
0.163
0.163
0.163
0.164
0.164
0.164
0.164
0.164
0.164
0.164
0.164
0.164
0.164
0.165
0.165
0.165
0.165
0.165
0.165
0.165
0.165
0.165
0.166
0.166
0.166
0.166
0.166
0.166
0.166
0.167
0.167
0.167
0.167
0.167
0.168
0.168
0.168
0.168
0.169
0.169
0.169
0.169
0.169
0.169
0.17
0.17
0.17
0.171
0.171
0.171
0.172
0.172
0.172
0.172
0.172
0.172
0.172
0.173
0.173
0.173
0.173
0.173
0.173
0.174
0.174
0.174
0.174
0.174
0.175
0.175
0.175
0.175
0.175
0.176
0.176
0.176
0.176
0.176
0.176
0.176
0.176
0.177
0.177
0.177
0.177
0.178
0.178
0.178
0.178
0.178
0.178
0.178
0.178
0.178
0.178
0.179
0.179
0.179
0.179
0.179
0.18
0.18
0.18
0.18
0.18
0.181
0.181
0.181
0.181
0.181
0.181
0.181
0.181
0.182
0.182
0.182
0.182
0.183
0.183
0.183
0.183
0.183
0.183
0.183
0.184
0.184
0.185
0.185
0.185
0.185
0.185
0.185
0.185
0.186
0.186
0.186
0.187
0.187
0.187
0.187
0.188
0.188
0.188
0.188
0.188
0.188
0.188
0.189
0.189
0.189
0.189
0.189
0.19
0.19
0.19
0.191
0.192
0.192
0.192
0.192
0.193
0.193
0.193
0.193
0.194
0.194
0.194
0.194
0.195
0.196
0.196
0.196
0.196
0.197
0.197
0.198
0.198
0.198
0.199
0.2
0.2
0.2
0.201
0.202
0.202
0.203
0.204
0.205
0.205
0.206
0.206
0.206
0.207
0.207
0.207
0.207
0.208
0.208
0.208
0.209
0.211
0.211
0.211
0.211
0.212
0.212
0.212
0.213
0.213
0.213
0.213
0.215
0.215
0.216
0.216
0.217
0.217
0.217
0.217
0.218
0.218
0.218
0.218
0.218
0.218
0.219
0.219
0.219
0.22
0.22
0.22
0.22
0.221
0.221
0.221
0.222
0.223
0.223
0.224
0.224
0.224
0.224
0.225
0.225
0.225
0.225
0.226
0.227
0.227
0.227
0.227
0.228
0.228
0.228
0.23
0.23
0.231
0.231
0.231
0.231
0.231
0.232
0.232
0.233
0.233
0.233
0.236
0.236
0.237
0.239
0.239
0.239
0.24
0.24
0.24
0.241
0.241
0.242
0.243
0.243
0.245
0.246
0.246
0.247
0.247
0.247
0.248
0.248
0.248
0.249
0.25
0.25
0.25
0.25
0.25
0.251
0.251
0.253
0.253
0.253
0.254
0.255
0.255
0.255
0.256
0.256
0.257
0.258
0.258
0.259
0.259
0.261
0.261
0.261
0.262
0.262
0.263
0.263
0.264
0.264
0.265
0.268
0.269
0.27
0.271
0.271
0.271
0.272
0.275
0.275
0.276
0.276
0.278
0.278
0.279
0.279
0.28
0.28
0.28
0.282
0.282
0.282
0.283
0.284
0.285
0.285
0.287
0.287
0.288
0.288
0.289
0.289
0.29
0.29
0.291
0.292
0.292
0.293
0.294
0.296
0.298
0.3
0.3
0.3
0.301
0.301
0.302
0.305
0.309
0.313
0.314
0.317
0.317
0.317
0.318
0.319
0.32
0.321
0.323
0.324
0.326
0.326
0.326
0.327
0.327
0.329
0.33
0.332
0.332
0.335
0.343
0.344
0.344
0.348
0.351
0.352
0.352
0.354
0.355
0.357
0.357
0.361
0.363
0.365
0.366
0.37
0.372
0.373
0.374
0.377
0.378
0.378
0.381
0.385
0.387
0.387
0.388
0.388
0.39
0.392
0.394
0.397
0.399
0.4
0.403
0.408
0.409
0.409
0.419
0.419
0.436
0.437
0.437
0.438
0.444
0.444
0.446
0.447
0.452
0.456
0.456
0.466
0.473
0.475
0.478
0.481
0.491
0.496
0.503
0.505
0.51
0.514
0.519
0.52
0.532
0.536
0.539
0.545
0.552
0.564
0.576
0.579
0.598
0.627
0.683
0.73
0.768
0.807
