0.592
0.604
0.604
0.606
0.608
0.609
0.609
0.61
0.61
0.611
0.611
0.612
0.614
0.614
0.614
0.614
0.614
0.614
0.614
0.615
0.615
0.615
0.615
0.616
0.616
0.616
0.616
0.616
0.617
0.617
0.617
0.617
0.618
0.618
0.618
0.618
0.618
0.618
0.619
0.619
0.619
0.619
0.619
0.619
0.619
0.619
0.62
0.62
0.62
0.62
0.62
0.62
0.62
0.62
0.62
0.621
0.621
0.621
0.622
0.622
0.622
0.622
0.622
0.622
0.623
0.623
0.623
0.623
0.623
0.623
0.623
0.623
0.623
0.623
0.623
0.623
0.624
0.624
0.624
0.624
0.624
0.624
0.624
0.625
0.625
0.625
0.625
0.625
0.625
0.625
0.625
0.625
0.625
0.625
0.625
0.626
0.626
0.626
0.626
0.626
0.626
0.626
0.626
0.626
0.627
0.627
0.627
0.627
0.627
0.627
0.627
0.627
0.627
0.627
0.627
0.627
0.628
0.628
0.628
0.628
0.628
0.628
0.628
0.628
0.629
0.629
0.629
0.629
0.629
0.629
0.629
0.629
0.629
0.629
0.629
0.629
0.629
0.629
0.629
0.63
0.63
0.63
0.63
0.63
0.63
0.63
0.63
0.63
0.63
0.63
0.63
0.63
0.63
0.63
0.631
0.631
0.631
0.631
0.631
0.631
0.631
0.631
0.631
0.631
0.632
0.632
0.632
0.632
0.632
0.632
0.632
0.632
0.632
0.632
0.632
0.632
0.632
0.632
0.632
0.632
0.633
0.633
0.633
0.633
0.633
0.633
0.633
0.633
0.633
0.633
0.633
0.634
0.634
0.634
0.634
0.634
0.634
0.634
0.634
0.634
0.634
0.634
0.634
0.634
0.635
0.635
0.635
0.635
0.635
0.635
0.635
0.635
0.635
0.635
0.635
0.635
0.635
0.635
0.635
0.635
0.635
0.635
0.635
0.635
0.635
0.635
0.635
0.635
0.635
0.636
0.636
0.636
0.636
0.636
0.636
0.636
0.636
0.636
0.636
0.636
0.636
0.636
0.636
0.636
0.637
0.637
0.637
0.637
0.637
0.637
0.637
0.637
0.637
0.637
0.637
0.637
0.637
0.637
0.637
0.637
0.637
0.637
0.637
0.637
0.637
0.637
0.638
0.638
0.638
0.638
0.638
0.638
0.638
0.638
0.638
0.638
0.638
0.639
0.639
0.639
0.639
0.639
0.639
0.639
0.639
0.639
0.639
0.639
0.639
0.639
0.639
0.64
0.64
0.64
0.64
0.64
0.64
0.64
0.64
0.64
0.64
0.64
0.641
0.641
0.641
0.641
0.641
0.641
0.641
0.641
0.641
0.641
0.641
0.641
0.641
0.642
0.642
0.642
0.642
0.642
0.642
0.642
0.642
0.643
0.643
0.643
0.643
0.643
0.643
0.643
0.643
0.643
0.643
0.643
0.643
0.643
0.643
0.643
0.644
0.644
0.644
0.644
0.644
0.644
0.644
0.644
0.644
0.644
0.644
0.644
0.644
0.644
0.644
0.644
0.645
0.645
0.645
0.645
0.645
0.645
0.645
0.645
0.645
0.645
0.645
0.645
0.645
0.646
0.646
0.646
0.646
0.646
0.646
0.646
0.646
0.646
0.646
0.646
0.646
0.647
0.647
0.647
0.647
0.647
0.647
0.647
0.647
0.647
0.647
0.647
0.647
0.648
0.648
0.648
0.648
0.648
0.648
0.648
0.648
0.648
0.648
0.649
0.649
0.649
0.649
0.649
0.649
0.649
0.649
0.65
0.65
0.65
0.65
0.65
0.65
0.65
0.65
0.65
0.65
0.65
0.65
0.65
0.65
0.65
0.651
0.651
0.651
0.651
0.651
0.652
0.652
0.652
0.652
0.652
0.652
0.652
0.652
0.652
0.652
0.653
0.653
0.653
0.653
0.653
0.653
0.653
0.653
0.653
0.653
0.653
0.654
0.654
0.654
0.654
0.654
0.654
0.654
0.654
0.654
0.654
0.654
0.654
0.654
0.654
0.655
0.655
0.655
0.655
0.655
0.655
0.655
0.655
0.656
0.656
0.656
0.656
0.657
0.657
0.657
0.657
0.658
0.658
0.658
0.658
0.658
0.658
0.658
0.659
0.659
0.659
0.659
0.659
0.66
0.66
0.66
0.66
0.66
0.66
0.66
0.66
0.661
0.661
0.662
0.662
0.662
0.662
0.662
0.662
0.662
0.662
0.662
0.662
0.662
0.662
0.663
0.663
0.663
0.663
0.664
0.664
0.664
0.664
0.664
0.664
0.664
0.665
0.665
0.665
0.666
0.666
0.666
0.666
0.667
0.667
0.667
0.667
0.667
0.667
0.668
0.668
0.668
0.668
0.668
0.668
0.669
0.669
0.669
0.67
0.67
0.67
0.67
0.67
0.672
0.672
0.672
0.672
0.672
0.672
0.672
0.673
0.673
0.673
0.674
0.675
0.675
0.675
0.675
0.675
0.675
0.676
0.676
0.676
0.677
0.677
0.677
0.677
0.678
0.678
0.678
0.678
0.679
0.679
0.679
0.679
0.679
0.68
0.68
0.68
0.681
0.681
0.682
0.682
0.682
0.683
0.683
0.683
0.683
0.684
0.685
0.685
0.685
0.685
0.685
0.686
0.686
0.686
0.687
0.687
0.687
0.687
0.687
0.688
0.688
0.688
0.688
0.688
0.688
0.688
0.689
0.689
0.69
0.69
0.69
0.69
0.69
0.69
0.691
0.691
0.691
0.693
0.693
0.693
0.693
0.694
0.696
0.697
0.698
0.698
0.698
0.698
0.698
0.698
0.698
0.699
0.699
0.7
0.701
0.702
0.703
0.704
0.704
0.704
0.706
0.706
0.706
0.707
0.707
0.708
0.709
0.71
0.711
0.711
0.711
0.712
0.712
0.712
0.713
0.713
0.714
0.714
0.714
0.715
0.716
0.716
0.717
0.717
0.718
0.718
0.719
0.719
0.72
0.72
0.721
0.721
0.722
0.723
0.723
0.723
0.724
0.725
0.725
0.725
0.726
0.727
0.728
0.728
0.73
0.73
0.731
0.732
0.733
0.733
0.733
0.734
0.734
0.735
0.735
0.735
0.736
0.738
0.739
0.739
0.739
0.74
0.741
0.741
0.742
0.743
0.743
0.743
0.744
0.745
0.747
0.748
0.748
0.748
0.748
0.749
0.749
0.75
0.751
0.752
0.752
0.752
0.753
0.754
0.754
0.754
0.756
0.756
0.757
0.757
0.757
0.757
0.757
0.759
0.76
0.76
0.76
0.76
0.76
0.761
0.762
0.763
0.764
0.765
0.766
0.768
0.768
0.771
0.775
0.775
0.778
0.78
0.781
0.781
0.784
0.786
0.786
0.787
0.787
0.788
0.788
0.79
0.796
0.797
0.797
0.798
0.799
0.801
0.803
0.806
0.806
0.809
0.813
0.814
0.816
0.819
0.82
0.822
0.824
0.825
0.827
0.827
0.833
0.833
0.834
0.835
0.837
0.839
0.841
0.844
0.845
0.845
0.848
0.85
0.851
0.856
0.857
0.858
0.858
0.864
0.869
0.869
0.877
0.879
0.88
0.881
0.881
0.882
0.891
0.891
0.892
0.892
0.896
0.899
0.9
0.9
0.906
0.908
0.909
0.91
0.91
0.915
0.916
0.916
0.917
0.917
0.918
0.92
0.924
0.926
0.934
0.936
0.937
0.939
0.939
0.943
0.943
0.945
0.955
0.956
0.957
0.967
0.971
0.974
0.978
0.981
0.992
0.994
1
1
1
1
1
1
1
1
1
1
1
1
1
1
1
1
1
1
1
1
1
1
1
1
1
1
1
1
1
1
1
1
1
1
1
1
1
1
1
1
1
1
1
1
1
1
1
1
1
1
1
1
1
1
1
1
1
1
1
1
1
1
1
1
1
1
1
1
1
1
1
1
1
1
1
1
1
1
1
1
1
1
1
1
1
1
1
1
1
1
1
1
1
1
1
1
1
1
1
1
1
1
1
1
1
1
1
1
1
1
1
1
1
1
1
1
1
1
1
1
1
1
1
1
1
1
1
1
1
1
1
1
1
1
1
1
1
1
1
1
