0.595
0.599
0.607
0.607
0.608
0.608
0.608
0.609
0.61
0.611
0.611
0.611
0.611
0.612
0.612
0.612
0.613
0.614
0.614
0.615
0.615
0.615
0.615
0.615
0.615
0.616
0.616
0.616
0.616
0.616
0.617
0.617
0.618
0.618
0.618
0.618
0.618
0.618
0.619
0.619
0.619
0.619
0.619
0.619
0.62
0.62
0.62
0.621
0.621
0.621
0.621
0.621
0.621
0.621
0.621
0.621
0.622
0.622
0.622
0.622
0.622
0.623
0.623
0.623
0.623
0.623
0.623
0.623
0.624
0.624
0.624
0.624
0.624
0.624
0.624
0.625
0.625
0.625
0.625
0.625
0.625
0.625
0.625
0.625
0.626
0.626
0.626
0.626
0.626
0.626
0.626
0.626
0.626
0.626
0.626
0.626
0.626
0.627
0.627
0.627
0.627
0.627
0.627
0.627
0.627
0.627
0.627
0.627
0.628
0.628
0.628
0.628
0.628
0.628
0.628
0.628
0.628
0.628
0.628
0.628
0.628
0.629
0.629
0.629
0.629
0.629
0.629
0.629
0.629
0.629
0.629
0.629
0.629
0.629
0.629
0.629
0.629
0.63
0.63
0.63
0.63
0.63
0.63
0.63
0.63
0.63
0.63
0.631
0.631
0.631
0.631
0.631
0.632
0.632
0.632
0.632
0.632
0.632
0.632
0.632
0.632
0.632
0.632
0.633
0.633
0.633
0.633
0.633
0.633
0.633
0.633
0.633
0.633
0.633
0.633
0.633
0.633
0.633
0.633
0.634
0.634
0.634
0.634
0.634
0.634
0.634
0.634
0.634
0.634
0.634
0.634
0.634
0.634
0.634
0.635
0.635
0.635
0.635
0.635
0.635
0.635
0.635
0.635
0.635
0.635
0.635
0.635
0.635
0.636
0.636
0.636
0.636
0.636
0.636
0.636
0.636
0.636
0.636
0.636
0.637
0.637
0.637
0.637
0.637
0.637
0.637
0.637
0.637
0.637
0.637
0.637
0.637
0.637
0.637
0.637
0.637
0.638
0.638
0.638
0.638
0.638
0.638
0.638
0.638
0.638
0.638
0.638
0.638
0.638
0.639
0.639
0.639
0.639
0.639
0.639
0.639
0.639
0.639
0.639
0.639
0.639
0.639
0.639
0.639
0.639
0.639
0.64
0.64
0.64
0.64
0.64
0.64
0.64
0.641
0.641
0.641
0.641
0.641
0.641
0.641
0.642
0.642
0.642
0.642
0.642
0.642
0.642
0.642
0.642
0.642
0.642
0.643
0.643
0.643
0.643
0.643
0.643
0.643
0.644
0.644
0.644
0.644
0.644
0.644
0.644
0.644
0.644
0.644
0.644
0.644
0.644
0.644
0.644
0.644
0.644
0.644
0.644
0.644
0.645
0.645
0.645
0.645
0.645
0.645
0.645
0.645
0.645
0.645
0.646
0.646
0.646
0.646
0.646
0.646
0.646
0.646
0.646
0.646
0.646
0.647
0.647
0.647
0.647
0.647
0.647
0.647
0.647
0.647
0.647
0.648
0.648
0.648
0.648
0.648
0.648
0.648
0.648
0.648
0.648
0.648
0.648
0.648
0.648
0.648
0.649
0.649
0.649
0.649
0.649
0.649
0.649
0.649
0.649
0.649
0.65
0.65
0.65
0.65
0.65
0.65
0.65
0.65
0.65
0.651
0.651
0.651
0.651
0.651
0.651
0.651
0.651
0.651
0.651
0.651
0.651
0.651
0.652
0.652
0.652
0.652
0.652
0.652
0.652
0.652
0.652
0.652
0.652
0.652
0.652
0.652
0.652
0.652
0.652
0.652
0.653
0.653
0.653
0.653
0.653
0.653
0.653
0.653
0.653
0.653
0.653
0.654
0.654
0.654
0.655
0.655
0.655
0.655
0.655
0.655
0.655
0.655
0.655
0.655
0.655
0.656
0.656
0.656
0.656
0.656
0.656
0.656
0.656
0.656
0.657
0.657
0.657
0.657
0.657
0.658
0.658
0.658
0.658
0.658
0.658
0.658
0.659
0.659
0.659
0.659
0.659
0.659
0.66
0.66
0.66
0.66
0.66
0.66
0.66
0.66
0.661
0.661
0.661
0.661
0.661
0.662
0.662
0.662
0.662
0.662
0.662
0.662
0.663
0.663
0.663
0.663
0.664
0.664
0.664
0.664
0.664
0.665
0.665
0.665
0.665
0.665
0.665
0.665
0.666
0.666
0.666
0.666
0.666
0.666
0.666
0.666
0.666
0.666
0.667
0.667
0.667
0.667
0.668
0.668
0.668
0.668
0.668
0.668
0.668
0.669
0.67
0.67
0.67
0.67
0.671
0.671
0.671
0.671
0.671
0.671
0.672
0.672
0.672
0.672
0.672
0.674
0.674
0.675
0.675
0.675
0.676
0.676
0.676
0.677
0.677
0.677
0.677
0.678
0.678
0.679
0.679
0.68
0.68
0.68
0.68
0.68
0.681
0.681
0.681
0.682
0.682
0.682
0.682
0.682
0.682
0.683
0.683
0.684
0.685
0.686
0.687
0.687
0.687
0.687
0.687
0.687
0.688
0.688
0.688
0.688
0.689
0.689
0.689
0.69
0.69
0.69
0.691
0.692
0.692
0.693
0.694
0.695
0.695
0.696
0.696
0.697
0.697
0.697
0.698
0.698
0.698
0.698
0.699
0.699
0.699
0.699
0.7
0.7
0.7
0.701
0.701
0.702
0.702
0.702
0.702
0.703
0.703
0.704
0.705
0.705
0.705
0.705
0.705
0.705
0.706
0.706
0.706
0.707
0.707
0.707
0.71
0.71
0.71
0.711
0.711
0.711
0.712
0.712
0.713
0.713
0.713
0.714
0.715
0.717
0.717
0.717
0.718
0.719
0.72
0.72
0.721
0.721
0.721
0.722
0.722
0.722
0.722
0.723
0.724
0.724
0.725
0.725
0.726
0.726
0.726
0.728
0.728
0.728
0.728
0.728
0.729
0.729
0.73
0.73
0.731
0.732
0.732
0.735
0.737
0.737
0.738
0.739
0.739
0.739
0.74
0.74
0.74
0.741
0.741
0.742
0.742
0.743
0.743
0.743
0.744
0.744
0.744
0.746
0.747
0.747
0.747
0.747
0.748
0.749
0.75
0.75
0.751
0.751
0.752
0.752
0.753
0.753
0.754
0.754
0.755
0.757
0.757
0.759
0.76
0.761
0.761
0.762
0.762
0.763
0.764
0.764
0.765
0.765
0.766
0.766
0.768
0.768
0.768
0.768
0.771
0.771
0.772
0.773
0.775
0.776
0.777
0.778
0.779
0.782
0.783
0.783
0.785
0.788
0.792
0.792
0.792
0.794
0.794
0.796
0.796
0.797
0.797
0.804
0.806
0.807
0.807
0.81
0.81
0.81
0.81
0.812
0.815
0.817
0.818
0.823
0.824
0.826
0.826
0.828
0.829
0.831
0.832
0.833
0.833
0.833
0.834
0.835
0.835
0.837
0.839
0.84
0.842
0.843
0.845
0.847
0.849
0.85
0.85
0.852
0.853
0.853
0.854
0.86
0.865
0.868
0.869
0.87
0.873
0.874
0.874
0.879
0.883
0.883
0.884
0.885
0.885
0.888
0.889
0.89
0.891
0.891
0.892
0.894
0.897
0.898
0.898
0.903
0.903
0.905
0.911
0.912
0.912
0.913
0.913
0.923
0.923
0.926
0.928
0.933
0.934
0.937
0.937
0.937
0.938
0.94
0.941
0.944
0.948
0.948
0.949
0.952
0.956
0.956
0.964
0.966
0.97
0.971
0.976
0.981
0.986
0.987
0.992
0.993
1
1
1
1
1
1
1
1
1
1
1
1
1
1
1
1
1
1
1
1
1
1
1
1
1
1
1
1
1
1
1
1
1
1
1
1
1
1
1
1
1
1
1
1
1
1
1
1
1
1
1
1
1
1
1
1
1
1
1
1
1
1
1
1
1
1
1
1
1
1
1
1
1
1
1
1
1
1
1
1
1
1
1
1
1
1
1
1
1
1
1
1
1
1
1
1
1
1
1
1
1
1
1
1
1
1
1
1
1
1
1
1
1
1
1
1
1
1
1
1
1
1
1
1
1
1
1
1
1
1
1
1
1
1
1
1
1
1
