0.464
0.492
0.495
0.511
0.512
0.519
0.525
0.528
0.529
0.533
0.536
0.538
0.54
0.54
0.542
0.542
0.544
0.545
0.545
0.545
0.548
0.548
0.548
0.549
0.551
0.551
0.552
0.552
0.552
0.553
0.554
0.555
0.556
0.556
0.556
0.556
0.556
0.557
0.557
0.557
0.557
0.557
0.558
0.558
0.559
0.559
0.559
0.559
0.56
0.56
0.56
0.56
0.562
0.562
0.563
0.564
0.564
0.564
0.564
0.564
0.566
0.566
0.567
0.567
0.567
0.568
0.569
0.569
0.569
0.57
0.57
0.571
0.571
0.571
0.571
0.573
0.573
0.573
0.574
0.574
0.574
0.575
0.575
0.575
0.575
0.576
0.576
0.576
0.576
0.577
0.577
0.578
0.579
0.579
0.58
0.58
0.58
0.58
0.58
0.58
0.58
0.58
0.58
0.581
0.583
0.583
0.583
0.583
0.583
0.584
0.584
0.584
0.584
0.585
0.585
0.585
0.585
0.585
0.585
0.585
0.585
0.585
0.586
0.586
0.587
0.587
0.587
0.587
0.587
0.587
0.587
0.587
0.588
0.589
0.589
0.589
0.589
0.589
0.589
0.589
0.589
0.59
0.59
0.59
0.59
0.59
0.59
0.59
0.591
0.591
0.591
0.591
0.591
0.592
0.592
0.592
0.592
0.592
0.592
0.592
0.593
0.593
0.593
0.593
0.593
0.593
0.593
0.594
0.594
0.594
0.595
0.595
0.595
0.596
0.596
0.596
0.596
0.596
0.596
0.596
0.596
0.596
0.596
0.597
0.597
0.598
0.598
0.598
0.598
0.598
0.598
0.599
0.599
0.6
0.601
0.601
0.601
0.601
0.601
0.602
0.602
0.602
0.602
0.602
0.602
0.603
0.603
0.603
0.603
0.603
0.603
0.604
0.604
0.604
0.604
0.604
0.604
0.604
0.605
0.605
0.605
0.605
0.605
0.606
0.606
0.606
0.606
0.606
0.606
0.606
0.607
0.607
0.607
0.607
0.607
0.607
0.608
0.608
0.608
0.608
0.608
0.608
0.608
0.608
0.609
0.609
0.609
0.609
0.61
0.61
0.61
0.61
0.61
0.61
0.61
0.61
0.61
0.61
0.611
0.611
0.611
0.611
0.611
0.612
0.612
0.612
0.612
0.612
0.612
0.613
0.613
0.613
0.613
0.613
0.614
0.614
0.614
0.614
0.614
0.614
0.615
0.616
0.616
0.616
0.616
0.616
0.616
0.616
0.616
0.616
0.617
0.617
0.617
0.618
0.618
0.618
0.618
0.618
0.619
0.619
0.619
0.619
0.619
0.619
0.619
0.62
0.62
0.62
0.62
0.62
0.62
0.62
0.621
0.621
0.621
0.622
0.622
0.622
0.622
0.622
0.622
0.623
0.623
0.623
0.624
0.624
0.624
0.624
0.624
0.625
0.625
0.625
0.625
0.625
0.625
0.626
0.626
0.626
0.626
0.626
0.627
0.627
0.627
0.627
0.627
0.627
0.628
0.628
0.628
0.629
0.629
0.629
0.629
0.63
0.63
0.631
0.631
0.631
0.631
0.632
0.632
0.632
0.632
0.632
0.632
0.632
0.632
0.633
0.633
0.633
0.633
0.633
0.633
0.633
0.633
0.634
0.634
0.634
0.635
0.635
0.635
0.635
0.635
0.635
0.635
0.636
0.636
0.636
0.636
0.636
0.637
0.637
0.637
0.637
0.637
0.638
0.638
0.638
0.638
0.639
0.639
0.639
0.639
0.639
0.639
0.64
0.64
0.64
0.641
0.641
0.641
0.642
0.642
0.642
0.643
0.643
0.643
0.643
0.643
0.643
0.643
0.643
0.644
0.644
0.644
0.644
0.644
0.644
0.644
0.644
0.644
0.644
0.644
0.644
0.645
0.646
0.646
0.646
0.646
0.646
0.646
0.646
0.646
0.646
0.646
0.646
0.646
0.647
0.647
0.647
0.647
0.647
0.647
0.648
0.648
0.648
0.648
0.648
0.648
0.649
0.649
0.649
0.649
0.649
0.649
0.65
0.65
0.65
0.65
0.65
0.65
0.65
0.65
0.65
0.65
0.651
0.651
0.651
0.652
0.652
0.652
0.652
0.652
0.653
0.653
0.653
0.653
0.653
0.654
0.654
0.654
0.654
0.654
0.655
0.655
0.655
0.656
0.656
0.656
0.656
0.656
0.657
0.657
0.657
0.658
0.659
0.659
0.659
0.659
0.659
0.659
0.659
0.66
0.66
0.66
0.66
0.66
0.66
0.661
0.661
0.661
0.661
0.661
0.661
0.662
0.663
0.663
0.663
0.663
0.663
0.663
0.663
0.664
0.664
0.664
0.664
0.665
0.665
0.665
0.665
0.665
0.665
0.665
0.666
0.666
0.667
0.667
0.667
0.668
0.669
0.669
0.669
0.669
0.67
0.67
0.671
0.671
0.672
0.672
0.672
0.672
0.672
0.673
0.673
0.674
0.674
0.675
0.675
0.676
0.677
0.677
0.677
0.678
0.678
0.678
0.678
0.678
0.68
0.681
0.681
0.681
0.682
0.682
0.683
0.683
0.683
0.683
0.684
0.684
0.685
0.685
0.685
0.685
0.685
0.685
0.685
0.686
0.686
0.687
0.687
0.687
0.687
0.688
0.688
0.688
0.688
0.688
0.689
0.69
0.69
0.69
0.69
0.691
0.691
0.691
0.691
0.691
0.692
0.692
0.693
0.693
0.693
0.693
0.693
0.696
0.696
0.696
0.696
0.697
0.697
0.697
0.698
0.698
0.699
0.699
0.699
0.7
0.7
0.7
0.7
0.701
0.701
0.702
0.702
0.702
0.703
0.703
0.704
0.705
0.705
0.705
0.705
0.706
0.706
0.707
0.707
0.708
0.708
0.709
0.71
0.71
0.71
0.71
0.71
0.712
0.712
0.712
0.712
0.714
0.715
0.716
0.716
0.716
0.717
0.718
0.719
0.719
0.72
0.72
0.721
0.722
0.723
0.723
0.724
0.724
0.725
0.725
0.726
0.726
0.726
0.727
0.728
0.728
0.728
0.729
0.729
0.729
0.729
0.731
0.732
0.732
0.732
0.733
0.734
0.734
0.735
0.736
0.736
0.737
0.737
0.738
0.738
0.739
0.74
0.741
0.741
0.742
0.743
0.743
0.744
0.744
0.745
0.745
0.747
0.749
0.749
0.751
0.751
0.751
0.751
0.753
0.753
0.754
0.755
0.755
0.756
0.757
0.757
0.758
0.758
0.758
0.759
0.759
0.759
0.76
0.76
0.761
0.761
0.764
0.765
0.765
0.765
0.765
0.766
0.766
0.766
0.767
0.77
0.771
0.771
0.772
0.772
0.775
0.776
0.777
0.778
0.78
0.782
0.784
0.784
0.784
0.786
0.787
0.788
0.79
0.791
0.793
0.795
0.796
0.796
0.796
0.797
0.798
0.799
0.803
0.804
0.805
0.805
0.807
0.81
0.81
0.81
0.812
0.812
0.813
0.813
0.814
0.821
0.822
0.825
0.825
0.825
0.826
0.827
0.828
0.83
0.832
0.836
0.837
0.837
0.837
0.838
0.838
0.839
0.841
0.841
0.842
0.843
0.845
0.85
0.851
0.852
0.857
0.858
0.858
0.861
0.863
0.864
0.865
0.871
0.872
0.876
0.877
0.877
0.881
0.883
0.887
0.89
0.891
0.892
0.892
0.893
0.894
0.898
0.898
0.904
0.904
0.907
0.909
0.911
0.911
0.912
0.917
0.918
0.924
0.925
0.925
0.93
0.93
0.932
0.933
0.934
0.934
0.935
0.936
0.937
0.937
0.942
0.943
0.944
0.944
0.948
0.95
0.951
0.951
0.954
0.956
0.956
0.956
0.958
0.962
0.964
0.966
0.967
0.967
0.968
0.979
0.986
0.987
0.991
0.992
0.993
0.999
1
1
1
1
1
1
1
1
1
1
1
1
1
1
1
1
1
1
1
1
1
1
1
1
1
1
1
1
1
1
1
1
1
1
1
1
1
1
1
1
1
1
1
1
1
1
1
1
1
1
1
1
1
1
1
1
1
1
1
1
1
1
1
1
1
1
1
1
1
1
1
1
1
1
1
1
1
1
1
1
1
1
1
1
1
1
1
1
1
1
1
1
1
1
1
1
1
1
1
1
1
1
1
1
1
1
1
