0.32
0.32
0.321
0.321
0.322
0.322
0.323
0.323
0.323
0.323
0.323
0.323
0.324
0.324
0.324
0.324
0.324
0.324
0.324
0.325
0.325
0.325
0.325
0.325
0.325
0.325
0.326
0.326
0.326
0.326
0.326
0.326
0.326
0.326
0.326
0.326
0.326
0.326
0.326
0.326
0.326
0.326
0.326
0.326
0.326
0.326
0.326
0.327
0.327
0.327
0.327
0.327
0.327
0.327
0.327
0.327
0.327
0.327
0.327
0.327
0.327
0.327
0.327
0.327
0.327
0.327
0.327
0.327
0.327
0.327
0.327
0.328
0.328
0.328
0.328
0.328
0.328
0.328
0.328
0.328
0.328
0.328
0.328
0.328
0.328
0.328
0.328
0.328
0.328
0.328
0.328
0.328
0.328
0.328
0.329
0.329
0.329
0.329
0.329
0.329
0.329
0.329
0.329
0.329
0.329
0.329
0.329
0.329
0.329
0.329
0.329
0.329
0.329
0.329
0.329
0.329
0.329
0.329
0.329
0.329
0.329
0.329
0.329
0.329
0.329
0.329
0.329
0.329
0.329
0.33
0.33
0.33
0.33
0.33
0.33
0.33
0.33
0.33
0.33
0.33
0.33
0.33
0.33
0.33
0.33
0.33
0.33
0.33
0.33
0.33
0.33
0.33
0.33
0.33
0.33
0.33
0.33
0.33
0.33
0.33
0.33
0.33
0.33
0.33
0.33
0.331
0.331
0.331
0.331
0.331
0.331
0.331
0.331
0.331
0.331
0.331
0.331
0.331
0.331
0.331
0.331
0.331
0.331
0.331
0.331
0.331
0.331
0.331
0.331
0.331
0.331
0.331
0.331
0.331
0.331
0.331
0.331
0.331
0.332
0.332
0.332
0.332
0.332
0.332
0.332
0.332
0.332
0.332
0.332
0.332
0.332
0.332
0.332
0.332
0.332
0.332
0.332
0.332
0.332
0.332
0.332
0.332
0.332
0.332
0.332
0.332
0.332
0.332
0.332
0.332
0.332
0.332
0.332
0.333
0.333
0.333
0.333
0.333
0.333
0.333
0.333
0.333
0.333
0.333
0.333
0.333
0.333
0.333
0.333
0.333
0.333
0.333
0.333
0.333
0.333
0.333
0.333
0.333
0.333
0.333
0.333
0.333
0.333
0.333
0.333
0.333
0.333
0.333
0.333
0.333
0.333
0.333
0.333
0.334
0.334
0.334
0.334
0.334
0.334
0.334
0.334
0.334
0.334
0.334
0.334
0.334
0.334
0.334
0.334
0.334
0.334
0.334
0.334
0.334
0.334
0.334
0.334
0.334
0.334
0.334
0.334
0.334
0.334
0.334
0.334
0.334
0.334
0.334
0.334
0.334
0.334
0.335
0.335
0.335
0.335
0.335
0.335
0.335
0.335
0.335
0.335
0.335
0.335
0.335
0.335
0.335
0.335
0.335
0.335
0.335
0.335
0.335
0.335
0.335
0.335
0.335
0.335
0.335
0.335
0.335
0.335
0.335
0.335
0.335
0.335
0.335
0.335
0.335
0.335
0.335
0.335
0.335
0.336
0.336
0.336
0.336
0.336
0.336
0.336
0.336
0.336
0.336
0.336
0.336
0.336
0.336
0.336
0.336
0.336
0.336
0.336
0.336
0.336
0.336
0.336
0.336
0.336
0.336
0.336
0.336
0.336
0.336
0.337
0.337
0.337
0.337
0.337
0.337
0.337
0.337
0.337
0.337
0.337
0.337
0.337
0.337
0.337
0.337
0.337
0.337
0.337
0.337
0.337
0.337
0.337
0.337
0.337
0.337
0.337
0.338
0.338
0.338
0.338
0.338
0.338
0.338
0.338
0.338
0.338
0.338
0.338
0.338
0.338
0.338
0.338
0.338
0.338
0.338
0.338
0.338
0.338
0.338
0.338
0.338
0.338
0.338
0.338
0.338
0.339
0.339
0.339
0.339
0.339
0.339
0.339
0.339
0.339
0.339
0.339
0.339
0.339
0.339
0.34
0.34
0.34
0.34
0.34
0.34
0.34
0.34
0.34
0.34
0.34
0.341
0.341
0.341
0.341
0.341
0.341
0.341
0.341
0.341
0.341
0.341
0.341
0.341
0.341
0.341
0.341
0.342
0.342
0.342
0.342
0.342
0.342
0.342
0.342
0.342
0.342
0.342
0.342
0.342
0.342
0.342
0.342
0.342
0.343
0.343
0.343
0.343
0.343
0.343
0.343
0.343
0.343
0.343
0.343
0.343
0.343
0.343
0.343
0.343
0.343
0.343
0.344
0.344
0.344
0.344
0.344
0.344
0.344
0.344
0.344
0.344
0.344
0.345
0.345
0.345
0.345
0.345
0.345
0.345
0.345
0.345
0.345
0.345
0.346
0.346
0.346
0.346
0.346
0.346
0.346
0.346
0.347
0.347
0.347
0.347
0.347
0.347
0.347
0.347
0.347
0.347
0.347
0.347
0.347
0.347
0.347
0.347
0.347
0.348
0.348
0.348
0.348
0.348
0.348
0.348
0.349
0.349
0.349
0.349
0.349
0.349
0.349
0.349
0.349
0.35
0.35
0.35
0.35
0.35
0.35
0.35
0.35
0.35
0.35
0.35
0.35
0.351
0.351
0.351
0.351
0.351
0.351
0.351
0.351
0.351
0.351
0.351
0.352
0.352
0.352
0.352
0.352
0.352
0.352
0.352
0.353
0.353
0.353
0.353
0.354
0.354
0.354
0.354
0.354
0.354
0.355
0.355
0.355
0.355
0.355
0.355
0.355
0.355
0.355
0.356
0.356
0.356
0.356
0.356
0.356
0.356
0.356
0.356
0.357
0.357
0.357
0.357
0.357
0.357
0.358
0.358
0.358
0.358
0.358
0.359
0.359
0.359
0.359
0.359
0.359
0.359
0.36
0.36
0.36
0.36
0.36
0.36
0.361
0.361
0.362
0.362
0.362
0.363
0.363
0.363
0.363
0.363
0.363
0.363
0.363
0.363
0.363
0.364
0.364
0.365
0.365
0.365
0.366
0.366
0.366
0.366
0.366
0.366
0.366
0.366
0.367
0.368
0.368
0.368
0.369
0.369
0.369
0.369
0.369
0.369
0.369
0.369
0.369
0.37
0.37
0.37
0.37
0.37
0.37
0.37
0.371
0.372
0.372
0.372
0.372
0.372
0.372
0.372
0.373
0.374
0.374
0.374
0.375
0.375
0.375
0.375
0.375
0.375
0.375
0.375
0.376
0.376
0.376
0.376
0.377
0.377
0.378
0.378
0.379
0.379
0.38
0.38
0.381
0.381
0.381
0.382
0.382
0.382
0.382
0.382
0.383
0.383
0.383
0.384
0.384
0.384
0.384
0.384
0.384
0.384
0.384
0.385
0.385
0.385
0.386
0.387
0.387
0.389
0.389
0.389
0.39
0.391
0.392
0.392
0.392
0.392
0.392
0.392
0.393
0.394
0.395
0.395
0.396
0.397
0.397
0.397
0.397
0.398
0.398
0.398
0.399
0.399
0.4
0.401
0.402
0.402
0.403
0.404
0.404
0.404
0.405
0.405
0.405
0.407
0.407
0.407
0.408
0.408
0.408
0.408
0.408
0.408
0.409
0.409
0.409
0.409
0.41
0.41
0.41
0.41
0.41
0.411
0.412
0.412
0.413
0.414
0.415
0.416
0.416
0.416
0.416
0.416
0.417
0.417
0.418
0.418
0.418
0.418
0.419
0.42
0.42
0.422
0.423
0.423
0.425
0.425
0.426
0.427
0.43
0.431
0.431
0.431
0.432
0.432
0.432
0.432
0.436
0.436
0.438
0.438
0.439
0.44
0.441
0.442
0.443
0.443
0.444
0.445
0.446
0.447
0.448
0.448
0.449
0.45
0.451
0.451
0.453
0.453
0.456
0.456
0.457
0.458
0.459
0.459
0.459
0.459
0.459
0.46
0.46
0.46
0.46
0.461
0.462
0.463
0.463
0.463
0.465
0.466
0.467
0.467
0.467
0.47
0.476
0.476
0.478
0.48
0.481
0.481
0.482
0.483
0.484
0.485
0.486
0.487
0.488
0.488
0.488
0.489
0.49
0.492
0.494
0.494
0.496
0.498
0.498
0.5
0.502
0.502
0.503
0.503
0.503
0.504
0.505
0.509
0.51
0.51
0.514
0.517
0.517
0.519
0.523
0.524
0.526
0.527
0.527
0.532
0.534
0.535
0.538
0.546
0.546
0.547
0.551
0.563
0.563
0.566
0.573
0.574
0.579
0.584
0.586
0.591
0.593
0.596
0.599
0.604
0.604
0.61
0.611
0.615
0.616
0.624
0.626
0.63
0.632
0.648
0.648
0.651
0.653
0.653
0.668
0.679
0.684
0.693
0.699
0.719
0.73
0.735
0.741
0.751
0.758
0.758
0.761
0.769
0.769
0.776
0.782
0.799
0.805
0.834
0.848
0.856
