0.319
0.319
0.32
0.32
0.321
0.321
0.321
0.321
0.322
0.322
0.322
0.323
0.323
0.323
0.323
0.323
0.323
0.324
0.324
0.324
0.324
0.324
0.324
0.324
0.324
0.324
0.324
0.325
0.325
0.325
0.325
0.325
0.325
0.325
0.325
0.325
0.325
0.325
0.325
0.325
0.326
0.326
0.326
0.326
0.326
0.326
0.326
0.326
0.326
0.326
0.326
0.326
0.326
0.326
0.326
0.326
0.326
0.326
0.326
0.327
0.327
0.327
0.327
0.327
0.327
0.327
0.327
0.327
0.327
0.327
0.327
0.327
0.327
0.327
0.327
0.327
0.327
0.327
0.327
0.327
0.328
0.328
0.328
0.328
0.328
0.328
0.328
0.328
0.328
0.328
0.328
0.328
0.328
0.328
0.328
0.328
0.328
0.328
0.328
0.328
0.328
0.328
0.328
0.328
0.328
0.328
0.328
0.328
0.328
0.329
0.329
0.329
0.329
0.329
0.329
0.329
0.329
0.329
0.329
0.329
0.329
0.329
0.329
0.329
0.329
0.329
0.329
0.329
0.329
0.329
0.329
0.329
0.329
0.329
0.329
0.329
0.329
0.329
0.329
0.329
0.329
0.33
0.33
0.33
0.33
0.33
0.33
0.33
0.33
0.33
0.33
0.33
0.33
0.33
0.33
0.33
0.33
0.33
0.33
0.33
0.33
0.33
0.33
0.33
0.33
0.33
0.33
0.33
0.33
0.33
0.33
0.33
0.331
0.331
0.331
0.331
0.331
0.331
0.331
0.331
0.331
0.331
0.331
0.331
0.331
0.331
0.331
0.331
0.331
0.331
0.331
0.331
0.331
0.331
0.331
0.331
0.331
0.331
0.331
0.331
0.331
0.331
0.331
0.331
0.331
0.331
0.331
0.331
0.331
0.332
0.332
0.332
0.332
0.332
0.332
0.332
0.332
0.332
0.332
0.332
0.332
0.332
0.332
0.332
0.332
0.332
0.332
0.332
0.332
0.332
0.332
0.332
0.332
0.332
0.332
0.332
0.332
0.332
0.332
0.332
0.332
0.332
0.332
0.332
0.332
0.332
0.332
0.333
0.333
0.333
0.333
0.333
0.333
0.333
0.333
0.333
0.333
0.333
0.333
0.333
0.333
0.333
0.333
0.333
0.333
0.333
0.333
0.333
0.333
0.333
0.333
0.333
0.333
0.333
0.333
0.333
0.333
0.333
0.333
0.333
0.333
0.333
0.333
0.333
0.333
0.333
0.333
0.333
0.333
0.333
0.333
0.333
0.334
0.334
0.334
0.334
0.334
0.334
0.334
0.334
0.334
0.334
0.334
0.334
0.334
0.334
0.334
0.334
0.334
0.334
0.334
0.334
0.334
0.334
0.334
0.334
0.334
0.334
0.334
0.334
0.334
0.334
0.334
0.334
0.334
0.334
0.334
0.334
0.334
0.334
0.335
0.335
0.335
0.335
0.335
0.335
0.335
0.335
0.335
0.335
0.335
0.335
0.335
0.335
0.335
0.335
0.335
0.335
0.335
0.335
0.335
0.335
0.335
0.335
0.335
0.335
0.335
0.335
0.335
0.335
0.335
0.335
0.335
0.335
0.335
0.335
0.335
0.335
0.335
0.336
0.336
0.336
0.336
0.336
0.336
0.336
0.336
0.336
0.336
0.336
0.336
0.336
0.336
0.336
0.336
0.336
0.336
0.336
0.336
0.336
0.336
0.336
0.336
0.336
0.336
0.336
0.336
0.336
0.337
0.337
0.337
0.337
0.337
0.337
0.337
0.337
0.337
0.337
0.337
0.337
0.337
0.337
0.337
0.337
0.337
0.337
0.337
0.337
0.337
0.337
0.337
0.337
0.337
0.337
0.337
0.337
0.337
0.338
0.338
0.338
0.338
0.338
0.338
0.338
0.338
0.338
0.338
0.338
0.338
0.338
0.338
0.338
0.338
0.338
0.338
0.338
0.338
0.338
0.339
0.339
0.339
0.339
0.339
0.339
0.339
0.339
0.339
0.339
0.339
0.339
0.339
0.339
0.339
0.339
0.339
0.339
0.339
0.339
0.339
0.34
0.34
0.34
0.34
0.34
0.34
0.34
0.34
0.34
0.34
0.34
0.34
0.34
0.34
0.34
0.341
0.341
0.341
0.341
0.341
0.341
0.341
0.341
0.341
0.341
0.341
0.341
0.342
0.342
0.342
0.342
0.342
0.342
0.342
0.342
0.342
0.342
0.342
0.342
0.342
0.342
0.343
0.343
0.343
0.343
0.343
0.343
0.343
0.343
0.343
0.343
0.343
0.343
0.343
0.343
0.343
0.343
0.343
0.343
0.343
0.343
0.344
0.344
0.344
0.344
0.344
0.344
0.344
0.344
0.344
0.344
0.344
0.344
0.344
0.344
0.344
0.345
0.345
0.345
0.345
0.345
0.345
0.345
0.346
0.346
0.346
0.346
0.346
0.346
0.346
0.346
0.346
0.347
0.347
0.347
0.347
0.347
0.347
0.347
0.347
0.347
0.347
0.348
0.348
0.348
0.348
0.348
0.348
0.348
0.348
0.348
0.348
0.349
0.349
0.349
0.349
0.349
0.349
0.349
0.349
0.349
0.35
0.35
0.35
0.35
0.35
0.35
0.35
0.35
0.35
0.351
0.351
0.351
0.351
0.351
0.351
0.351
0.351
0.351
0.352
0.352
0.352
0.352
0.352
0.352
0.352
0.352
0.352
0.352
0.352
0.353
0.353
0.353
0.353
0.353
0.353
0.353
0.353
0.354
0.354
0.354
0.354
0.355
0.355
0.355
0.355
0.355
0.356
0.356
0.356
0.356
0.356
0.356
0.356
0.357
0.357
0.357
0.357
0.358
0.358
0.358
0.358
0.358
0.359
0.359
0.359
0.359
0.359
0.359
0.36
0.36
0.36
0.36
0.36
0.361
0.361
0.361
0.362
0.362
0.362
0.362
0.362
0.362
0.362
0.362
0.362
0.362
0.362
0.362
0.363
0.363
0.363
0.363
0.363
0.363
0.363
0.363
0.363
0.363
0.364
0.364
0.364
0.364
0.364
0.365
0.365
0.365
0.365
0.365
0.366
0.366
0.366
0.366
0.366
0.366
0.366
0.367
0.367
0.367
0.367
0.367
0.367
0.368
0.368
0.368
0.368
0.368
0.369
0.369
0.369
0.369
0.369
0.37
0.37
0.37
0.37
0.371
0.371
0.371
0.372
0.372
0.372
0.372
0.372
0.372
0.372
0.372
0.373
0.373
0.373
0.373
0.373
0.373
0.373
0.373
0.374
0.374
0.374
0.374
0.374
0.375
0.376
0.376
0.376
0.377
0.377
0.377
0.378
0.378
0.379
0.379
0.379
0.38
0.38
0.381
0.381
0.381
0.381
0.382
0.382
0.382
0.382
0.382
0.382
0.383
0.384
0.384
0.384
0.384
0.384
0.385
0.386
0.386
0.386
0.386
0.386
0.387
0.387
0.388
0.388
0.388
0.389
0.389
0.389
0.389
0.39
0.39
0.391
0.391
0.391
0.392
0.393
0.393
0.393
0.393
0.393
0.394
0.394
0.394
0.395
0.395
0.395
0.395
0.396
0.398
0.398
0.398
0.398
0.398
0.398
0.399
0.399
0.399
0.4
0.401
0.401
0.401
0.402
0.402
0.402
0.402
0.403
0.404
0.404
0.405
0.406
0.406
0.408
0.408
0.409
0.409
0.411
0.411
0.412
0.412
0.412
0.413
0.413
0.413
0.415
0.415
0.415
0.416
0.416
0.417
0.417
0.418
0.42
0.42
0.423
0.424
0.425
0.425
0.425
0.426
0.426
0.427
0.428
0.429
0.43
0.431
0.431
0.433
0.435
0.437
0.442
0.443
0.443
0.444
0.444
0.445
0.445
0.446
0.446
0.447
0.447
0.447
0.448
0.449
0.451
0.451
0.453
0.454
0.454
0.454
0.455
0.455
0.455
0.455
0.458
0.458
0.459
0.462
0.462
0.462
0.463
0.463
0.463
0.463
0.464
0.465
0.465
0.466
0.466
0.469
0.469
0.469
0.471
0.471
0.472
0.473
0.475
0.475
0.476
0.478
0.478
0.482
0.482
0.484
0.485
0.486
0.488
0.488
0.488
0.49
0.49
0.491
0.491
0.492
0.492
0.496
0.497
0.497
0.5
0.501
0.506
0.508
0.51
0.511
0.513
0.514
0.514
0.516
0.52
0.522
0.524
0.528
0.536
0.537
0.54
0.541
0.542
0.543
0.545
0.55
0.557
0.558
0.563
0.563
0.581
0.583
0.585
0.591
0.592
0.593
0.597
0.6
0.605
0.616
0.624
0.626
0.628
0.632
0.633
0.641
0.646
0.65
0.652
0.656
0.657
0.664
0.666
0.669
0.679
0.68
0.685
0.694
0.721
0.729
0.737
0.759
