0.319
0.319
0.32
0.32
0.321
0.322
0.322
0.322
0.322
0.323
0.323
0.323
0.323
0.323
0.324
0.324
0.324
0.324
0.324
0.324
0.324
0.324
0.324
0.324
0.324
0.325
0.325
0.325
0.325
0.325
0.325
0.325
0.325
0.325
0.325
0.325
0.325
0.325
0.325
0.326
0.326
0.326
0.326
0.326
0.326
0.326
0.326
0.326
0.326
0.326
0.326
0.326
0.326
0.326
0.326
0.326
0.326
0.326
0.326
0.326
0.326
0.326
0.326
0.326
0.327
0.327
0.327
0.327
0.327
0.327
0.327
0.327
0.327
0.327
0.327
0.327
0.327
0.327
0.327
0.327
0.327
0.327
0.327
0.327
0.327
0.327
0.327
0.328
0.328
0.328
0.328
0.328
0.328
0.328
0.328
0.328
0.328
0.328
0.328
0.328
0.328
0.328
0.328
0.328
0.328
0.328
0.328
0.328
0.328
0.328
0.328
0.328
0.328
0.328
0.329
0.329
0.329
0.329
0.329
0.329
0.329
0.329
0.329
0.329
0.329
0.329
0.329
0.329
0.329
0.329
0.329
0.329
0.329
0.329
0.329
0.329
0.329
0.329
0.329
0.329
0.329
0.329
0.329
0.329
0.329
0.329
0.329
0.329
0.329
0.329
0.329
0.329
0.329
0.329
0.329
0.329
0.329
0.329
0.329
0.329
0.329
0.329
0.329
0.329
0.329
0.33
0.33
0.33
0.33
0.33
0.33
0.33
0.33
0.33
0.33
0.33
0.33
0.33
0.33
0.33
0.33
0.33
0.33
0.33
0.33
0.33
0.33
0.33
0.33
0.33
0.33
0.33
0.33
0.33
0.33
0.33
0.33
0.33
0.33
0.33
0.33
0.33
0.33
0.33
0.33
0.33
0.33
0.33
0.33
0.33
0.33
0.33
0.331
0.331
0.331
0.331
0.331
0.331
0.331
0.331
0.331
0.331
0.331
0.331
0.331
0.331
0.331
0.331
0.331
0.331
0.331
0.331
0.331
0.331
0.331
0.331
0.331
0.331
0.331
0.331
0.331
0.331
0.331
0.331
0.331
0.331
0.331
0.331
0.331
0.331
0.331
0.331
0.331
0.332
0.332
0.332
0.332
0.332
0.332
0.332
0.332
0.332
0.332
0.332
0.332
0.332
0.332
0.332
0.332
0.332
0.332
0.332
0.332
0.332
0.332
0.332
0.332
0.332
0.332
0.332
0.332
0.332
0.332
0.332
0.332
0.332
0.332
0.332
0.332
0.332
0.332
0.332
0.333
0.333
0.333
0.333
0.333
0.333
0.333
0.333
0.333
0.333
0.333
0.333
0.333
0.333
0.333
0.333
0.333
0.333
0.333
0.333
0.333
0.333
0.333
0.333
0.333
0.333
0.333
0.333
0.333
0.333
0.334
0.334
0.334
0.334
0.334
0.334
0.334
0.334
0.334
0.334
0.334
0.334
0.334
0.334
0.334
0.334
0.334
0.334
0.334
0.334
0.334
0.334
0.334
0.334
0.334
0.334
0.334
0.334
0.334
0.334
0.334
0.334
0.334
0.334
0.335
0.335
0.335
0.335
0.335
0.335
0.335
0.335
0.335
0.335
0.335
0.335
0.335
0.335
0.335
0.335
0.335
0.335
0.335
0.335
0.335
0.335
0.335
0.335
0.335
0.335
0.335
0.335
0.335
0.335
0.335
0.335
0.335
0.336
0.336
0.336
0.336
0.336
0.336
0.336
0.336
0.336
0.336
0.336
0.336
0.336
0.336
0.336
0.336
0.336
0.336
0.336
0.336
0.336
0.336
0.336
0.336
0.336
0.336
0.336
0.336
0.336
0.336
0.336
0.336
0.336
0.336
0.336
0.336
0.336
0.337
0.337
0.337
0.337
0.337
0.337
0.337
0.337
0.337
0.337
0.337
0.337
0.337
0.337
0.337
0.337
0.337
0.337
0.337
0.337
0.337
0.337
0.337
0.338
0.338
0.338
0.338
0.338
0.338
0.338
0.338
0.338
0.338
0.338
0.338
0.338
0.338
0.338
0.338
0.338
0.339
0.339
0.339
0.339
0.339
0.339
0.339
0.339
0.339
0.339
0.339
0.339
0.339
0.339
0.339
0.339
0.339
0.339
0.339
0.339
0.339
0.339
0.339
0.34
0.34
0.34
0.34
0.34
0.34
0.34
0.34
0.34
0.34
0.34
0.34
0.34
0.34
0.341
0.341
0.341
0.341
0.341
0.341
0.341
0.341
0.341
0.341
0.341
0.341
0.341
0.341
0.341
0.342
0.342
0.342
0.342
0.342
0.342
0.342
0.342
0.342
0.342
0.342
0.342
0.342
0.342
0.343
0.343
0.343
0.343
0.343
0.343
0.343
0.343
0.343
0.343
0.343
0.343
0.343
0.343
0.343
0.344
0.344
0.344
0.344
0.344
0.344
0.344
0.344
0.344
0.344
0.344
0.344
0.344
0.344
0.344
0.344
0.344
0.344
0.345
0.345
0.345
0.345
0.345
0.345
0.345
0.345
0.345
0.345
0.345
0.346
0.346
0.346
0.346
0.346
0.346
0.346
0.346
0.346
0.346
0.347
0.347
0.347
0.347
0.347
0.347
0.347
0.347
0.347
0.347
0.347
0.347
0.347
0.347
0.348
0.348
0.348
0.348
0.348
0.348
0.348
0.349
0.349
0.349
0.349
0.349
0.349
0.349
0.349
0.349
0.35
0.35
0.35
0.35
0.35
0.35
0.35
0.35
0.35
0.35
0.35
0.351
0.351
0.351
0.351
0.351
0.351
0.351
0.351
0.352
0.352
0.352
0.352
0.352
0.352
0.352
0.352
0.352
0.353
0.353
0.353
0.353
0.353
0.354
0.354
0.354
0.354
0.354
0.354
0.355
0.355
0.355
0.355
0.355
0.356
0.356
0.356
0.356
0.356
0.356
0.356
0.357
0.357
0.357
0.357
0.357
0.357
0.357
0.358
0.358
0.358
0.358
0.359
0.359
0.359
0.359
0.359
0.36
0.36
0.36
0.36
0.361
0.361
0.362
0.362
0.362
0.363
0.363
0.363
0.364
0.364
0.364
0.364
0.365
0.365
0.366
0.366
0.367
0.367
0.367
0.367
0.367
0.367
0.367
0.368
0.368
0.368
0.369
0.369
0.37
0.37
0.37
0.37
0.37
0.37
0.371
0.371
0.371
0.371
0.372
0.372
0.372
0.372
0.372
0.372
0.373
0.373
0.373
0.373
0.373
0.373
0.373
0.374
0.374
0.374
0.374
0.374
0.375
0.376
0.376
0.376
0.376
0.376
0.377
0.377
0.377
0.378
0.378
0.379
0.379
0.38
0.38
0.38
0.38
0.38
0.381
0.381
0.381
0.382
0.382
0.382
0.383
0.383
0.383
0.384
0.385
0.385
0.385
0.386
0.386
0.387
0.387
0.387
0.387
0.388
0.388
0.388
0.388
0.389
0.389
0.39
0.391
0.392
0.393
0.393
0.393
0.393
0.393
0.393
0.393
0.394
0.394
0.394
0.395
0.395
0.396
0.396
0.396
0.397
0.397
0.397
0.398
0.398
0.398
0.398
0.398
0.399
0.4
0.401
0.402
0.402
0.403
0.404
0.404
0.404
0.406
0.406
0.406
0.407
0.407
0.407
0.408
0.408
0.408
0.408
0.408
0.408
0.409
0.409
0.411
0.411
0.412
0.412
0.412
0.413
0.413
0.413
0.414
0.414
0.415
0.416
0.417
0.417
0.418
0.418
0.42
0.42
0.42
0.42
0.422
0.423
0.425
0.425
0.426
0.427
0.428
0.428
0.43
0.431
0.432
0.432
0.432
0.434
0.435
0.436
0.436
0.437
0.438
0.438
0.439
0.441
0.441
0.443
0.443
0.443
0.447
0.448
0.449
0.449
0.451
0.451
0.452
0.453
0.453
0.455
0.456
0.458
0.459
0.459
0.459
0.459
0.459
0.46
0.46
0.46
0.463
0.464
0.466
0.47
0.472
0.473
0.474
0.475
0.475
0.477
0.477
0.478
0.478
0.479
0.48
0.481
0.482
0.485
0.486
0.489
0.49
0.492
0.492
0.495
0.495
0.497
0.498
0.5
0.504
0.504
0.508
0.51
0.51
0.514
0.516
0.529
0.531
0.532
0.533
0.537
0.538
0.547
0.552
0.555
0.555
0.556
0.556
0.556
0.556
0.557
0.559
0.559
0.561
0.568
0.569
0.573
0.579
0.586
0.587
0.589
0.593
0.597
0.598
0.599
0.602
0.603
0.606
0.609
0.612
0.614
0.615
0.62
0.635
0.644
0.645
0.647
0.652
0.655
0.657
0.663
0.665
0.669
0.671
0.675
0.676
0.68
0.681
0.688
0.693
0.693
0.742
0.755
0.766
0.768
0.782
0.787
0.831
0.87
0.883
