0.318
0.319
0.319
0.32
0.321
0.321
0.322
0.322
0.322
0.323
0.324
0.324
0.324
0.324
0.324
0.324
0.324
0.324
0.324
0.324
0.324
0.324
0.324
0.325
0.325
0.325
0.325
0.325
0.325
0.325
0.325
0.325
0.325
0.325
0.325
0.325
0.325
0.325
0.325
0.325
0.326
0.326
0.326
0.326
0.326
0.326
0.326
0.326
0.326
0.326
0.326
0.326
0.326
0.326
0.326
0.327
0.327
0.327
0.327
0.327
0.327
0.327
0.327
0.327
0.327
0.327
0.327
0.327
0.327
0.327
0.327
0.327
0.327
0.328
0.328
0.328
0.328
0.328
0.328
0.328
0.328
0.328
0.328
0.328
0.328
0.328
0.328
0.328
0.328
0.328
0.328
0.328
0.328
0.328
0.328
0.328
0.328
0.328
0.328
0.328
0.328
0.328
0.328
0.328
0.328
0.328
0.328
0.328
0.328
0.328
0.328
0.328
0.328
0.328
0.328
0.329
0.329
0.329
0.329
0.329
0.329
0.329
0.329
0.329
0.329
0.329
0.329
0.329
0.329
0.329
0.329
0.329
0.329
0.329
0.329
0.329
0.329
0.329
0.329
0.329
0.329
0.329
0.329
0.329
0.329
0.329
0.329
0.329
0.329
0.329
0.329
0.329
0.33
0.33
0.33
0.33
0.33
0.33
0.33
0.33
0.33
0.33
0.33
0.33
0.33
0.33
0.33
0.33
0.33
0.33
0.33
0.33
0.33
0.33
0.33
0.33
0.33
0.33
0.33
0.33
0.33
0.33
0.33
0.33
0.33
0.33
0.33
0.33
0.33
0.331
0.331
0.331
0.331
0.331
0.331
0.331
0.331
0.331
0.331
0.331
0.331
0.331
0.331
0.331
0.331
0.331
0.331
0.331
0.331
0.331
0.331
0.331
0.331
0.331
0.331
0.331
0.331
0.331
0.331
0.331
0.331
0.331
0.331
0.331
0.331
0.331
0.331
0.331
0.331
0.331
0.331
0.331
0.331
0.331
0.331
0.331
0.331
0.331
0.331
0.332
0.332
0.332
0.332
0.332
0.332
0.332
0.332
0.332
0.332
0.332
0.332
0.332
0.332
0.332
0.332
0.332
0.332
0.332
0.332
0.332
0.332
0.332
0.332
0.332
0.332
0.332
0.332
0.332
0.332
0.332
0.332
0.332
0.332
0.332
0.333
0.333
0.333
0.333
0.333
0.333
0.333
0.333
0.333
0.333
0.333
0.333
0.333
0.333
0.333
0.333
0.333
0.333
0.333
0.333
0.333
0.333
0.333
0.333
0.333
0.333
0.333
0.333
0.333
0.333
0.333
0.333
0.333
0.333
0.333
0.333
0.333
0.333
0.333
0.333
0.334
0.334
0.334
0.334
0.334
0.334
0.334
0.334
0.334
0.334
0.334
0.334
0.334
0.334
0.334
0.334
0.334
0.334
0.334
0.334
0.334
0.334
0.334
0.334
0.334
0.334
0.334
0.334
0.334
0.334
0.334
0.334
0.334
0.334
0.334
0.334
0.334
0.334
0.334
0.334
0.335
0.335
0.335
0.335
0.335
0.335
0.335
0.335
0.335
0.335
0.335
0.335
0.335
0.335
0.335
0.335
0.335
0.335
0.335
0.335
0.335
0.335
0.335
0.335
0.335
0.335
0.335
0.335
0.335
0.335
0.335
0.335
0.336
0.336
0.336
0.336
0.336
0.336
0.336
0.336
0.336
0.336
0.336
0.336
0.336
0.336
0.336
0.336
0.336
0.336
0.336
0.336
0.336
0.336
0.336
0.336
0.336
0.336
0.336
0.336
0.336
0.336
0.337
0.337
0.337
0.337
0.337
0.337
0.337
0.337
0.337
0.337
0.337
0.337
0.337
0.337
0.337
0.337
0.337
0.337
0.337
0.337
0.337
0.337
0.337
0.337
0.337
0.337
0.337
0.337
0.337
0.337
0.337
0.337
0.337
0.337
0.337
0.338
0.338
0.338
0.338
0.338
0.338
0.338
0.338
0.338
0.338
0.338
0.338
0.338
0.338
0.338
0.338
0.338
0.339
0.339
0.339
0.339
0.339
0.339
0.339
0.339
0.339
0.339
0.339
0.339
0.339
0.339
0.339
0.339
0.339
0.339
0.339
0.339
0.34
0.34
0.34
0.34
0.34
0.34
0.34
0.34
0.34
0.34
0.34
0.34
0.34
0.34
0.34
0.34
0.34
0.34
0.34
0.34
0.34
0.34
0.34
0.34
0.34
0.341
0.341
0.341
0.341
0.341
0.341
0.341
0.341
0.341
0.341
0.341
0.341
0.341
0.341
0.341
0.342
0.342
0.342
0.342
0.342
0.342
0.342
0.342
0.342
0.342
0.342
0.342
0.342
0.342
0.343
0.343
0.343
0.343
0.343
0.343
0.343
0.343
0.343
0.343
0.343
0.343
0.343
0.343
0.343
0.344
0.344
0.344
0.344
0.344
0.344
0.344
0.344
0.344
0.344
0.344
0.344
0.344
0.344
0.344
0.344
0.344
0.344
0.345
0.345
0.345
0.345
0.345
0.345
0.345
0.345
0.345
0.345
0.345
0.345
0.345
0.345
0.345
0.345
0.346
0.346
0.346
0.346
0.346
0.346
0.346
0.347
0.347
0.347
0.347
0.347
0.348
0.348
0.348
0.348
0.348
0.348
0.348
0.348
0.348
0.348
0.348
0.348
0.348
0.348
0.349
0.349
0.349
0.349
0.35
0.35
0.35
0.35
0.35
0.35
0.35
0.351
0.351
0.351
0.351
0.351
0.351
0.351
0.351
0.351
0.352
0.352
0.352
0.352
0.353
0.353
0.353
0.354
0.354
0.354
0.354
0.354
0.355
0.355
0.355
0.355
0.356
0.356
0.356
0.356
0.357
0.357
0.357
0.357
0.357
0.357
0.357
0.357
0.358
0.358
0.358
0.358
0.358
0.359
0.359
0.359
0.359
0.359
0.359
0.359
0.359
0.359
0.359
0.36
0.36
0.36
0.36
0.36
0.36
0.36
0.361
0.361
0.361
0.362
0.362
0.362
0.362
0.362
0.362
0.363
0.363
0.364
0.364
0.364
0.364
0.364
0.365
0.365
0.365
0.365
0.365
0.366
0.366
0.366
0.366
0.367
0.367
0.367
0.367
0.368
0.368
0.368
0.368
0.369
0.369
0.369
0.369
0.37
0.37
0.37
0.37
0.37
0.371
0.371
0.371
0.371
0.372
0.372
0.372
0.372
0.372
0.372
0.372
0.373
0.373
0.373
0.374
0.374
0.375
0.376
0.376
0.376
0.376
0.376
0.378
0.378
0.378
0.378
0.378
0.379
0.379
0.379
0.379
0.379
0.379
0.379
0.379
0.379
0.38
0.38
0.38
0.38
0.38
0.38
0.38
0.38
0.381
0.381
0.382
0.382
0.382
0.382
0.382
0.382
0.383
0.383
0.384
0.384
0.384
0.385
0.385
0.385
0.386
0.387
0.387
0.387
0.387
0.387
0.389
0.391
0.391
0.391
0.391
0.392
0.392
0.392
0.393
0.393
0.393
0.393
0.394
0.394
0.394
0.394
0.394
0.394
0.395
0.395
0.395
0.395
0.395
0.396
0.396
0.396
0.396
0.397
0.397
0.397
0.397
0.397
0.397
0.398
0.399
0.399
0.4
0.4
0.401
0.402
0.402
0.402
0.403
0.403
0.405
0.405
0.406
0.406
0.407
0.407
0.409
0.409
0.409
0.41
0.411
0.412
0.412
0.413
0.415
0.418
0.419
0.419
0.419
0.419
0.42
0.421
0.422
0.422
0.423
0.424
0.424
0.424
0.427
0.427
0.429
0.429
0.429
0.432
0.432
0.433
0.433
0.435
0.436
0.436
0.436
0.439
0.441
0.441
0.442
0.447
0.447
0.447
0.45
0.45
0.45
0.45
0.452
0.454
0.456
0.459
0.462
0.462
0.466
0.466
0.467
0.471
0.472
0.473
0.478
0.478
0.48
0.482
0.486
0.488
0.492
0.492
0.493
0.494
0.494
0.496
0.5
0.501
0.501
0.503
0.504
0.504
0.507
0.511
0.511
0.516
0.516
0.517
0.517
0.518
0.518
0.521
0.523
0.523
0.524
0.525
0.525
0.528
0.53
0.533
0.533
0.534
0.539
0.545
0.547
0.55
0.551
0.552
0.555
0.556
0.559
0.561
0.561
0.561
0.566
0.57
0.572
0.58
0.582
0.583
0.584
0.586
0.586
0.588
0.59
0.594
0.594
0.595
0.596
0.603
0.606
0.609
0.613
0.614
0.615
0.62
0.62
0.625
0.63
0.63
0.635
0.637
0.64
0.645
0.663
0.664
0.669
0.692
0.696
0.697
0.706
0.707
0.717
0.719
0.721
0.725
0.757
0.763
0.804
0.83
0.943
