0.32
0.321
0.322
0.322
0.322
0.322
0.323
0.323
0.323
0.323
0.323
0.323
0.323
0.323
0.323
0.323
0.324
0.324
0.324
0.324
0.324
0.324
0.324
0.324
0.324
0.324
0.324
0.325
0.325
0.325
0.325
0.325
0.325
0.325
0.325
0.325
0.325
0.325
0.325
0.325
0.325
0.325
0.325
0.325
0.325
0.325
0.325
0.325
0.325
0.325
0.325
0.326
0.326
0.326
0.326
0.326
0.326
0.326
0.326
0.326
0.326
0.326
0.326
0.326
0.326
0.326
0.326
0.326
0.326
0.326
0.326
0.326
0.326
0.326
0.326
0.326
0.327
0.327
0.327
0.327
0.327
0.327
0.327
0.327
0.327
0.327
0.327
0.327
0.327
0.327
0.327
0.327
0.327
0.327
0.327
0.327
0.327
0.328
0.328
0.328
0.328
0.328
0.328
0.328
0.328
0.328
0.328
0.328
0.328
0.328
0.328
0.328
0.328
0.328
0.328
0.328
0.328
0.328
0.328
0.328
0.328
0.328
0.328
0.329
0.329
0.329
0.329
0.329
0.329
0.329
0.329
0.329
0.329
0.329
0.329
0.329
0.329
0.329
0.329
0.329
0.329
0.329
0.329
0.329
0.329
0.329
0.329
0.329
0.329
0.329
0.329
0.329
0.329
0.329
0.329
0.329
0.329
0.329
0.329
0.329
0.329
0.329
0.329
0.329
0.329
0.329
0.329
0.329
0.329
0.329
0.329
0.329
0.329
0.33
0.33
0.33
0.33
0.33
0.33
0.33
0.33
0.33
0.33
0.33
0.33
0.33
0.33
0.33
0.33
0.33
0.33
0.33
0.33
0.33
0.33
0.33
0.33
0.33
0.33
0.33
0.33
0.33
0.33
0.33
0.33
0.33
0.33
0.33
0.33
0.33
0.33
0.33
0.331
0.331
0.331
0.331
0.331
0.331
0.331
0.331
0.331
0.331
0.331
0.331
0.331
0.331
0.331
0.331
0.331
0.331
0.331
0.331
0.331
0.331
0.331
0.331
0.331
0.331
0.331
0.331
0.331
0.331
0.331
0.331
0.331
0.331
0.331
0.331
0.331
0.331
0.331
0.331
0.331
0.331
0.331
0.331
0.331
0.331
0.332
0.332
0.332
0.332
0.332
0.332
0.332
0.332
0.332
0.332
0.332
0.332
0.332
0.332
0.332
0.332
0.332
0.332
0.332
0.332
0.332
0.332
0.332
0.332
0.332
0.332
0.332
0.332
0.332
0.332
0.332
0.332
0.332
0.332
0.332
0.332
0.332
0.332
0.333
0.333
0.333
0.333
0.333
0.333
0.333
0.333
0.333
0.333
0.333
0.333
0.333
0.333
0.333
0.333
0.333
0.333
0.333
0.333
0.333
0.333
0.333
0.333
0.333
0.333
0.333
0.333
0.333
0.333
0.333
0.333
0.333
0.333
0.333
0.333
0.333
0.333
0.333
0.333
0.333
0.333
0.333
0.334
0.334
0.334
0.334
0.334
0.334
0.334
0.334
0.334
0.334
0.334
0.334
0.334
0.334
0.334
0.334
0.334
0.334
0.334
0.334
0.334
0.334
0.334
0.334
0.334
0.334
0.334
0.335
0.335
0.335
0.335
0.335
0.335
0.335
0.335
0.335
0.335
0.335
0.335
0.335
0.335
0.335
0.335
0.335
0.335
0.335
0.335
0.335
0.335
0.335
0.335
0.335
0.335
0.335
0.335
0.335
0.335
0.335
0.335
0.335
0.335
0.336
0.336
0.336
0.336
0.336
0.336
0.336
0.336
0.336
0.336
0.336
0.336
0.336
0.336
0.336
0.336
0.336
0.336
0.336
0.336
0.336
0.336
0.336
0.336
0.337
0.337
0.337
0.337
0.337
0.337
0.337
0.337
0.337
0.337
0.337
0.337
0.337
0.337
0.337
0.337
0.337
0.337
0.337
0.337
0.338
0.338
0.338
0.338
0.338
0.338
0.338
0.338
0.338
0.338
0.338
0.338
0.338
0.338
0.338
0.338
0.338
0.338
0.338
0.338
0.338
0.338
0.338
0.338
0.338
0.338
0.338
0.338
0.338
0.338
0.338
0.339
0.339
0.339
0.339
0.339
0.339
0.339
0.339
0.339
0.339
0.339
0.339
0.339
0.339
0.34
0.34
0.34
0.34
0.34
0.34
0.34
0.34
0.34
0.34
0.34
0.34
0.34
0.34
0.34
0.34
0.34
0.341
0.341
0.341
0.341
0.341
0.341
0.341
0.341
0.341
0.341
0.341
0.341
0.342
0.342
0.342
0.342
0.342
0.342
0.342
0.342
0.342
0.342
0.342
0.342
0.342
0.342
0.342
0.342
0.342
0.343
0.343
0.343
0.343
0.343
0.343
0.343
0.343
0.343
0.343
0.343
0.343
0.343
0.343
0.343
0.343
0.343
0.344
0.344
0.344
0.344
0.344
0.344
0.344
0.344
0.345
0.345
0.345
0.345
0.345
0.345
0.345
0.345
0.345
0.345
0.345
0.345
0.345
0.345
0.345
0.345
0.345
0.345
0.346
0.346
0.346
0.346
0.346
0.346
0.346
0.346
0.346
0.346
0.346
0.346
0.346
0.347
0.347
0.347
0.347
0.347
0.347
0.347
0.347
0.347
0.347
0.347
0.347
0.348
0.348
0.348
0.348
0.348
0.348
0.348
0.349
0.349
0.349
0.349
0.349
0.349
0.35
0.35
0.35
0.35
0.35
0.35
0.35
0.35
0.35
0.35
0.351
0.351
0.351
0.351
0.351
0.351
0.351
0.351
0.351
0.351
0.352
0.352
0.352
0.352
0.352
0.352
0.352
0.352
0.353
0.353
0.354
0.354
0.354
0.354
0.354
0.354
0.354
0.355
0.355
0.355
0.355
0.356
0.356
0.356
0.356
0.356
0.356
0.357
0.357
0.357
0.357
0.358
0.358
0.359
0.359
0.359
0.359
0.359
0.359
0.36
0.36
0.36
0.36
0.36
0.361
0.361
0.361
0.361
0.362
0.362
0.363
0.363
0.363
0.364
0.364
0.364
0.365
0.365
0.365
0.365
0.365
0.365
0.365
0.366
0.366
0.367
0.367
0.368
0.368
0.369
0.369
0.369
0.369
0.369
0.37
0.37
0.37
0.37
0.37
0.37
0.37
0.37
0.37
0.371
0.371
0.371
0.372
0.372
0.373
0.373
0.373
0.374
0.375
0.375
0.375
0.376
0.376
0.376
0.377
0.377
0.377
0.377
0.377
0.377
0.377
0.377
0.378
0.378
0.378
0.379
0.379
0.38
0.381
0.381
0.381
0.382
0.382
0.383
0.383
0.383
0.383
0.384
0.384
0.385
0.385
0.386
0.386
0.386
0.386
0.386
0.387
0.388
0.388
0.388
0.391
0.391
0.391
0.392
0.393
0.393
0.393
0.394
0.395
0.395
0.395
0.395
0.396
0.397
0.397
0.398
0.399
0.4
0.4
0.401
0.401
0.402
0.402
0.402
0.403
0.403
0.404
0.404
0.405
0.405
0.405
0.406
0.406
0.407
0.407
0.407
0.408
0.408
0.409
0.409
0.409
0.409
0.41
0.41
0.411
0.411
0.411
0.412
0.413
0.413
0.413
0.413
0.414
0.414
0.414
0.415
0.416
0.416
0.416
0.417
0.418
0.419
0.419
0.42
0.42
0.42
0.421
0.421
0.421
0.422
0.422
0.422
0.423
0.423
0.425
0.425
0.425
0.426
0.427
0.428
0.429
0.43
0.43
0.431
0.431
0.431
0.431
0.431
0.432
0.432
0.433
0.433
0.435
0.436
0.436
0.436
0.437
0.438
0.438
0.439
0.439
0.44
0.44
0.441
0.442
0.444
0.444
0.445
0.445
0.445
0.447
0.447
0.448
0.448
0.449
0.449
0.451
0.451
0.451
0.451
0.453
0.454
0.454
0.454
0.456
0.458
0.459
0.459
0.46
0.461
0.462
0.462
0.463
0.465
0.471
0.472
0.473
0.477
0.478
0.478
0.482
0.483
0.483
0.485
0.487
0.489
0.489
0.49
0.492
0.495
0.497
0.497
0.498
0.499
0.5
0.5
0.503
0.505
0.505
0.506
0.506
0.509
0.514
0.517
0.517
0.518
0.521
0.521
0.522
0.523
0.523
0.524
0.525
0.525
0.526
0.527
0.528
0.529
0.532
0.533
0.535
0.538
0.538
0.542
0.543
0.549
0.552
0.556
0.561
0.561
0.565
0.568
0.57
0.578
0.584
0.585
0.587
0.596
0.598
0.6
0.602
0.605
0.607
0.609
0.613
0.626
0.628
0.632
0.634
0.637
0.637
0.638
0.639
0.64
0.641
0.653
0.656
0.658
0.662
0.68
0.683
0.691
0.691
0.703
0.769
0.785
0.808
0.814
0.831
0.85
