0.13
0.13
0.13
0.13
0.131
0.131
0.131
0.131
0.131
0.131
0.131
0.131
0.131
0.131
0.131
0.131
0.131
0.131
0.131
0.131
0.131
0.131
0.131
0.131
0.131
0.131
0.131
0.131
0.132
0.132
0.132
0.132
0.132
0.132
0.132
0.132
0.132
0.132
0.132
0.132
0.132
0.132
0.132
0.132
0.132
0.132
0.132
0.132
0.132
0.132
0.132
0.132
0.132
0.133
0.133
0.133
0.133
0.133
0.133
0.133
0.133
0.133
0.133
0.133
0.133
0.133
0.133
0.133
0.133
0.133
0.133
0.133
0.133
0.133
0.133
0.133
0.133
0.133
0.133
0.133
0.134
0.134
0.134
0.134
0.134
0.134
0.134
0.134
0.134
0.134
0.134
0.134
0.134
0.134
0.134
0.134
0.134
0.134
0.134
0.134
0.134
0.134
0.134
0.134
0.134
0.135
0.135
0.135
0.135
0.135
0.135
0.135
0.135
0.135
0.135
0.135
0.135
0.135
0.135
0.135
0.135
0.135
0.135
0.135
0.135
0.135
0.135
0.136
0.136
0.136
0.136
0.136
0.136
0.136
0.136
0.136
0.136
0.136
0.136
0.136
0.136
0.136
0.136
0.136
0.136
0.136
0.137
0.137
0.137
0.137
0.137
0.137
0.137
0.137
0.137
0.137
0.137
0.137
0.137
0.137
0.137
0.137
0.137
0.137
0.137
0.138
0.138
0.138
0.138
0.138
0.138
0.138
0.138
0.138
0.138
0.138
0.138
0.138
0.138
0.138
0.138
0.138
0.138
0.138
0.139
0.139
0.139
0.139
0.139
0.139
0.139
0.139
0.139
0.139
0.139
0.139
0.139
0.139
0.139
0.139
0.139
0.139
0.139
0.139
0.139
0.139
0.139
0.139
0.14
0.14
0.14
0.14
0.14
0.14
0.14
0.14
0.14
0.14
0.14
0.14
0.14
0.14
0.14
0.14
0.14
0.14
0.14
0.14
0.14
0.141
0.141
0.141
0.141
0.141
0.141
0.141
0.141
0.141
0.141
0.141
0.141
0.141
0.141
0.141
0.141
0.141
0.142
0.142
0.142
0.142
0.142
0.142
0.142
0.142
0.142
0.142
0.142
0.142
0.142
0.142
0.142
0.142
0.142
0.142
0.142
0.142
0.142
0.142
0.142
0.142
0.142
0.142
0.142
0.142
0.142
0.143
0.143
0.143
0.143
0.143
0.143
0.143
0.143
0.143
0.143
0.143
0.143
0.143
0.143
0.143
0.143
0.144
0.144
0.144
0.144
0.144
0.144
0.144
0.144
0.144
0.144
0.144
0.144
0.144
0.144
0.144
0.145
0.145
0.145
0.145
0.145
0.145
0.145
0.145
0.145
0.145
0.145
0.145
0.145
0.145
0.145
0.145
0.145
0.145
0.145
0.146
0.146
0.146
0.146
0.146
0.146
0.146
0.147
0.147
0.147
0.147
0.147
0.147
0.147
0.147
0.147
0.147
0.147
0.147
0.147
0.147
0.147
0.147
0.147
0.147
0.147
0.147
0.148
0.148
0.148
0.148
0.148
0.148
0.148
0.148
0.148
0.148
0.148
0.148
0.148
0.148
0.148
0.148
0.148
0.148
0.149
0.149
0.149
0.149
0.149
0.149
0.149
0.149
0.149
0.149
0.149
0.149
0.149
0.15
0.15
0.15
0.15
0.15
0.15
0.15
0.15
0.15
0.15
0.15
0.15
0.15
0.15
0.15
0.15
0.15
0.151
0.151
0.151
0.151
0.151
0.151
0.151
0.151
0.151
0.151
0.151
0.151
0.151
0.151
0.151
0.152
0.152
0.152
0.152
0.152
0.152
0.153
0.153
0.153
0.153
0.153
0.153
0.153
0.153
0.153
0.153
0.153
0.154
0.154
0.154
0.154
0.154
0.154
0.154
0.154
0.154
0.154
0.154
0.155
0.155
0.155
0.155
0.155
0.155
0.155
0.155
0.155
0.155
0.155
0.155
0.155
0.155
0.155
0.155
0.155
0.155
0.155
0.156
0.156
0.156
0.156
0.156
0.156
0.156
0.156
0.156
0.156
0.157
0.157
0.157
0.157
0.157
0.157
0.157
0.157
0.157
0.157
0.157
0.158
0.158
0.158
0.158
0.158
0.158
0.158
0.159
0.159
0.159
0.159
0.159
0.159
0.159
0.159
0.159
0.159
0.159
0.159
0.159
0.16
0.16
0.16
0.16
0.16
0.16
0.16
0.16
0.16
0.16
0.161
0.161
0.161
0.161
0.162
0.162
0.162
0.162
0.162
0.162
0.162
0.163
0.163
0.163
0.163
0.163
0.163
0.163
0.164
0.164
0.164
0.164
0.164
0.164
0.164
0.164
0.165
0.165
0.165
0.166
0.166
0.166
0.166
0.166
0.166
0.166
0.166
0.166
0.166
0.166
0.166
0.166
0.166
0.166
0.167
0.167
0.167
0.167
0.167
0.168
0.168
0.168
0.168
0.168
0.168
0.169
0.169
0.169
0.169
0.169
0.17
0.17
0.17
0.17
0.17
0.17
0.171
0.171
0.171
0.171
0.172
0.172
0.172
0.172
0.172
0.172
0.172
0.173
0.173
0.173
0.173
0.173
0.173
0.173
0.174
0.175
0.175
0.175
0.175
0.175
0.175
0.175
0.175
0.176
0.176
0.176
0.176
0.176
0.176
0.177
0.177
0.177
0.177
0.177
0.178
0.178
0.178
0.178
0.178
0.178
0.178
0.179
0.179
0.18
0.18
0.18
0.181
0.181
0.181
0.182
0.182
0.182
0.182
0.182
0.182
0.182
0.183
0.183
0.183
0.183
0.183
0.183
0.184
0.184
0.185
0.185
0.185
0.185
0.186
0.186
0.186
0.186
0.187
0.187
0.187
0.187
0.187
0.187
0.187
0.188
0.188
0.188
0.189
0.189
0.189
0.189
0.19
0.19
0.19
0.191
0.191
0.192
0.192
0.192
0.193
0.193
0.193
0.193
0.193
0.193
0.194
0.194
0.195
0.195
0.195
0.196
0.196
0.196
0.196
0.197
0.197
0.197
0.198
0.198
0.198
0.198
0.199
0.199
0.199
0.199
0.2
0.2
0.2
0.2
0.2
0.2
0.201
0.201
0.201
0.202
0.202
0.202
0.202
0.203
0.203
0.203
0.203
0.204
0.204
0.205
0.205
0.206
0.206
0.206
0.207
0.207
0.208
0.208
0.209
0.209
0.209
0.21
0.21
0.21
0.21
0.21
0.211
0.211
0.211
0.211
0.211
0.211
0.212
0.212
0.213
0.213
0.213
0.213
0.214
0.214
0.214
0.214
0.215
0.215
0.215
0.215
0.216
0.216
0.216
0.217
0.217
0.217
0.218
0.218
0.218
0.218
0.219
0.219
0.22
0.221
0.221
0.221
0.222
0.222
0.223
0.223
0.223
0.223
0.224
0.225
0.225
0.225
0.226
0.226
0.227
0.227
0.228
0.228
0.229
0.229
0.23
0.231
0.231
0.232
0.232
0.233
0.234
0.234
0.235
0.235
0.235
0.235
0.235
0.236
0.236
0.237
0.237
0.238
0.24
0.24
0.24
0.241
0.241
0.242
0.242
0.242
0.243
0.244
0.245
0.245
0.245
0.246
0.246
0.246
0.247
0.248
0.248
0.248
0.249
0.249
0.25
0.25
0.25
0.251
0.251
0.251
0.251
0.251
0.252
0.252
0.253
0.254
0.254
0.256
0.256
0.256
0.257
0.259
0.26
0.26
0.26
0.262
0.262
0.263
0.263
0.263
0.265
0.266
0.266
0.268
0.27
0.27
0.271
0.272
0.272
0.273
0.273
0.273
0.275
0.275
0.278
0.279
0.279
0.281
0.282
0.284
0.284
0.284
0.284
0.284
0.285
0.286
0.286
0.287
0.287
0.289
0.289
0.29
0.29
0.29
0.291
0.291
0.292
0.293
0.293
0.294
0.295
0.297
0.299
0.299
0.302
0.302
0.304
0.305
0.306
0.306
0.307
0.308
0.311
0.311
0.312
0.312
0.314
0.314
0.32
0.321
0.321
0.322
0.323
0.329
0.329
0.331
0.332
0.332
0.333
0.334
0.336
0.337
0.337
0.337
0.337
0.338
0.339
0.339
0.34
0.343
0.343
0.346
0.347
0.35
0.356
0.356
0.356
0.358
0.362
0.367
0.368
0.372
0.374
0.383
0.386
0.386
0.387
0.391
0.392
0.396
0.399
0.399
0.409
0.417
0.425
0.428
0.429
0.429
0.431
0.435
0.44
0.457
0.459
0.461
0.464
0.474
0.484
0.487
0.501
0.505
0.51
0.521
0.532
0.534
0.537
0.542
0.549
0.554
0.557
0.565
0.566
0.578
0.585
0.589
0.599
0.637
0.651
0.677
0.693
0.698
0.721
