0.13
0.13
0.13
0.13
0.131
0.131
0.131
0.131
0.131
0.131
0.131
0.131
0.131
0.131
0.131
0.131
0.131
0.131
0.131
0.131
0.131
0.131
0.131
0.131
0.132
0.132
0.132
0.132
0.132
0.132
0.132
0.132
0.132
0.132
0.132
0.132
0.132
0.132
0.132
0.132
0.132
0.132
0.132
0.132
0.132
0.132
0.132
0.132
0.132
0.132
0.132
0.132
0.132
0.133
0.133
0.133
0.133
0.133
0.133
0.133
0.133
0.133
0.133
0.133
0.133
0.133
0.133
0.133
0.133
0.133
0.133
0.133
0.133
0.133
0.133
0.133
0.133
0.134
0.134
0.134
0.134
0.134
0.134
0.134
0.134
0.134
0.134
0.134
0.134
0.134
0.134
0.134
0.134
0.134
0.134
0.134
0.134
0.134
0.134
0.134
0.134
0.134
0.134
0.134
0.135
0.135
0.135
0.135
0.135
0.135
0.135
0.135
0.135
0.135
0.135
0.135
0.135
0.135
0.135
0.135
0.135
0.135
0.135
0.135
0.135
0.135
0.135
0.135
0.135
0.135
0.135
0.135
0.135
0.135
0.135
0.135
0.135
0.136
0.136
0.136
0.136
0.136
0.136
0.136
0.136
0.136
0.136
0.136
0.136
0.136
0.136
0.136
0.136
0.136
0.136
0.136
0.136
0.136
0.136
0.136
0.137
0.137
0.137
0.137
0.137
0.137
0.137
0.137
0.137
0.137
0.137
0.137
0.137
0.137
0.137
0.137
0.137
0.137
0.137
0.137
0.137
0.137
0.137
0.137
0.137
0.137
0.137
0.137
0.137
0.137
0.137
0.137
0.137
0.137
0.138
0.138
0.138
0.138
0.138
0.138
0.138
0.138
0.138
0.138
0.138
0.138
0.138
0.138
0.138
0.138
0.138
0.138
0.138
0.138
0.138
0.138
0.138
0.138
0.138
0.138
0.138
0.138
0.138
0.138
0.138
0.138
0.138
0.138
0.139
0.139
0.139
0.139
0.139
0.139
0.139
0.139
0.139
0.139
0.139
0.139
0.139
0.139
0.139
0.139
0.139
0.139
0.139
0.14
0.14
0.14
0.14
0.14
0.14
0.14
0.14
0.14
0.14
0.14
0.14
0.14
0.14
0.14
0.141
0.141
0.141
0.141
0.141
0.141
0.141
0.141
0.141
0.141
0.141
0.141
0.141
0.141
0.141
0.141
0.141
0.142
0.142
0.142
0.142
0.142
0.142
0.142
0.142
0.142
0.142
0.142
0.142
0.142
0.142
0.142
0.142
0.142
0.143
0.143
0.143
0.143
0.143
0.143
0.143
0.143
0.143
0.143
0.143
0.143
0.143
0.143
0.143
0.143
0.143
0.143
0.144
0.144
0.144
0.144
0.144
0.144
0.144
0.144
0.144
0.144
0.144
0.144
0.144
0.144
0.144
0.144
0.144
0.144
0.144
0.144
0.144
0.145
0.145
0.145
0.145
0.145
0.145
0.145
0.145
0.145
0.145
0.145
0.145
0.145
0.145
0.146
0.146
0.146
0.146
0.146
0.146
0.146
0.146
0.146
0.146
0.146
0.146
0.146
0.146
0.146
0.146
0.146
0.146
0.146
0.146
0.146
0.146
0.146
0.147
0.147
0.147
0.147
0.147
0.147
0.147
0.147
0.147
0.147
0.147
0.147
0.147
0.147
0.148
0.148
0.148
0.148
0.148
0.148
0.148
0.148
0.148
0.148
0.149
0.149
0.149
0.149
0.149
0.149
0.149
0.149
0.149
0.149
0.149
0.149
0.149
0.149
0.149
0.15
0.15
0.15
0.15
0.15
0.15
0.15
0.15
0.15
0.15
0.15
0.15
0.15
0.151
0.151
0.151
0.151
0.151
0.151
0.151
0.151
0.151
0.151
0.151
0.151
0.151
0.152
0.152
0.152
0.152
0.152
0.152
0.152
0.152
0.152
0.152
0.153
0.153
0.153
0.153
0.153
0.153
0.153
0.153
0.153
0.153
0.154
0.154
0.154
0.154
0.154
0.154
0.154
0.154
0.154
0.154
0.154
0.155
0.155
0.155
0.155
0.155
0.155
0.155
0.155
0.155
0.155
0.156
0.156
0.156
0.156
0.156
0.157
0.157
0.157
0.157
0.157
0.157
0.157
0.157
0.157
0.158
0.158
0.158
0.158
0.158
0.158
0.158
0.158
0.158
0.158
0.158
0.158
0.159
0.159
0.159
0.159
0.159
0.159
0.159
0.159
0.159
0.16
0.16
0.16
0.16
0.16
0.16
0.16
0.16
0.161
0.161
0.161
0.161
0.161
0.161
0.161
0.161
0.162
0.162
0.162
0.162
0.162
0.162
0.162
0.162
0.163
0.163
0.163
0.163
0.163
0.163
0.164
0.164
0.164
0.164
0.164
0.164
0.164
0.164
0.164
0.165
0.165
0.165
0.165
0.165
0.165
0.165
0.166
0.166
0.166
0.166
0.166
0.166
0.166
0.166
0.167
0.167
0.167
0.167
0.167
0.167
0.167
0.167
0.167
0.167
0.167
0.167
0.167
0.167
0.167
0.168
0.168
0.168
0.169
0.169
0.169
0.169
0.169
0.169
0.169
0.169
0.169
0.17
0.17
0.17
0.17
0.17
0.17
0.17
0.17
0.17
0.171
0.171
0.171
0.171
0.171
0.171
0.171
0.171
0.171
0.172
0.172
0.172
0.172
0.172
0.172
0.172
0.172
0.172
0.173
0.173
0.173
0.173
0.173
0.173
0.173
0.173
0.173
0.173
0.173
0.174
0.174
0.174
0.174
0.175
0.175
0.175
0.175
0.175
0.176
0.176
0.176
0.176
0.177
0.177
0.177
0.177
0.177
0.178
0.178
0.178
0.178
0.178
0.178
0.179
0.179
0.179
0.179
0.179
0.179
0.179
0.179
0.18
0.18
0.18
0.181
0.181
0.181
0.182
0.182
0.182
0.182
0.182
0.182
0.182
0.183
0.183
0.183
0.183
0.183
0.184
0.184
0.184
0.184
0.185
0.185
0.185
0.185
0.185
0.186
0.187
0.187
0.187
0.188
0.188
0.188
0.189
0.189
0.19
0.19
0.19
0.19
0.192
0.192
0.192
0.192
0.192
0.193
0.193
0.193
0.193
0.193
0.194
0.194
0.194
0.194
0.194
0.195
0.195
0.195
0.195
0.196
0.196
0.196
0.196
0.197
0.197
0.197
0.198
0.198
0.199
0.199
0.199
0.2
0.2
0.2
0.2
0.2
0.201
0.201
0.202
0.202
0.202
0.203
0.203
0.203
0.204
0.204
0.204
0.205
0.206
0.206
0.207
0.207
0.208
0.208
0.208
0.208
0.209
0.209
0.209
0.209
0.21
0.21
0.211
0.211
0.211
0.212
0.212
0.212
0.213
0.213
0.213
0.214
0.214
0.215
0.215
0.215
0.215
0.215
0.216
0.216
0.217
0.217
0.217
0.218
0.218
0.22
0.22
0.22
0.22
0.22
0.221
0.221
0.221
0.222
0.223
0.224
0.224
0.225
0.225
0.226
0.226
0.226
0.227
0.228
0.228
0.228
0.229
0.23
0.23
0.23
0.23
0.231
0.231
0.231
0.232
0.232
0.232
0.233
0.233
0.233
0.234
0.234
0.234
0.234
0.235
0.235
0.236
0.237
0.238
0.239
0.24
0.24
0.241
0.241
0.241
0.242
0.242
0.244
0.245
0.245
0.246
0.246
0.247
0.247
0.248
0.248
0.248
0.248
0.248
0.248
0.249
0.25
0.25
0.25
0.25
0.252
0.252
0.253
0.253
0.255
0.255
0.256
0.256
0.257
0.258
0.258
0.259
0.259
0.26
0.26
0.262
0.263
0.265
0.265
0.267
0.268
0.269
0.269
0.269
0.269
0.271
0.273
0.275
0.277
0.278
0.281
0.281
0.282
0.282
0.283
0.283
0.285
0.288
0.291
0.291
0.293
0.294
0.295
0.297
0.297
0.299
0.3
0.301
0.302
0.303
0.303
0.303
0.304
0.305
0.307
0.308
0.309
0.31
0.311
0.312
0.312
0.316
0.32
0.321
0.323
0.327
0.329
0.329
0.33
0.331
0.331
0.332
0.332
0.332
0.333
0.333
0.333
0.336
0.336
0.339
0.339
0.34
0.343
0.345
0.345
0.346
0.347
0.347
0.351
0.353
0.353
0.355
0.358
0.358
0.359
0.361
0.364
0.365
0.368
0.369
0.371
0.371
0.376
0.377
0.379
0.385
0.386
0.394
0.396
0.399
0.401
0.409
0.415
0.417
0.418
0.424
0.426
0.427
0.428
0.431
0.451
0.464
0.471
0.473
0.482
0.503
0.507
0.508
0.525
0.531
0.533
0.535
0.539
0.557
0.571
0.579
0.598
0.619
0.62
0.654
0.729
