0.618
0.619
0.62
0.62
0.62
0.62
0.621
0.621
0.622
0.622
0.622
0.622
0.622
0.622
0.622
0.622
0.623
0.623
0.624
0.624
0.624
0.624
0.625
0.625
0.625
0.625
0.626
0.626
0.626
0.626
0.627
0.627
0.627
0.627
0.627
0.627
0.627
0.628
0.628
0.628
0.628
0.628
0.629
0.629
0.629
0.63
0.63
0.63
0.63
0.63
0.631
0.631
0.632
0.632
0.632
0.632
0.633
0.633
0.633
0.633
0.634
0.634
0.634
0.634
0.634
0.635
0.635
0.636
0.636
0.636
0.636
0.637
0.637
0.637
0.637
0.638
0.638
0.638
0.638
0.638
0.638
0.638
0.638
0.639
0.639
0.639
0.64
0.64
0.64
0.641
0.641
0.641
0.642
0.642
0.642
0.643
0.643
0.643
0.643
0.644
0.644
0.645
0.645
0.645
0.646
0.646
0.646
0.646
0.647
0.647
0.647
0.647
0.647
0.647
0.647
0.647
0.647
0.648
0.648
0.649
0.65
0.65
0.651
0.651
0.651
0.651
0.651
0.652
0.653
0.653
0.653
0.653
0.654
0.654
0.654
0.654
0.654
0.654
0.655
0.655
0.655
0.656
0.656
0.656
0.657
0.657
0.657
0.658
0.658
0.658
0.658
0.658
0.659
0.659
0.659
0.659
0.659
0.659
0.659
0.659
0.66
0.66
0.66
0.661
0.661
0.663
0.663
0.663
0.664
0.665
0.665
0.665
0.665
0.665
0.666
0.666
0.666
0.666
0.666
0.666
0.667
0.667
0.667
0.667
0.668
0.668
0.669
0.669
0.67
0.67
0.67
0.67
0.671
0.671
0.672
0.672
0.672
0.672
0.673
0.673
0.674
0.674
0.674
0.674
0.675
0.675
0.675
0.675
0.675
0.676
0.676
0.677
0.678
0.678
0.678
0.679
0.68
0.68
0.681
0.682
0.682
0.682
0.682
0.682
0.682
0.682
0.683
0.683
0.683
0.684
0.684
0.684
0.685
0.685
0.685
0.685
0.685
0.687
0.687
0.687
0.688
0.688
0.688
0.688
0.689
0.689
0.689
0.689
0.69
0.69
0.691
0.692
0.692
0.692
0.693
0.693
0.694
0.694
0.694
0.695
0.696
0.697
0.697
0.698
0.699
0.699
0.699
0.699
0.703
0.703
0.703
0.703
0.704
0.704
0.705
0.707
0.707
0.707
0.707
0.707
0.708
0.708
0.708
0.708
0.709
0.709
0.71
0.711
0.711
0.711
0.712
0.712
0.712
0.712
0.713
0.713
0.713
0.713
0.714
0.714
0.714
0.714
0.715
0.716
0.716
0.716
0.716
0.716
0.717
0.718
0.718
0.719
0.719
0.719
0.719
0.72
0.721
0.722
0.722
0.723
0.723
0.725
0.725
0.725
0.725
0.725
0.725
0.726
0.726
0.727
0.727
0.727
0.728
0.729
0.729
0.73
0.73
0.73
0.731
0.731
0.731
0.732
0.733
0.733
0.735
0.736
0.736
0.736
0.736
0.736
0.737
0.737
0.738
0.738
0.738
0.739
0.739
0.739
0.74
0.741
0.741
0.741
0.743
0.744
0.744
0.745
0.746
0.747
0.747
0.747
0.747
0.748
0.748
0.748
0.749
0.749
0.749
0.75
0.75
0.75
0.75
0.75
0.751
0.751
0.751
0.751
0.752
0.753
0.753
0.753
0.755
0.755
0.755
0.757
0.757
0.758
0.758
0.758
0.758
0.759
0.759
0.759
0.76
0.76
0.761
0.762
0.762
0.765
0.766
0.767
0.767
0.767
0.768
0.769
0.769
0.77
0.771
0.771
0.772
0.773
0.774
0.774
0.774
0.775
0.775
0.776
0.776
0.776
0.777
0.777
0.777
0.778
0.778
0.778
0.779
0.78
0.781
0.782
0.782
0.782
0.782
0.782
0.782
0.785
0.786
0.788
0.788
0.789
0.79
0.79
0.79
0.79
0.791
0.792
0.792
0.792
0.792
0.793
0.794
0.794
0.794
0.795
0.795
0.796
0.796
0.797
0.797
0.798
0.798
0.798
0.799
0.799
0.8
0.801
0.801
0.802
0.803
0.803
0.803
0.804
0.804
0.805
0.807
0.808
0.808
0.809
0.809
0.809
0.81
0.811
0.811
0.811
0.811
0.811
0.813
0.814
0.815
0.816
0.817
0.818
0.818
0.819
0.82
0.82
0.821
0.821
0.821
0.822
0.823
0.824
0.826
0.826
0.827
0.828
0.829
0.829
0.829
0.83
0.832
0.832
0.833
0.833
0.834
0.837
0.837
0.838
0.838
0.839
0.841
0.843
0.845
0.845
0.846
0.847
0.847
0.847
0.848
0.848
0.849
0.85
0.85
0.852
0.852
0.853
0.854
0.855
0.856
0.856
0.856
0.857
0.858
0.858
0.858
0.86
0.861
0.861
0.862
0.864
0.866
0.868
0.868
0.868
0.869
0.869
0.87
0.871
0.871
0.873
0.873
0.874
0.874
0.875
0.876
0.876
0.876
0.877
0.877
0.877
0.878
0.878
0.881
0.881
0.882
0.882
0.884
0.885
0.885
0.892
0.892
0.893
0.893
0.894
0.894
0.895
0.896
0.897
0.897
0.9
0.901
0.901
0.901
0.901
0.904
0.904
0.904
0.905
0.908
0.911
0.911
0.912
0.912
0.912
0.912
0.914
0.914
0.914
0.914
0.915
0.915
0.916
0.917
0.919
0.923
0.924
0.925
0.927
0.929
0.929
0.93
0.932
0.932
0.932
0.934
0.935
0.935
0.935
0.938
0.938
0.938
0.941
0.942
0.944
0.946
0.947
0.947
0.947
0.949
0.949
0.95
0.952
0.952
0.952
0.953
0.953
0.955
0.955
0.955
0.956
0.956
0.957
0.958
0.961
0.963
0.963
0.964
0.966
0.97
0.97
0.973
0.973
0.973
0.975
0.976
0.976
0.978
0.981
0.982
0.982
0.982
0.983
0.983
0.985
0.986
0.988
0.99
0.991
0.992
0.992
0.992
0.994
0.995
0.996
0.996
0.996
0.996
0.998
0.998
1
1
1
1
1
1
1
1
1
1
1
1
1
1
1
1
1
1
1
1
1
1
1
1
1
1
1
1
1
1
1
1
1
1
1
1
1
1
1
1
1
1
1
1
1
1
1
1
1
1
1
1
1
1
1
1
1
1
1
1
1
1
1
1
1
1
1
1
1
1
1
1
1
1
1
1
1
1
1
1
1
1
1
1
1
1
1
1
1
1
1
1
1
1
1
1
1
1
1
1
1
1
1
1
1
1
1
1
1
1
1
1
1
1
1
1
1
1
1
1
1
1
1
1
1
1
1
1
1
1
1
1
1
1
1
1
1
1
1
1
1
1
1
1
1
1
1
1
1
1
1
1
1
1
1
1
1
1
1
1
1
1
1
1
1
1
1
1
1
1
1
1
1
1
1
1
1
1
1
1
1
1
1
1
1
1
1
1
1
1
1
1
1
1
1
1
1
1
1
1
1
1
1
1
1
1
1
1
1
1
1
1
1
1
1
1
1
1
1
1
1
1
1
1
1
1
1
1
1
1
1
1
1
1
1
1
1
1
1
1
1
1
1
1
1
1
1
1
1
1
1
1
1
1
1
1
1
1
1
1
1
1
1
1
1
1
1
1
1
1
1
1
1
1
1
1
1
1
1
1
1
1
1
1
1
1
1
1
1
1
1
1
1
1
1
1
1
1
1
1
1
1
1
