0.598
0.629
0.632
0.633
0.637
0.638
0.639
0.642
0.645
0.645
0.645
0.648
0.649
0.65
0.65
0.651
0.651
0.652
0.652
0.652
0.653
0.654
0.654
0.654
0.654
0.654
0.654
0.657
0.657
0.658
0.658
0.658
0.659
0.659
0.659
0.661
0.661
0.661
0.661
0.662
0.662
0.663
0.663
0.664
0.664
0.665
0.665
0.665
0.666
0.666
0.667
0.667
0.667
0.669
0.669
0.67
0.671
0.672
0.672
0.672
0.672
0.673
0.673
0.673
0.673
0.673
0.673
0.673
0.673
0.673
0.674
0.674
0.674
0.674
0.675
0.675
0.675
0.675
0.676
0.676
0.676
0.676
0.677
0.677
0.677
0.677
0.677
0.677
0.678
0.678
0.678
0.678
0.679
0.679
0.679
0.68
0.68
0.68
0.68
0.681
0.681
0.681
0.681
0.681
0.682
0.682
0.683
0.683
0.683
0.683
0.683
0.684
0.684
0.684
0.684
0.684
0.684
0.684
0.684
0.685
0.685
0.685
0.685
0.685
0.685
0.686
0.686
0.686
0.686
0.686
0.686
0.686
0.686
0.686
0.687
0.687
0.687
0.687
0.687
0.688
0.688
0.688
0.688
0.688
0.689
0.689
0.689
0.69
0.69
0.69
0.69
0.69
0.69
0.69
0.691
0.691
0.691
0.692
0.692
0.692
0.692
0.692
0.692
0.692
0.692
0.692
0.693
0.693
0.693
0.693
0.693
0.693
0.693
0.694
0.694
0.694
0.694
0.694
0.694
0.694
0.695
0.695
0.695
0.695
0.695
0.695
0.695
0.695
0.695
0.695
0.696
0.696
0.696
0.696
0.696
0.696
0.696
0.696
0.696
0.696
0.697
0.697
0.697
0.697
0.697
0.698
0.698
0.698
0.698
0.698
0.698
0.698
0.699
0.699
0.699
0.699
0.699
0.699
0.699
0.7
0.7
0.7
0.7
0.7
0.7
0.7
0.7
0.701
0.701
0.701
0.701
0.701
0.701
0.701
0.701
0.701
0.701
0.701
0.701
0.702
0.702
0.702
0.702
0.703
0.703
0.703
0.703
0.703
0.703
0.703
0.704
0.704
0.704
0.704
0.704
0.704
0.705
0.705
0.705
0.705
0.705
0.705
0.705
0.705
0.705
0.705
0.705
0.705
0.706
0.706
0.707
0.707
0.707
0.707
0.707
0.708
0.708
0.708
0.708
0.708
0.708
0.708
0.708
0.709
0.709
0.709
0.709
0.709
0.709
0.709
0.709
0.709
0.709
0.71
0.71
0.71
0.71
0.71
0.71
0.71
0.711
0.711
0.711
0.711
0.711
0.711
0.712
0.712
0.712
0.712
0.713
0.713
0.713
0.713
0.713
0.713
0.713
0.713
0.714
0.714
0.714
0.714
0.714
0.715
0.715
0.715
0.715
0.715
0.716
0.716
0.716
0.716
0.716
0.716
0.716
0.716
0.716
0.717
0.717
0.717
0.718
0.718
0.718
0.718
0.718
0.718
0.718
0.719
0.719
0.719
0.719
0.719
0.719
0.72
0.72
0.72
0.721
0.721
0.721
0.722
0.722
0.722
0.722
0.722
0.722
0.723
0.723
0.723
0.724
0.724
0.724
0.724
0.724
0.724
0.725
0.725
0.725
0.725
0.726
0.726
0.726
0.726
0.727
0.727
0.727
0.727
0.728
0.728
0.728
0.728
0.728
0.728
0.729
0.729
0.729
0.729
0.729
0.729
0.73
0.73
0.73
0.73
0.73
0.73
0.731
0.731
0.731
0.731
0.731
0.732
0.732
0.732
0.733
0.733
0.733
0.733
0.733
0.734
0.734
0.734
0.734
0.734
0.734
0.734
0.735
0.735
0.735
0.735
0.735
0.736
0.736
0.736
0.736
0.736
0.736
0.736
0.736
0.737
0.737
0.737
0.737
0.738
0.738
0.738
0.738
0.739
0.739
0.739
0.739
0.739
0.74
0.741
0.741
0.741
0.741
0.741
0.741
0.741
0.742
0.742
0.742
0.742
0.743
0.743
0.743
0.743
0.743
0.744
0.744
0.745
0.745
0.745
0.746
0.746
0.746
0.746
0.747
0.747
0.748
0.748
0.748
0.749
0.749
0.749
0.749
0.749
0.749
0.749
0.75
0.75
0.75
0.75
0.75
0.75
0.751
0.751
0.751
0.751
0.751
0.751
0.751
0.752
0.753
0.753
0.753
0.754
0.754
0.754
0.754
0.755
0.755
0.755
0.755
0.756
0.756
0.756
0.757
0.757
0.757
0.757
0.758
0.759
0.76
0.76
0.76
0.76
0.76
0.761
0.761
0.761
0.761
0.761
0.762
0.762
0.764
0.764
0.765
0.765
0.765
0.765
0.766
0.766
0.767
0.767
0.767
0.768
0.769
0.77
0.77
0.771
0.771
0.772
0.772
0.773
0.773
0.774
0.774
0.774
0.775
0.776
0.776
0.776
0.776
0.778
0.778
0.778
0.779
0.779
0.78
0.78
0.78
0.78
0.78
0.78
0.781
0.782
0.782
0.782
0.782
0.783
0.783
0.784
0.784
0.784
0.785
0.785
0.785
0.785
0.787
0.788
0.788
0.789
0.789
0.789
0.789
0.791
0.792
0.792
0.793
0.793
0.793
0.793
0.794
0.795
0.795
0.795
0.796
0.796
0.797
0.797
0.798
0.798
0.803
0.804
0.804
0.805
0.807
0.807
0.807
0.808
0.808
0.809
0.809
0.81
0.811
0.811
0.811
0.812
0.814
0.815
0.816
0.816
0.816
0.817
0.818
0.82
0.822
0.823
0.823
0.823
0.825
0.825
0.825
0.825
0.825
0.826
0.826
0.828
0.828
0.83
0.83
0.831
0.831
0.833
0.833
0.833
0.834
0.834
0.835
0.836
0.837
0.837
0.838
0.84
0.842
0.844
0.844
0.844
0.847
0.847
0.847
0.847
0.849
0.849
0.85
0.854
0.856
0.859
0.864
0.864
0.865
0.865
0.869
0.871
0.871
0.872
0.872
0.875
0.88
0.881
0.881
0.882
0.883
0.883
0.884
0.885
0.887
0.888
0.888
0.892
0.893
0.893
0.895
0.895
0.896
0.899
0.9
0.9
0.906
0.907
0.908
0.908
0.909
0.913
0.914
0.915
0.916
0.918
0.919
0.92
0.921
0.921
0.923
0.923
0.924
0.924
0.926
0.927
0.928
0.93
0.938
0.938
0.939
0.94
0.941
0.941
0.943
0.948
0.948
0.95
0.955
0.957
0.963
0.963
0.964
0.965
0.968
0.97
0.97
0.977
0.977
0.979
0.98
0.986
0.989
0.989
0.992
0.993
0.994
0.995
0.996
0.997
0.998
1
1
1
1
1
1
1
1
1
1
1
1
1
1
1
1
1
1
1
1
1
1
1
1
1
1
1
1
1
1
1
1
1
1
1
1
1
1
1
1
1
1
1
1
1
1
1
1
1
1
1
1
1
1
1
1
1
1
1
1
1
1
1
1
1
1
1
1
1
1
1
1
1
1
1
1
1
1
1
1
1
1
1
1
1
1
1
1
1
1
1
1
1
1
1
1
1
1
1
1
1
1
1
1
1
1
1
1
1
1
1
1
1
1
1
1
1
1
1
1
1
1
1
1
1
1
1
1
1
1
1
1
1
1
1
1
1
1
1
1
1
1
1
1
1
1
1
1
1
1
1
1
1
1
1
1
1
1
1
1
1
1
1
1
1
1
1
1
1
1
1
1
1
1
1
1
1
1
1
1
1
1
1
1
1
1
1
1
1
1
1
1
1
1
1
1
1
1
1
1
1
1
1
1
1
1
1
1
1
1
1
1
1
1
1
1
1
1
1
1
1
1
1
1
1
1
1
1
1
1
1
1
1
1
1
1
1
