0.855
0.891
0.894
0.898
0.903
0.907
0.907
0.908
0.915
0.917
0.918
0.92
0.921
0.922
0.922
0.922
0.922
0.922
0.925
0.925
0.926
0.926
0.927
0.928
0.928
0.928
0.929
0.929
0.929
0.93
0.93
0.933
0.936
0.936
0.936
0.936
0.936
0.937
0.938
0.938
0.939
0.939
0.939
0.94
0.94
0.94
0.941
0.941
0.942
0.942
0.945
0.946
0.947
0.947
0.947
0.948
0.948
0.949
0.949
0.95
0.951
0.951
0.951
0.953
0.954
0.955
0.955
0.956
0.957
0.957
0.958
0.958
0.958
0.959
0.959
0.959
0.96
0.96
0.96
0.961
0.961
0.961
0.962
0.962
0.962
0.962
0.964
0.964
0.964
0.964
0.964
0.965
0.966
0.966
0.966
0.966
0.967
0.967
0.967
0.967
0.967
0.968
0.969
0.969
0.969
0.97
0.97
0.97
0.97
0.97
0.971
0.971
0.971
0.972
0.972
0.972
0.972
0.972
0.972
0.972
0.972
0.973
0.973
0.974
0.974
0.974
0.975
0.975
0.975
0.975
0.975
0.976
0.976
0.976
0.977
0.977
0.977
0.977
0.977
0.977
0.978
0.978
0.978
0.979
0.979
0.979
0.979
0.98
0.981
0.981
0.982
0.982
0.982
0.983
0.983
0.983
0.983
0.983
0.984
0.984
0.984
0.984
0.984
0.984
0.985
0.985
0.985
0.985
0.985
0.985
0.985
0.986
0.986
0.986
0.986
0.986
0.986
0.986
0.986
0.986
0.986
0.987
0.987
0.987
0.987
0.987
0.988
0.988
0.988
0.988
0.989
0.989
0.989
0.989
0.989
0.99
0.99
0.991
0.991
0.991
0.991
0.991
0.991
0.991
0.991
0.991
0.992
0.992
0.992
0.992
0.992
0.993
0.993
0.993
0.993
0.993
0.993
0.994
0.994
0.994
0.994
0.995
0.995
0.995
0.995
0.995
0.996
0.996
0.996
0.996
0.996
0.996
0.996
0.997
0.997
0.997
0.997
0.997
0.997
0.998
0.998
0.998
0.998
0.998
0.998
0.998
0.998
0.999
0.999
1
1
1
1
1
1
1
1
1
1
1
1
1
1
1
1
1
1
1
1
1
1
1
1
1
1
1
1
1
1
1
1
1
1
1
1
1
1
1
1
1
1
1
1
1
1
1
1
1
1
1
1
1
1
1
1
1
1
1
1
1
1
1
1
1
1
1
1
1
1
1
1
1
1
1
1
1
1
1
1
1
1
1
1
1
1
1
1
1
1
1
1
1
1
1
1
1
1
1
1
1
1
1
1
1
1
1
1
1
1
1
1
1
1
1
1
1
1
1
1
1
1
1
1
1
1
1
1
1
1
1
1
1
1
1
1
1
1
1
1
1
1
1
1
1
1
1
1
1
1
1
1
1
1
1
1
1
1
1
1
1
1
1
1
1
1
1
1
1
1
1
1
1
1
1
1
1
1
1
1
1
1
1
1
1
1
1
1
1
1
1
1
1
1
1
1
1
1
1
1
1
1
1
1
1
1
1
1
1
1
1
1
1
1
1
1
1
1
1
1
1
1
1
1
1
1
1
1
1
1
1
1
1
1
1
1
1
1
1
1
1
1
1
1
1
1
1
1
1
1
1
1
1
1
1
1
1
1
1
1
1
1
1
1
1
1
1
1
1
1
1
1
1
1
1
1
1
1
1
1
1
1
1
1
1
1
1
1
1
1
1
1
1
1
1
1
1
1
1
1
1
1
1
1
1
1
1
1
1
1
1
1
1
1
1
1
1
1
1
1
1
1
1
1
1
1
1
1
1
1
1
1
1
1
1
1
1
1
1
1
1
1
1
1
1
1
1
1
1
1
1
1
1
1
1
1
1
1
1
1
1
1
1
1
1
1
1
1
1
1
1
1
1
1
1
1
1
1
1
1
1
1
1
1
1
1
1
1
1
1
1
1
1
1
1
1
1
1
1
1
1
1
1
1
1
1
1
1
1
1
1
1
1
1
1
1
1
1
1
1
1
1
1
1
1
1
1
1
1
1
1
1
1
1
1
1
1
1
1
1
1
1
1
1
1
1
1
1
1
1
1
1
1
1
1
1
1
1
1
1
1
1
1
1
1
1
1
1
1
1
1
1
1
1
1
1
1
1
1
1
1
1
1
1
1
1
1
1
1
1
1
1
1
1
1
1
1
1
1
1
1
1
1
1
1
1
1
1
1
1
1
1
1
1
1
1
1
1
1
1
1
1
1
1
1
1
1
1
1
1
1
1
1
1
1
1
1
1
1
1
1
1
1
1
1
1
1
1
1
1
1
1
1
1
1
1
1
1
1
1
1
1
1
1
1
1
1
1
1
1
1
1
1
1
1
1
1
1
1
1
1
1
1
1
1
1
1
1
1
1
1
1
1
1
1
1
1
1
1
1
1
1
1
1
1
1
1
1
1
1
1
1
1
1
1
1
1
1
1
1
1
1
1
1
1
1
1
1
1
1
1
1
1
1
1
1
1
1
1
1
1
1
1
1
1
1
1
1
1
1
1
1
1
1
1
1
1
1
1
1
1
1
1
1
1
1
1
1
1
1
1
1
1
1
1
1
1
1
1
1
1
1
1
1
1
1
1
1
1
1
1
1
1
1
1
1
1
1
1
1
1
1
1
1
1
1
1
1
1
1
1
1
1
1
1
1
1
1
1
1
1
1
1
1
1
1
1
1
1
1
1
1
1
1
1
1
1
1
1
1
1
1
1
1
1
1
1
1
1
1
1
