0.836
0.844
0.874
0.874
0.882
0.885
0.888
0.892
0.894
0.896
0.9
0.901
0.908
0.908
0.911
0.912
0.914
0.915
0.916
0.917
0.918
0.918
0.92
0.922
0.922
0.924
0.924
0.924
0.927
0.928
0.928
0.93
0.93
0.93
0.931
0.931
0.933
0.933
0.933
0.934
0.934
0.937
0.937
0.937
0.937
0.938
0.938
0.938
0.938
0.938
0.938
0.938
0.938
0.939
0.939
0.939
0.94
0.94
0.94
0.94
0.942
0.942
0.943
0.943
0.944
0.944
0.945
0.946
0.947
0.948
0.949
0.951
0.951
0.951
0.952
0.952
0.952
0.953
0.954
0.954
0.954
0.954
0.954
0.955
0.955
0.955
0.956
0.957
0.958
0.958
0.958
0.959
0.959
0.959
0.959
0.959
0.959
0.96
0.96
0.96
0.961
0.961
0.961
0.962
0.962
0.964
0.965
0.965
0.965
0.965
0.965
0.965
0.966
0.966
0.966
0.967
0.967
0.967
0.968
0.968
0.968
0.968
0.969
0.969
0.969
0.969
0.97
0.971
0.972
0.972
0.972
0.973
0.973
0.973
0.974
0.974
0.974
0.975
0.975
0.975
0.975
0.975
0.976
0.976
0.977
0.977
0.977
0.978
0.979
0.979
0.979
0.979
0.979
0.979
0.979
0.98
0.98
0.981
0.981
0.981
0.982
0.982
0.982
0.982
0.982
0.983
0.983
0.984
0.984
0.984
0.984
0.984
0.984
0.985
0.985
0.985
0.986
0.986
0.986
0.987
0.987
0.987
0.987
0.987
0.987
0.987
0.987
0.987
0.988
0.988
0.988
0.988
0.988
0.989
0.989
0.989
0.989
0.989
0.989
0.989
0.989
0.989
0.99
0.991
0.991
0.991
0.991
0.991
0.991
0.992
0.992
0.992
0.992
0.992
0.992
0.992
0.993
0.993
0.993
0.994
0.994
0.994
0.994
0.996
0.996
0.996
0.996
0.996
0.996
0.996
0.996
0.996
0.997
0.997
0.998
0.998
0.998
0.998
0.998
0.998
0.998
0.998
0.999
1
1
1
1
1
1
1
1
1
1
1
1
1
1
1
1
1
1
1
1
1
1
1
1
1
1
1
1
1
1
1
1
1
1
1
1
1
1
1
1
1
1
1
1
1
1
1
1
1
1
1
1
1
1
1
1
1
1
1
1
1
1
1
1
1
1
1
1
1
1
1
1
1
1
1
1
1
1
1
1
1
1
1
1
1
1
1
1
1
1
1
1
1
1
1
1
1
1
1
1
1
1
1
1
1
1
1
1
1
1
1
1
1
1
1
1
1
1
1
1
1
1
1
1
1
1
1
1
1
1
1
1
1
1
1
1
1
1
1
1
1
1
1
1
1
1
1
1
1
1
1
1
1
1
1
1
1
1
1
1
1
1
1
1
1
1
1
1
1
1
1
1
1
1
1
1
1
1
1
1
1
1
1
1
1
1
1
1
1
1
1
1
1
1
1
1
1
1
1
1
1
1
1
1
1
1
1
1
1
1
1
1
1
1
1
1
1
1
1
1
1
1
1
1
1
1
1
1
1
1
1
1
1
1
1
1
1
1
1
1
1
1
1
1
1
1
1
1
1
1
1
1
1
1
1
1
1
1
1
1
1
1
1
1
1
1
1
1
1
1
1
1
1
1
1
1
1
1
1
1
1
1
1
1
1
1
1
1
1
1
1
1
1
1
1
1
1
1
1
1
1
1
1
1
1
1
1
1
1
1
1
1
1
1
1
1
1
1
1
1
1
1
1
1
1
1
1
1
1
1
1
1
1
1
1
1
1
1
1
1
1
1
1
1
1
1
1
1
1
1
1
1
1
1
1
1
1
1
1
1
1
1
1
1
1
1
1
1
1
1
1
1
1
1
1
1
1
1
1
1
1
1
1
1
1
1
1
1
1
1
1
1
1
1
1
1
1
1
1
1
1
1
1
1
1
1
1
1
1
1
1
1
1
1
1
1
1
1
1
1
1
1
1
1
1
1
1
1
1
1
1
1
1
1
1
1
1
1
1
1
1
1
1
1
1
1
1
1
1
1
1
1
1
1
1
1
1
1
1
1
1
1
1
1
1
1
1
1
1
1
1
1
1
1
1
1
1
1
1
1
1
1
1
1
1
1
1
1
1
1
1
1
1
1
1
1
1
1
1
1
1
1
1
1
1
1
1
1
1
1
1
1
1
1
1
1
1
1
1
1
1
1
1
1
1
1
1
1
1
1
1
1
1
1
1
1
1
1
1
1
1
1
1
1
1
1
1
1
1
1
1
1
1
1
1
1
1
1
1
1
1
1
1
1
1
1
1
1
1
1
1
1
1
1
1
1
1
1
1
1
1
1
1
1
1
1
1
1
1
1
1
1
1
1
1
1
1
1
1
1
1
1
1
1
1
1
1
1
1
1
1
1
1
1
1
1
1
1
1
1
1
1
1
1
1
1
1
1
1
1
1
1
1
1
1
1
1
1
1
1
1
1
1
1
1
1
1
1
1
1
1
1
1
1
1
1
1
1
1
1
1
1
1
1
1
1
1
1
1
1
1
1
1
1
1
1
1
1
1
1
1
1
1
1
1
1
1
1
1
1
1
1
1
1
1
1
1
1
1
1
1
1
1
1
1
1
1
1
1
1
1
1
1
1
1
1
1
1
1
1
1
1
1
1
1
1
1
1
1
1
1
1
1
1
1
1
1
1
1
1
1
1
1
1
1
1
1
1
1
1
1
1
1
1
1
1
1
