0.864
0.873
0.879
0.893
0.895
0.896
0.896
0.897
0.898
0.9
0.902
0.903
0.906
0.906
0.909
0.915
0.916
0.916
0.917
0.917
0.919
0.92
0.92
0.922
0.922
0.923
0.924
0.924
0.926
0.928
0.93
0.931
0.932
0.932
0.932
0.932
0.934
0.935
0.935
0.936
0.936
0.936
0.936
0.936
0.938
0.938
0.938
0.939
0.941
0.941
0.941
0.942
0.942
0.943
0.943
0.943
0.943
0.944
0.945
0.945
0.947
0.948
0.948
0.948
0.948
0.948
0.948
0.948
0.949
0.949
0.949
0.949
0.95
0.951
0.952
0.952
0.952
0.952
0.954
0.955
0.955
0.955
0.956
0.956
0.956
0.956
0.957
0.957
0.957
0.957
0.957
0.958
0.958
0.958
0.958
0.958
0.959
0.959
0.96
0.96
0.961
0.961
0.961
0.962
0.962
0.962
0.963
0.963
0.964
0.964
0.965
0.965
0.965
0.966
0.966
0.966
0.967
0.967
0.967
0.967
0.967
0.967
0.967
0.968
0.968
0.969
0.969
0.969
0.969
0.969
0.97
0.971
0.971
0.971
0.971
0.972
0.972
0.972
0.972
0.973
0.973
0.973
0.974
0.974
0.974
0.974
0.974
0.974
0.975
0.975
0.975
0.975
0.975
0.975
0.975
0.976
0.977
0.977
0.978
0.978
0.978
0.978
0.978
0.978
0.978
0.979
0.979
0.979
0.98
0.98
0.98
0.981
0.982
0.982
0.982
0.982
0.983
0.983
0.983
0.983
0.983
0.984
0.984
0.984
0.984
0.984
0.985
0.985
0.985
0.985
0.985
0.986
0.986
0.986
0.986
0.986
0.986
0.987
0.987
0.987
0.987
0.988
0.988
0.988
0.988
0.988
0.988
0.989
0.989
0.99
0.99
0.99
0.99
0.99
0.99
0.99
0.99
0.991
0.991
0.991
0.992
0.992
0.992
0.992
0.992
0.993
0.993
0.993
0.993
0.993
0.993
0.994
0.994
0.994
0.994
0.995
0.995
0.995
0.995
0.995
0.995
0.996
0.996
0.997
0.997
0.997
0.997
0.997
0.998
0.998
0.998
0.998
0.999
0.999
0.999
0.999
0.999
0.999
0.999
1
1
1
1
1
1
1
1
1
1
1
1
1
1
1
1
1
1
1
1
1
1
1
1
1
1
1
1
1
1
1
1
1
1
1
1
1
1
1
1
1
1
1
1
1
1
1
1
1
1
1
1
1
1
1
1
1
1
1
1
1
1
1
1
1
1
1
1
1
1
1
1
1
1
1
1
1
1
1
1
1
1
1
1
1
1
1
1
1
1
1
1
1
1
1
1
1
1
1
1
1
1
1
1
1
1
1
1
1
1
1
1
1
1
1
1
1
1
1
1
1
1
1
1
1
1
1
1
1
1
1
1
1
1
1
1
1
1
1
1
1
1
1
1
1
1
1
1
1
1
1
1
1
1
1
1
1
1
1
1
1
1
1
1
1
1
1
1
1
1
1
1
1
1
1
1
1
1
1
1
1
1
1
1
1
1
1
1
1
1
1
1
1
1
1
1
1
1
1
1
1
1
1
1
1
1
1
1
1
1
1
1
1
1
1
1
1
1
1
1
1
1
1
1
1
1
1
1
1
1
1
1
1
1
1
1
1
1
1
1
1
1
1
1
1
1
1
1
1
1
1
1
1
1
1
1
1
1
1
1
1
1
1
1
1
1
1
1
1
1
1
1
1
1
1
1
1
1
1
1
1
1
1
1
1
1
1
1
1
1
1
1
1
1
1
1
1
1
1
1
1
1
1
1
1
1
1
1
1
1
1
1
1
1
1
1
1
1
1
1
1
1
1
1
1
1
1
1
1
1
1
1
1
1
1
1
1
1
1
1
1
1
1
1
1
1
1
1
1
1
1
1
1
1
1
1
1
1
1
1
1
1
1
1
1
1
1
1
1
1
1
1
1
1
1
1
1
1
1
1
1
1
1
1
1
1
1
1
1
1
1
1
1
1
1
1
1
1
1
1
1
1
1
1
1
1
1
1
1
1
1
1
1
1
1
1
1
1
1
1
1
1
1
1
1
1
1
1
1
1
1
1
1
1
1
1
1
1
1
1
1
1
1
1
1
1
1
1
1
1
1
1
1
1
1
1
1
1
1
1
1
1
1
1
1
1
1
1
1
1
1
1
1
1
1
1
1
1
1
1
1
1
1
1
1
1
1
1
1
1
1
1
1
1
1
1
1
1
1
1
1
1
1
1
1
1
1
1
1
1
1
1
1
1
1
1
1
1
1
1
1
1
1
1
1
1
1
1
1
1
1
1
1
1
1
1
1
1
1
1
1
1
1
1
1
1
1
1
1
1
1
1
1
1
1
1
1
1
1
1
1
1
1
1
1
1
1
1
1
1
1
1
1
1
1
1
1
1
1
1
1
1
1
1
1
1
1
1
1
1
1
1
1
1
1
1
1
1
1
1
1
1
1
1
1
1
1
1
1
1
1
1
1
1
1
1
1
1
1
1
1
1
1
1
1
1
1
1
1
1
1
1
1
1
1
1
1
1
1
1
1
1
1
1
1
1
1
1
1
1
1
1
1
1
1
1
1
1
1
1
1
1
1
1
1
1
1
1
1
1
1
1
1
1
1
1
1
1
1
1
1
1
1
1
1
1
1
1
1
1
1
1
1
1
1
1
1
1
1
1
1
1
1
1
1
1
1
1
1
1
1
1
1
1
1
1
1
1
1
1
1
1
1
1
1
1
1
1
1
1
1
1
1
1
1
1
1
1
1
1
1
