0.121
0.121
0.123
0.123
0.124
0.124
0.124
0.124
0.125
0.125
0.126
0.126
0.126
0.126
0.126
0.126
0.126
0.126
0.127
0.127
0.127
0.127
0.127
0.127
0.127
0.127
0.127
0.127
0.128
0.128
0.128
0.128
0.128
0.128
0.128
0.128
0.129
0.129
0.129
0.129
0.129
0.129
0.129
0.129
0.129
0.129
0.129
0.13
0.13
0.13
0.13
0.13
0.13
0.13
0.13
0.131
0.131
0.131
0.131
0.131
0.131
0.131
0.131
0.131
0.131
0.131
0.131
0.131
0.131
0.131
0.131
0.131
0.131
0.131
0.131
0.131
0.131
0.131
0.131
0.131
0.131
0.132
0.132
0.132
0.132
0.132
0.132
0.132
0.132
0.132
0.132
0.132
0.132
0.132
0.132
0.133
0.133
0.133
0.133
0.133
0.133
0.133
0.133
0.133
0.133
0.133
0.133
0.133
0.133
0.134
0.134
0.134
0.134
0.134
0.134
0.134
0.134
0.134
0.134
0.134
0.134
0.134
0.134
0.134
0.134
0.134
0.134
0.134
0.135
0.135
0.135
0.135
0.135
0.135
0.135
0.135
0.135
0.135
0.135
0.135
0.135
0.135
0.135
0.135
0.135
0.135
0.136
0.136
0.136
0.136
0.136
0.136
0.136
0.136
0.136
0.136
0.136
0.136
0.136
0.136
0.136
0.136
0.136
0.136
0.137
0.137
0.137
0.137
0.137
0.137
0.137
0.137
0.137
0.137
0.137
0.137
0.137
0.137
0.137
0.137
0.138
0.138
0.138
0.138
0.138
0.138
0.138
0.138
0.138
0.138
0.138
0.138
0.138
0.139
0.139
0.139
0.139
0.139
0.139
0.139
0.139
0.139
0.139
0.139
0.139
0.139
0.139
0.139
0.14
0.14
0.14
0.14
0.14
0.14
0.14
0.14
0.14
0.14
0.14
0.14
0.14
0.141
0.141
0.141
0.141
0.141
0.141
0.141
0.141
0.141
0.141
0.141
0.141
0.141
0.142
0.142
0.142
0.142
0.142
0.142
0.142
0.142
0.142
0.142
0.142
0.142
0.142
0.142
0.142
0.142
0.142
0.143
0.143
0.143
0.143
0.143
0.143
0.143
0.143
0.143
0.143
0.143
0.143
0.143
0.143
0.143
0.143
0.143
0.143
0.144
0.144
0.144
0.144
0.144
0.144
0.144
0.144
0.144
0.144
0.144
0.144
0.144
0.144
0.144
0.145
0.145
0.145
0.145
0.145
0.145
0.145
0.145
0.145
0.145
0.145
0.145
0.145
0.145
0.145
0.145
0.145
0.145
0.145
0.145
0.145
0.145
0.145
0.145
0.146
0.146
0.146
0.146
0.146
0.146
0.146
0.146
0.146
0.146
0.146
0.146
0.146
0.147
0.147
0.147
0.147
0.147
0.147
0.147
0.147
0.147
0.147
0.148
0.148
0.148
0.148
0.148
0.148
0.148
0.148
0.148
0.148
0.148
0.148
0.148
0.148
0.148
0.148
0.148
0.148
0.148
0.149
0.149
0.149
0.149
0.149
0.149
0.149
0.149
0.15
0.15
0.15
0.15
0.15
0.15
0.15
0.15
0.15
0.15
0.151
0.151
0.151
0.151
0.151
0.151
0.151
0.151
0.151
0.151
0.151
0.152
0.152
0.152
0.152
0.152
0.152
0.152
0.152
0.152
0.152
0.152
0.152
0.153
0.153
0.153
0.153
0.153
0.153
0.153
0.153
0.153
0.153
0.153
0.153
0.153
0.153
0.153
0.153
0.153
0.153
0.153
0.153
0.153
0.154
0.154
0.154
0.154
0.154
0.154
0.154
0.154
0.154
0.154
0.154
0.154
0.154
0.154
0.154
0.154
0.154
0.154
0.155
0.155
0.155
0.155
0.155
0.155
0.155
0.155
0.155
0.155
0.155
0.156
0.156
0.156
0.156
0.156
0.156
0.157
0.157
0.157
0.157
0.157
0.157
0.157
0.157
0.158
0.158
0.158
0.159
0.159
0.159
0.159
0.159
0.159
0.159
0.159
0.159
0.159
0.159
0.16
0.16
0.16
0.16
0.16
0.16
0.16
0.161
0.161
0.161
0.161
0.161
0.161
0.162
0.162
0.162
0.162
0.162
0.162
0.162
0.162
0.162
0.162
0.163
0.163
0.163
0.163
0.163
0.163
0.164
0.164
0.164
0.164
0.164
0.164
0.164
0.164
0.164
0.164
0.165
0.165
0.165
0.165
0.165
0.165
0.165
0.166
0.166
0.166
0.166
0.166
0.166
0.166
0.166
0.166
0.166
0.167
0.167
0.167
0.167
0.167
0.167
0.167
0.167
0.167
0.168
0.168
0.168
0.168
0.168
0.169
0.169
0.169
0.169
0.169
0.169
0.169
0.17
0.17
0.17
0.17
0.17
0.17
0.17
0.17
0.17
0.171
0.171
0.171
0.171
0.171
0.171
0.171
0.172
0.172
0.172
0.172
0.172
0.172
0.173
0.173
0.173
0.173
0.173
0.173
0.173
0.173
0.173
0.173
0.174
0.174
0.174
0.175
0.175
0.175
0.175
0.175
0.175
0.176
0.176
0.176
0.176
0.176
0.177
0.177
0.178
0.178
0.178
0.178
0.178
0.179
0.179
0.179
0.179
0.179
0.179
0.179
0.179
0.18
0.18
0.18
0.18
0.181
0.181
0.181
0.181
0.182
0.182
0.182
0.182
0.182
0.182
0.182
0.183
0.183
0.183
0.183
0.183
0.183
0.183
0.183
0.184
0.184
0.184
0.184
0.184
0.184
0.184
0.184
0.184
0.184
0.185
0.185
0.185
0.185
0.185
0.185
0.186
0.186
0.186
0.187
0.187
0.187
0.187
0.187
0.187
0.187
0.188
0.188
0.188
0.188
0.188
0.188
0.189
0.189
0.189
0.189
0.19
0.19
0.19
0.191
0.191
0.191
0.191
0.191
0.191
0.191
0.191
0.192
0.192
0.192
0.192
0.193
0.193
0.193
0.193
0.194
0.194
0.194
0.195
0.195
0.195
0.195
0.195
0.196
0.196
0.196
0.197
0.197
0.197
0.197
0.198
0.198
0.198
0.199
0.199
0.199
0.199
0.199
0.199
0.2
0.2
0.2
0.201
0.201
0.201
0.201
0.202
0.202
0.202
0.202
0.203
0.203
0.203
0.204
0.205
0.205
0.205
0.205
0.206
0.206
0.206
0.206
0.206
0.207
0.207
0.207
0.207
0.208
0.209
0.21
0.211
0.211
0.212
0.212
0.212
0.212
0.213
0.213
0.213
0.213
0.213
0.214
0.214
0.214
0.215
0.215
0.215
0.215
0.215
0.216
0.216
0.216
0.216
0.216
0.216
0.217
0.217
0.217
0.218
0.219
0.219
0.219
0.219
0.22
0.22
0.22
0.223
0.223
0.223
0.223
0.224
0.224
0.224
0.225
0.226
0.226
0.227
0.228
0.228
0.228
0.228
0.228
0.228
0.228
0.229
0.231
0.231
0.231
0.231
0.231
0.232
0.232
0.233
0.233
0.233
0.234
0.235
0.235
0.235
0.236
0.237
0.237
0.238
0.238
0.239
0.24
0.24
0.241
0.241
0.241
0.242
0.242
0.243
0.243
0.243
0.245
0.246
0.246
0.246
0.246
0.247
0.248
0.248
0.249
0.249
0.252
0.252
0.252
0.253
0.255
0.256
0.258
0.258
0.258
0.258
0.259
0.259
0.261
0.261
0.261
0.262
0.262
0.262
0.263
0.263
0.264
0.265
0.266
0.266
0.266
0.267
0.267
0.267
0.268
0.268
0.271
0.272
0.272
0.272
0.272
0.273
0.274
0.274
0.276
0.277
0.277
0.278
0.279
0.279
0.279
0.28
0.283
0.284
0.284
0.286
0.288
0.289
0.29
0.291
0.293
0.293
0.293
0.295
0.295
0.296
0.297
0.297
0.298
0.298
0.299
0.299
0.3
0.302
0.302
0.304
0.306
0.307
0.309
0.31
0.313
0.313
0.313
0.315
0.317
0.318
0.32
0.324
0.324
0.326
0.326
0.326
0.328
0.329
0.331
0.331
0.336
0.336
0.337
0.342
0.347
0.347
0.348
0.351
0.353
0.356
0.356
0.357
0.358
0.362
0.362
0.363
0.367
0.372
0.378
0.378
0.379
0.385
0.388
0.389
0.39
0.395
0.395
0.397
0.409
0.415
0.416
0.419
0.425
0.431
0.434
0.441
0.444
0.445
0.45
0.452
0.459
0.467
0.474
0.474
0.48
0.484
0.491
0.496
0.497
0.499
0.5
0.501
0.519
0.521
0.524
0.53
0.539
0.542
0.546
0.55
0.577
0.581
0.585
0.607
0.614
0.618
0.624
0.644
0.645
0.662
0.701
0.72
0.731
0.754
0.78
