0.117
0.121
0.123
0.124
0.124
0.124
0.124
0.125
0.125
0.125
0.125
0.125
0.125
0.126
0.126
0.126
0.126
0.126
0.126
0.126
0.126
0.127
0.127
0.127
0.127
0.128
0.128
0.128
0.128
0.128
0.128
0.128
0.128
0.128
0.129
0.129
0.129
0.129
0.129
0.129
0.129
0.129
0.129
0.129
0.129
0.129
0.129
0.129
0.129
0.13
0.13
0.13
0.13
0.13
0.13
0.13
0.13
0.13
0.131
0.131
0.131
0.131
0.131
0.131
0.131
0.131
0.131
0.131
0.131
0.132
0.132
0.132
0.132
0.132
0.132
0.132
0.132
0.132
0.132
0.132
0.132
0.132
0.132
0.132
0.132
0.133
0.133
0.133
0.133
0.133
0.133
0.133
0.133
0.133
0.133
0.133
0.133
0.133
0.133
0.133
0.133
0.133
0.134
0.134
0.134
0.134
0.134
0.134
0.134
0.134
0.134
0.134
0.134
0.134
0.134
0.134
0.134
0.134
0.134
0.135
0.135
0.135
0.135
0.135
0.135
0.135
0.135
0.135
0.135
0.135
0.135
0.135
0.135
0.135
0.135
0.135
0.135
0.136
0.136
0.136
0.136
0.136
0.136
0.136
0.136
0.136
0.136
0.136
0.136
0.136
0.136
0.136
0.136
0.136
0.136
0.137
0.137
0.137
0.137
0.137
0.137
0.137
0.137
0.137
0.137
0.137
0.137
0.137
0.137
0.137
0.137
0.137
0.137
0.137
0.137
0.137
0.138
0.138
0.138
0.138
0.138
0.138
0.138
0.138
0.138
0.138
0.138
0.138
0.138
0.138
0.138
0.138
0.138
0.138
0.139
0.139
0.139
0.139
0.139
0.139
0.139
0.139
0.139
0.139
0.139
0.139
0.139
0.14
0.14
0.14
0.14
0.14
0.14
0.14
0.14
0.14
0.14
0.14
0.14
0.14
0.14
0.14
0.14
0.14
0.141
0.141
0.141
0.141
0.141
0.141
0.141
0.141
0.141
0.141
0.141
0.141
0.141
0.141
0.141
0.141
0.141
0.141
0.141
0.141
0.141
0.141
0.141
0.141
0.142
0.142
0.142
0.142
0.142
0.142
0.142
0.142
0.142
0.142
0.142
0.142
0.142
0.142
0.142
0.142
0.142
0.143
0.143
0.143
0.143
0.143
0.143
0.143
0.143
0.143
0.143
0.143
0.143
0.143
0.143
0.143
0.143
0.143
0.143
0.144
0.144
0.144
0.144
0.144
0.144
0.144
0.144
0.144
0.144
0.144
0.144
0.144
0.144
0.144
0.144
0.144
0.144
0.144
0.144
0.144
0.145
0.145
0.145
0.145
0.145
0.145
0.145
0.145
0.145
0.145
0.145
0.145
0.145
0.145
0.145
0.145
0.145
0.145
0.145
0.146
0.146
0.146
0.146
0.146
0.146
0.146
0.146
0.146
0.146
0.146
0.146
0.146
0.146
0.146
0.146
0.146
0.146
0.146
0.147
0.147
0.147
0.147
0.147
0.147
0.147
0.147
0.147
0.147
0.147
0.147
0.147
0.147
0.147
0.147
0.147
0.148
0.148
0.148
0.148
0.148
0.148
0.148
0.148
0.148
0.148
0.148
0.148
0.148
0.148
0.148
0.148
0.149
0.149
0.149
0.149
0.149
0.149
0.149
0.149
0.149
0.149
0.149
0.149
0.149
0.15
0.15
0.15
0.15
0.15
0.15
0.15
0.15
0.151
0.151
0.151
0.151
0.151
0.151
0.151
0.151
0.151
0.151
0.151
0.151
0.151
0.151
0.152
0.152
0.152
0.152
0.152
0.152
0.152
0.152
0.152
0.152
0.153
0.153
0.153
0.153
0.153
0.153
0.153
0.153
0.153
0.153
0.153
0.153
0.154
0.154
0.154
0.154
0.154
0.154
0.154
0.154
0.154
0.155
0.155
0.155
0.155
0.155
0.155
0.155
0.155
0.155
0.155
0.156
0.156
0.156
0.156
0.156
0.156
0.156
0.156
0.156
0.156
0.156
0.156
0.156
0.156
0.156
0.157
0.157
0.157
0.157
0.157
0.157
0.157
0.157
0.157
0.157
0.157
0.157
0.157
0.157
0.157
0.157
0.158
0.158
0.158
0.158
0.158
0.158
0.158
0.158
0.158
0.158
0.158
0.159
0.159
0.159
0.159
0.159
0.159
0.159
0.16
0.16
0.16
0.16
0.16
0.16
0.16
0.161
0.161
0.161
0.161
0.161
0.161
0.161
0.161
0.161
0.162
0.162
0.162
0.162
0.162
0.162
0.162
0.163
0.163
0.163
0.163
0.163
0.163
0.163
0.163
0.163
0.163
0.163
0.163
0.163
0.163
0.163
0.164
0.164
0.164
0.164
0.164
0.164
0.165
0.165
0.165
0.165
0.165
0.165
0.165
0.166
0.166
0.166
0.166
0.166
0.166
0.166
0.166
0.167
0.167
0.167
0.167
0.167
0.167
0.167
0.168
0.168
0.168
0.168
0.168
0.169
0.169
0.169
0.169
0.17
0.17
0.17
0.17
0.17
0.171
0.171
0.171
0.171
0.171
0.171
0.171
0.171
0.171
0.171
0.172
0.172
0.172
0.172
0.173
0.173
0.173
0.173
0.173
0.173
0.174
0.175
0.175
0.175
0.175
0.175
0.176
0.176
0.176
0.176
0.176
0.176
0.177
0.177
0.177
0.177
0.177
0.177
0.177
0.177
0.177
0.178
0.178
0.178
0.179
0.179
0.179
0.18
0.181
0.181
0.181
0.181
0.181
0.182
0.182
0.182
0.182
0.182
0.182
0.182
0.182
0.183
0.183
0.183
0.183
0.184
0.184
0.184
0.185
0.185
0.185
0.185
0.185
0.185
0.185
0.185
0.185
0.186
0.186
0.186
0.186
0.186
0.186
0.187
0.187
0.187
0.187
0.187
0.187
0.188
0.188
0.189
0.189
0.189
0.189
0.19
0.19
0.19
0.191
0.191
0.191
0.191
0.192
0.192
0.193
0.193
0.193
0.193
0.194
0.194
0.194
0.194
0.196
0.196
0.196
0.196
0.196
0.196
0.196
0.197
0.197
0.197
0.197
0.197
0.197
0.197
0.198
0.198
0.199
0.199
0.199
0.2
0.2
0.2
0.2
0.2
0.201
0.201
0.201
0.201
0.201
0.202
0.202
0.202
0.202
0.202
0.202
0.202
0.203
0.203
0.203
0.203
0.204
0.204
0.204
0.204
0.204
0.204
0.204
0.205
0.206
0.206
0.207
0.207
0.207
0.207
0.207
0.207
0.207
0.207
0.208
0.208
0.209
0.209
0.209
0.209
0.21
0.21
0.21
0.211
0.211
0.211
0.212
0.212
0.212
0.213
0.213
0.214
0.214
0.214
0.215
0.215
0.216
0.217
0.218
0.218
0.219
0.219
0.219
0.22
0.22
0.22
0.22
0.221
0.221
0.221
0.222
0.222
0.222
0.223
0.224
0.224
0.224
0.225
0.225
0.225
0.226
0.227
0.227
0.228
0.228
0.228
0.229
0.229
0.229
0.229
0.229
0.23
0.231
0.231
0.232
0.233
0.233
0.234
0.234
0.235
0.235
0.235
0.235
0.236
0.236
0.237
0.237
0.237
0.238
0.238
0.238
0.239
0.24
0.241
0.242
0.243
0.244
0.244
0.244
0.245
0.246
0.247
0.247
0.248
0.248
0.249
0.25
0.25
0.252
0.253
0.254
0.255
0.255
0.256
0.257
0.257
0.258
0.258
0.259
0.259
0.26
0.26
0.26
0.262
0.263
0.264
0.265
0.266
0.266
0.268
0.269
0.27
0.271
0.272
0.273
0.274
0.274
0.274
0.275
0.277
0.278
0.279
0.28
0.281
0.282
0.285
0.287
0.288
0.29
0.292
0.292
0.293
0.293
0.294
0.294
0.295
0.296
0.298
0.298
0.298
0.3
0.3
0.3
0.302
0.303
0.304
0.306
0.307
0.307
0.309
0.31
0.311
0.311
0.313
0.316
0.316
0.319
0.321
0.322
0.322
0.325
0.326
0.327
0.329
0.33
0.333
0.333
0.335
0.335
0.335
0.337
0.339
0.341
0.341
0.341
0.342
0.343
0.345
0.348
0.35
0.353
0.36
0.363
0.364
0.364
0.366
0.367
0.367
0.367
0.368
0.375
0.378
0.381
0.381
0.384
0.387
0.388
0.388
0.39
0.392
0.396
0.399
0.401
0.405
0.409
0.416
0.418
0.419
0.419
0.424
0.424
0.429
0.433
0.435
0.437
0.445
0.447
0.447
0.452
0.455
0.457
0.46
0.462
0.464
0.472
0.482
0.484
0.486
0.488
0.503
0.51
0.516
0.531
0.535
0.548
0.55
0.552
0.558
0.568
0.602
0.631
0.634
0.715
0.785
