0.12
0.12
0.123
0.124
0.124
0.124
0.125
0.125
0.125
0.125
0.125
0.125
0.125
0.126
0.126
0.126
0.127
0.127
0.127
0.127
0.127
0.127
0.127
0.127
0.127
0.127
0.128
0.128
0.128
0.128
0.128
0.128
0.128
0.129
0.129
0.129
0.129
0.129
0.129
0.129
0.129
0.129
0.129
0.13
0.13
0.13
0.13
0.13
0.13
0.13
0.13
0.13
0.13
0.13
0.13
0.131
0.131
0.131
0.131
0.131
0.131
0.131
0.131
0.131
0.131
0.131
0.131
0.131
0.131
0.131
0.131
0.131
0.131
0.132
0.132
0.132
0.132
0.132
0.132
0.132
0.132
0.132
0.132
0.132
0.132
0.132
0.132
0.132
0.132
0.132
0.132
0.132
0.132
0.132
0.132
0.132
0.133
0.133
0.133
0.133
0.133
0.133
0.133
0.133
0.133
0.133
0.133
0.133
0.133
0.133
0.133
0.133
0.133
0.133
0.133
0.134
0.134
0.134
0.134
0.134
0.134
0.134
0.134
0.134
0.134
0.134
0.134
0.134
0.134
0.134
0.134
0.134
0.134
0.134
0.134
0.134
0.135
0.135
0.135
0.135
0.135
0.135
0.135
0.135
0.135
0.135
0.135
0.135
0.135
0.135
0.136
0.136
0.136
0.136
0.136
0.136
0.136
0.136
0.136
0.136
0.136
0.136
0.136
0.136
0.136
0.136
0.136
0.136
0.136
0.136
0.136
0.136
0.136
0.137
0.137
0.137
0.137
0.137
0.137
0.137
0.137
0.137
0.137
0.137
0.137
0.137
0.137
0.137
0.137
0.137
0.137
0.137
0.137
0.137
0.138
0.138
0.138
0.138
0.138
0.138
0.138
0.138
0.138
0.138
0.138
0.138
0.138
0.138
0.138
0.138
0.138
0.138
0.138
0.138
0.138
0.139
0.139
0.139
0.139
0.139
0.139
0.139
0.139
0.139
0.139
0.139
0.139
0.139
0.139
0.139
0.139
0.139
0.139
0.139
0.139
0.139
0.139
0.139
0.14
0.14
0.14
0.14
0.14
0.14
0.14
0.14
0.14
0.14
0.14
0.14
0.14
0.14
0.14
0.14
0.14
0.14
0.141
0.141
0.141
0.141
0.141
0.141
0.141
0.141
0.141
0.141
0.141
0.141
0.141
0.142
0.142
0.142
0.142
0.142
0.142
0.142
0.142
0.142
0.142
0.143
0.143
0.143
0.143
0.143
0.143
0.143
0.143
0.143
0.143
0.143
0.144
0.144
0.144
0.144
0.144
0.144
0.144
0.144
0.144
0.144
0.144
0.144
0.144
0.144
0.144
0.144
0.144
0.144
0.144
0.144
0.145
0.145
0.145
0.145
0.145
0.145
0.145
0.145
0.145
0.145
0.145
0.145
0.145
0.145
0.145
0.145
0.146
0.146
0.146
0.146
0.146
0.146
0.146
0.146
0.146
0.146
0.146
0.146
0.146
0.146
0.147
0.147
0.147
0.147
0.147
0.147
0.147
0.147
0.147
0.147
0.147
0.147
0.147
0.147
0.147
0.147
0.147
0.148
0.148
0.148
0.148
0.148
0.148
0.148
0.148
0.148
0.148
0.148
0.148
0.148
0.148
0.148
0.148
0.149
0.149
0.149
0.149
0.149
0.149
0.149
0.149
0.149
0.149
0.149
0.149
0.149
0.15
0.15
0.15
0.15
0.15
0.15
0.15
0.15
0.15
0.15
0.151
0.151
0.151
0.151
0.151
0.151
0.151
0.151
0.151
0.151
0.151
0.151
0.151
0.152
0.152
0.152
0.152
0.152
0.152
0.153
0.153
0.153
0.153
0.153
0.153
0.153
0.153
0.153
0.153
0.153
0.153
0.153
0.153
0.153
0.153
0.153
0.153
0.153
0.154
0.154
0.154
0.154
0.154
0.154
0.154
0.154
0.154
0.154
0.154
0.154
0.154
0.155
0.155
0.155
0.155
0.155
0.155
0.155
0.155
0.156
0.156
0.156
0.156
0.156
0.156
0.156
0.156
0.157
0.157
0.157
0.157
0.157
0.157
0.157
0.157
0.157
0.158
0.158
0.158
0.158
0.158
0.158
0.158
0.158
0.158
0.158
0.158
0.158
0.159
0.159
0.159
0.159
0.159
0.159
0.159
0.159
0.159
0.159
0.16
0.16
0.16
0.16
0.16
0.16
0.161
0.161
0.161
0.161
0.161
0.161
0.161
0.161
0.161
0.162
0.162
0.162
0.162
0.162
0.162
0.162
0.162
0.162
0.162
0.163
0.163
0.163
0.163
0.163
0.163
0.163
0.163
0.163
0.163
0.163
0.164
0.164
0.164
0.164
0.164
0.164
0.164
0.164
0.164
0.164
0.164
0.164
0.164
0.164
0.165
0.165
0.165
0.165
0.165
0.165
0.165
0.165
0.165
0.166
0.166
0.166
0.166
0.166
0.166
0.166
0.167
0.167
0.167
0.167
0.167
0.167
0.167
0.167
0.167
0.167
0.168
0.168
0.168
0.168
0.168
0.168
0.168
0.168
0.168
0.168
0.168
0.169
0.169
0.169
0.169
0.169
0.17
0.17
0.171
0.171
0.171
0.171
0.171
0.171
0.171
0.171
0.171
0.171
0.171
0.171
0.171
0.172
0.172
0.172
0.172
0.172
0.172
0.172
0.173
0.173
0.173
0.173
0.173
0.173
0.173
0.174
0.174
0.174
0.174
0.174
0.174
0.174
0.174
0.175
0.175
0.175
0.175
0.175
0.175
0.176
0.176
0.176
0.176
0.176
0.177
0.178
0.178
0.179
0.179
0.179
0.179
0.179
0.179
0.179
0.18
0.181
0.181
0.182
0.182
0.183
0.183
0.183
0.183
0.184
0.184
0.184
0.184
0.185
0.185
0.185
0.186
0.186
0.186
0.186
0.187
0.187
0.187
0.187
0.187
0.187
0.187
0.188
0.188
0.188
0.188
0.188
0.189
0.189
0.189
0.189
0.189
0.189
0.189
0.189
0.19
0.19
0.19
0.191
0.191
0.191
0.191
0.191
0.191
0.191
0.191
0.191
0.191
0.192
0.192
0.193
0.193
0.193
0.193
0.194
0.194
0.194
0.194
0.194
0.195
0.195
0.195
0.196
0.196
0.196
0.196
0.196
0.196
0.196
0.197
0.197
0.198
0.198
0.198
0.198
0.199
0.199
0.2
0.2
0.2
0.201
0.201
0.201
0.201
0.202
0.202
0.202
0.202
0.203
0.203
0.203
0.204
0.204
0.204
0.204
0.204
0.205
0.205
0.205
0.206
0.206
0.206
0.207
0.207
0.207
0.208
0.208
0.208
0.208
0.208
0.209
0.21
0.21
0.21
0.21
0.211
0.211
0.211
0.212
0.212
0.212
0.212
0.212
0.212
0.212
0.212
0.213
0.213
0.214
0.215
0.215
0.216
0.217
0.218
0.218
0.218
0.22
0.22
0.22
0.22
0.22
0.221
0.221
0.221
0.222
0.222
0.223
0.223
0.224
0.225
0.225
0.225
0.226
0.226
0.226
0.226
0.226
0.227
0.227
0.227
0.228
0.228
0.229
0.23
0.23
0.23
0.231
0.231
0.232
0.232
0.233
0.233
0.233
0.233
0.234
0.235
0.235
0.236
0.236
0.236
0.237
0.238
0.238
0.239
0.239
0.24
0.24
0.242
0.243
0.243
0.243
0.244
0.244
0.244
0.244
0.245
0.245
0.246
0.246
0.246
0.247
0.247
0.248
0.248
0.249
0.249
0.251
0.251
0.252
0.253
0.253
0.254
0.255
0.256
0.256
0.257
0.258
0.258
0.259
0.259
0.26
0.261
0.262
0.262
0.265
0.265
0.265
0.268
0.268
0.268
0.269
0.27
0.271
0.271
0.274
0.274
0.275
0.278
0.28
0.281
0.283
0.284
0.286
0.286
0.286
0.286
0.287
0.287
0.288
0.29
0.291
0.291
0.291
0.294
0.294
0.294
0.296
0.299
0.299
0.3
0.301
0.303
0.304
0.306
0.306
0.307
0.308
0.309
0.31
0.311
0.313
0.315
0.318
0.319
0.319
0.321
0.324
0.325
0.326
0.327
0.327
0.327
0.33
0.332
0.334
0.336
0.337
0.339
0.34
0.342
0.343
0.344
0.346
0.347
0.35
0.354
0.357
0.361
0.362
0.363
0.371
0.377
0.378
0.379
0.38
0.383
0.387
0.396
0.397
0.397
0.402
0.404
0.41
0.41
0.412
0.415
0.422
0.423
0.424
0.425
0.425
0.426
0.429
0.434
0.441
0.446
0.446
0.452
0.468
0.469
0.477
0.478
0.479
0.481
0.493
0.52
0.524
0.526
0.527
0.54
0.54
0.548
0.55
0.58
0.586
0.6
0.648
0.652
0.671
0.7
0.752
