0.123
0.123
0.124
0.125
0.125
0.125
0.125
0.126
0.126
0.127
0.127
0.127
0.127
0.127
0.127
0.127
0.127
0.127
0.128
0.128
0.128
0.128
0.128
0.128
0.128
0.128
0.128
0.128
0.128
0.129
0.129
0.129
0.129
0.129
0.129
0.129
0.129
0.129
0.129
0.129
0.129
0.13
0.13
0.13
0.13
0.13
0.13
0.13
0.13
0.13
0.13
0.13
0.13
0.131
0.131
0.131
0.131
0.131
0.131
0.131
0.131
0.131
0.131
0.131
0.131
0.131
0.131
0.131
0.131
0.131
0.131
0.131
0.131
0.132
0.132
0.132
0.132
0.132
0.132
0.132
0.132
0.132
0.132
0.132
0.132
0.132
0.132
0.133
0.133
0.133
0.133
0.133
0.133
0.133
0.133
0.133
0.133
0.133
0.133
0.133
0.133
0.133
0.133
0.133
0.133
0.133
0.133
0.133
0.133
0.133
0.134
0.134
0.134
0.134
0.134
0.134
0.134
0.134
0.134
0.134
0.134
0.134
0.134
0.134
0.134
0.134
0.134
0.134
0.134
0.134
0.134
0.134
0.135
0.135
0.135
0.135
0.135
0.135
0.135
0.135
0.135
0.135
0.135
0.135
0.135
0.135
0.135
0.135
0.136
0.136
0.136
0.136
0.136
0.136
0.136
0.136
0.136
0.136
0.136
0.136
0.136
0.136
0.136
0.136
0.136
0.136
0.136
0.136
0.136
0.136
0.136
0.137
0.137
0.137
0.137
0.137
0.137
0.137
0.137
0.137
0.137
0.137
0.137
0.137
0.137
0.137
0.137
0.137
0.138
0.138
0.138
0.138
0.138
0.138
0.138
0.138
0.138
0.138
0.138
0.138
0.138
0.138
0.138
0.138
0.138
0.138
0.138
0.138
0.138
0.138
0.138
0.138
0.138
0.139
0.139
0.139
0.139
0.139
0.139
0.139
0.139
0.139
0.139
0.139
0.139
0.139
0.139
0.139
0.139
0.139
0.139
0.139
0.139
0.14
0.14
0.14
0.14
0.14
0.14
0.14
0.14
0.14
0.14
0.14
0.14
0.14
0.14
0.14
0.14
0.14
0.14
0.14
0.14
0.14
0.14
0.14
0.14
0.141
0.141
0.141
0.141
0.141
0.141
0.141
0.141
0.141
0.141
0.141
0.141
0.141
0.141
0.141
0.141
0.141
0.141
0.141
0.141
0.142
0.142
0.142
0.142
0.142
0.142
0.142
0.142
0.142
0.142
0.142
0.142
0.142
0.142
0.142
0.142
0.142
0.142
0.142
0.143
0.143
0.143
0.143
0.143
0.143
0.143
0.143
0.143
0.143
0.143
0.143
0.143
0.143
0.143
0.144
0.144
0.144
0.144
0.144
0.144
0.144
0.144
0.144
0.144
0.144
0.144
0.144
0.144
0.144
0.144
0.144
0.144
0.144
0.144
0.144
0.144
0.145
0.145
0.145
0.145
0.145
0.145
0.145
0.145
0.145
0.145
0.145
0.145
0.145
0.145
0.146
0.146
0.146
0.146
0.146
0.146
0.146
0.146
0.146
0.146
0.146
0.146
0.146
0.146
0.146
0.146
0.146
0.147
0.147
0.147
0.147
0.147
0.147
0.147
0.147
0.147
0.147
0.147
0.147
0.148
0.148
0.148
0.148
0.148
0.148
0.148
0.148
0.148
0.148
0.148
0.148
0.149
0.149
0.149
0.149
0.149
0.149
0.149
0.149
0.149
0.149
0.149
0.15
0.15
0.15
0.15
0.15
0.15
0.15
0.15
0.15
0.15
0.15
0.15
0.15
0.15
0.15
0.151
0.151
0.151
0.151
0.151
0.151
0.151
0.151
0.151
0.151
0.151
0.151
0.151
0.152
0.152
0.152
0.152
0.152
0.152
0.152
0.152
0.152
0.152
0.153
0.153
0.153
0.153
0.153
0.153
0.153
0.153
0.153
0.153
0.153
0.154
0.154
0.154
0.154
0.154
0.154
0.154
0.154
0.154
0.154
0.154
0.154
0.154
0.154
0.155
0.155
0.155
0.155
0.155
0.155
0.155
0.155
0.155
0.155
0.155
0.155
0.156
0.156
0.156
0.156
0.156
0.156
0.156
0.156
0.156
0.157
0.157
0.157
0.157
0.157
0.157
0.157
0.158
0.158
0.158
0.158
0.158
0.158
0.158
0.158
0.158
0.158
0.158
0.158
0.158
0.158
0.159
0.159
0.159
0.159
0.159
0.159
0.159
0.16
0.16
0.16
0.16
0.16
0.16
0.16
0.161
0.161
0.161
0.161
0.161
0.161
0.162
0.162
0.162
0.162
0.162
0.162
0.162
0.162
0.163
0.163
0.163
0.163
0.163
0.163
0.163
0.163
0.163
0.163
0.163
0.163
0.163
0.164
0.164
0.164
0.164
0.164
0.164
0.164
0.164
0.164
0.164
0.164
0.165
0.165
0.165
0.165
0.165
0.165
0.165
0.165
0.165
0.165
0.166
0.166
0.166
0.166
0.166
0.167
0.167
0.167
0.167
0.167
0.167
0.168
0.168
0.168
0.168
0.168
0.168
0.168
0.168
0.168
0.168
0.168
0.168
0.168
0.169
0.169
0.169
0.169
0.169
0.169
0.169
0.17
0.17
0.17
0.17
0.17
0.17
0.171
0.171
0.171
0.171
0.171
0.172
0.172
0.172
0.172
0.172
0.172
0.172
0.172
0.172
0.172
0.173
0.173
0.174
0.174
0.174
0.174
0.174
0.174
0.174
0.174
0.174
0.175
0.175
0.175
0.175
0.175
0.175
0.176
0.176
0.176
0.176
0.177
0.177
0.177
0.177
0.177
0.177
0.178
0.178
0.178
0.178
0.178
0.178
0.178
0.178
0.179
0.179
0.179
0.179
0.179
0.18
0.18
0.181
0.181
0.181
0.182
0.182
0.182
0.182
0.183
0.183
0.183
0.184
0.184
0.184
0.184
0.184
0.184
0.185
0.185
0.185
0.185
0.185
0.186
0.186
0.186
0.186
0.186
0.187
0.188
0.188
0.188
0.188
0.189
0.189
0.19
0.19
0.19
0.19
0.19
0.19
0.19
0.191
0.191
0.191
0.191
0.192
0.192
0.192
0.192
0.193
0.193
0.194
0.194
0.194
0.194
0.194
0.194
0.195
0.195
0.195
0.195
0.195
0.195
0.195
0.196
0.196
0.196
0.197
0.197
0.197
0.198
0.198
0.198
0.198
0.199
0.199
0.2
0.2
0.201
0.202
0.202
0.202
0.202
0.203
0.203
0.204
0.204
0.205
0.206
0.207
0.207
0.207
0.207
0.208
0.208
0.208
0.208
0.208
0.209
0.209
0.209
0.209
0.21
0.21
0.211
0.211
0.211
0.211
0.211
0.211
0.211
0.211
0.212
0.212
0.212
0.213
0.214
0.214
0.215
0.215
0.215
0.215
0.216
0.217
0.217
0.217
0.217
0.217
0.217
0.217
0.218
0.218
0.218
0.218
0.218
0.219
0.219
0.219
0.219
0.219
0.22
0.22
0.22
0.22
0.22
0.222
0.222
0.223
0.223
0.223
0.223
0.224
0.224
0.224
0.226
0.226
0.226
0.226
0.227
0.227
0.228
0.228
0.229
0.23
0.231
0.231
0.231
0.232
0.232
0.232
0.232
0.233
0.234
0.234
0.234
0.235
0.235
0.236
0.236
0.236
0.237
0.238
0.239
0.24
0.24
0.24
0.241
0.242
0.243
0.243
0.243
0.243
0.244
0.245
0.246
0.248
0.248
0.25
0.25
0.251
0.252
0.254
0.254
0.256
0.256
0.258
0.258
0.258
0.259
0.26
0.26
0.26
0.263
0.263
0.263
0.263
0.264
0.266
0.268
0.269
0.27
0.273
0.273
0.273
0.273
0.274
0.274
0.275
0.276
0.277
0.277
0.277
0.278
0.278
0.28
0.28
0.282
0.282
0.282
0.286
0.287
0.288
0.288
0.288
0.288
0.29
0.29
0.29
0.293
0.294
0.294
0.295
0.297
0.3
0.303
0.303
0.307
0.308
0.311
0.312
0.312
0.315
0.316
0.316
0.319
0.32
0.321
0.322
0.323
0.325
0.328
0.328
0.33
0.33
0.331
0.331
0.331
0.337
0.346
0.346
0.346
0.348
0.349
0.352
0.358
0.362
0.362
0.363
0.364
0.364
0.366
0.366
0.366
0.366
0.371
0.371
0.372
0.372
0.373
0.374
0.374
0.381
0.383
0.388
0.397
0.399
0.401
0.403
0.405
0.407
0.41
0.411
0.418
0.421
0.431
0.439
0.456
0.467
0.468
0.469
0.476
0.477
0.504
0.505
0.509
0.51
0.52
0.524
0.527
0.543
0.55
0.583
0.657
0.664
0.689
0.722
0.728
0.739
0.762
0.779
0.873
