0.122
0.122
0.122
0.122
0.123
0.123
0.124
0.124
0.124
0.125
0.125
0.125
0.126
0.126
0.126
0.126
0.127
0.127
0.128
0.128
0.128
0.128
0.128
0.128
0.128
0.129
0.129
0.129
0.129
0.129
0.129
0.129
0.129
0.129
0.129
0.129
0.129
0.129
0.13
0.13
0.13
0.13
0.13
0.13
0.13
0.13
0.13
0.13
0.13
0.131
0.131
0.131
0.131
0.131
0.131
0.131
0.131
0.131
0.131
0.131
0.131
0.131
0.131
0.131
0.131
0.131
0.132
0.132
0.132
0.132
0.132
0.132
0.132
0.132
0.132
0.132
0.132
0.132
0.132
0.132
0.132
0.133
0.133
0.133
0.133
0.133
0.133
0.133
0.133
0.133
0.133
0.133
0.133
0.133
0.133
0.133
0.133
0.133
0.133
0.133
0.133
0.134
0.134
0.134
0.134
0.134
0.134
0.134
0.134
0.134
0.134
0.134
0.134
0.134
0.134
0.134
0.134
0.134
0.134
0.134
0.134
0.135
0.135
0.135
0.135
0.135
0.135
0.135
0.135
0.135
0.135
0.135
0.135
0.135
0.135
0.135
0.135
0.135
0.135
0.135
0.136
0.136
0.136
0.136
0.136
0.136
0.136
0.136
0.136
0.136
0.136
0.136
0.136
0.136
0.136
0.136
0.136
0.136
0.137
0.137
0.137
0.137
0.137
0.137
0.137
0.137
0.137
0.137
0.137
0.137
0.137
0.137
0.137
0.137
0.137
0.137
0.137
0.138
0.138
0.138
0.138
0.138
0.138
0.138
0.138
0.138
0.138
0.138
0.138
0.138
0.138
0.138
0.138
0.138
0.138
0.138
0.138
0.138
0.138
0.138
0.139
0.139
0.139
0.139
0.139
0.139
0.139
0.139
0.139
0.139
0.139
0.139
0.139
0.139
0.139
0.139
0.139
0.139
0.139
0.139
0.139
0.139
0.139
0.139
0.139
0.14
0.14
0.14
0.14
0.14
0.14
0.14
0.14
0.14
0.14
0.14
0.14
0.14
0.14
0.14
0.14
0.14
0.14
0.14
0.14
0.14
0.14
0.14
0.14
0.14
0.14
0.14
0.141
0.141
0.141
0.141
0.141
0.141
0.141
0.141
0.141
0.141
0.141
0.141
0.141
0.141
0.141
0.141
0.141
0.141
0.141
0.141
0.141
0.141
0.141
0.141
0.142
0.142
0.142
0.142
0.142
0.142
0.142
0.142
0.142
0.142
0.142
0.142
0.142
0.142
0.142
0.142
0.142
0.142
0.143
0.143
0.143
0.143
0.143
0.143
0.143
0.143
0.143
0.143
0.143
0.143
0.143
0.144
0.144
0.144
0.144
0.144
0.144
0.144
0.144
0.144
0.144
0.144
0.144
0.144
0.144
0.144
0.144
0.144
0.144
0.144
0.145
0.145
0.145
0.145
0.145
0.145
0.145
0.145
0.145
0.145
0.145
0.145
0.145
0.145
0.145
0.145
0.146
0.146
0.146
0.146
0.146
0.146
0.146
0.146
0.146
0.146
0.146
0.147
0.147
0.147
0.147
0.147
0.147
0.147
0.147
0.147
0.147
0.147
0.148
0.148
0.148
0.148
0.148
0.148
0.148
0.148
0.148
0.148
0.148
0.148
0.148
0.148
0.148
0.148
0.148
0.148
0.148
0.148
0.149
0.149
0.149
0.149
0.149
0.149
0.149
0.149
0.149
0.149
0.149
0.149
0.15
0.15
0.15
0.15
0.15
0.15
0.15
0.15
0.15
0.15
0.15
0.15
0.15
0.15
0.15
0.15
0.15
0.15
0.15
0.151
0.151
0.151
0.151
0.151
0.151
0.151
0.151
0.151
0.151
0.151
0.151
0.151
0.151
0.151
0.152
0.152
0.152
0.152
0.152
0.152
0.152
0.152
0.152
0.152
0.152
0.152
0.152
0.152
0.152
0.152
0.152
0.153
0.153
0.153
0.153
0.153
0.153
0.153
0.154
0.154
0.154
0.154
0.154
0.154
0.154
0.154
0.154
0.154
0.154
0.154
0.154
0.154
0.154
0.154
0.154
0.155
0.155
0.155
0.155
0.155
0.155
0.155
0.155
0.155
0.156
0.156
0.156
0.156
0.156
0.156
0.156
0.156
0.156
0.156
0.156
0.157
0.157
0.157
0.157
0.157
0.157
0.157
0.157
0.157
0.157
0.157
0.158
0.158
0.158
0.158
0.158
0.158
0.158
0.158
0.158
0.159
0.159
0.159
0.159
0.159
0.159
0.159
0.159
0.159
0.159
0.159
0.159
0.16
0.16
0.16
0.16
0.16
0.16
0.16
0.16
0.16
0.16
0.16
0.16
0.161
0.161
0.161
0.161
0.161
0.161
0.161
0.161
0.161
0.162
0.162
0.162
0.162
0.162
0.162
0.162
0.162
0.163
0.163
0.163
0.163
0.164
0.164
0.164
0.164
0.164
0.164
0.164
0.164
0.165
0.165
0.165
0.165
0.165
0.165
0.165
0.165
0.165
0.165
0.165
0.165
0.165
0.165
0.165
0.166
0.166
0.166
0.167
0.167
0.167
0.167
0.167
0.167
0.168
0.168
0.168
0.168
0.168
0.168
0.168
0.168
0.169
0.169
0.169
0.169
0.169
0.169
0.169
0.169
0.169
0.169
0.169
0.17
0.17
0.17
0.171
0.171
0.171
0.171
0.171
0.171
0.171
0.171
0.171
0.172
0.172
0.172
0.172
0.172
0.172
0.172
0.172
0.172
0.172
0.172
0.173
0.173
0.173
0.173
0.173
0.174
0.175
0.175
0.175
0.175
0.175
0.175
0.175
0.175
0.175
0.175
0.176
0.176
0.176
0.176
0.176
0.176
0.176
0.176
0.176
0.176
0.177
0.177
0.177
0.177
0.178
0.179
0.179
0.179
0.179
0.179
0.179
0.18
0.18
0.18
0.18
0.18
0.18
0.181
0.181
0.181
0.181
0.181
0.181
0.181
0.181
0.181
0.181
0.181
0.182
0.182
0.182
0.182
0.182
0.182
0.183
0.183
0.184
0.184
0.184
0.184
0.184
0.184
0.184
0.184
0.184
0.185
0.185
0.185
0.186
0.186
0.186
0.187
0.187
0.188
0.189
0.189
0.189
0.189
0.189
0.189
0.19
0.191
0.192
0.192
0.193
0.193
0.193
0.194
0.194
0.194
0.194
0.194
0.195
0.195
0.196
0.197
0.197
0.198
0.198
0.199
0.199
0.199
0.2
0.2
0.201
0.201
0.201
0.201
0.202
0.203
0.204
0.204
0.204
0.205
0.205
0.206
0.206
0.207
0.207
0.207
0.208
0.209
0.209
0.209
0.21
0.21
0.21
0.21
0.21
0.211
0.211
0.211
0.211
0.212
0.212
0.213
0.213
0.214
0.214
0.214
0.215
0.215
0.215
0.215
0.216
0.216
0.217
0.217
0.217
0.217
0.217
0.218
0.219
0.219
0.219
0.22
0.221
0.221
0.221
0.221
0.222
0.222
0.223
0.223
0.224
0.224
0.224
0.225
0.225
0.225
0.226
0.226
0.226
0.227
0.227
0.227
0.227
0.228
0.228
0.228
0.229
0.231
0.231
0.231
0.231
0.232
0.232
0.232
0.233
0.233
0.234
0.235
0.236
0.236
0.236
0.236
0.236
0.237
0.238
0.24
0.24
0.243
0.244
0.244
0.245
0.245
0.246
0.247
0.247
0.247
0.248
0.249
0.25
0.25
0.25
0.251
0.252
0.253
0.254
0.255
0.255
0.256
0.256
0.258
0.258
0.259
0.26
0.26
0.263
0.263
0.263
0.263
0.264
0.268
0.27
0.27
0.271
0.272
0.276
0.277
0.278
0.278
0.28
0.28
0.281
0.281
0.281
0.282
0.282
0.283
0.285
0.285
0.286
0.286
0.288
0.288
0.292
0.292
0.293
0.294
0.294
0.295
0.296
0.299
0.3
0.3
0.302
0.302
0.303
0.304
0.304
0.305
0.306
0.306
0.308
0.308
0.309
0.31
0.31
0.311
0.311
0.316
0.317
0.323
0.325
0.326
0.326
0.327
0.327
0.328
0.333
0.334
0.334
0.336
0.339
0.339
0.341
0.342
0.346
0.348
0.352
0.363
0.365
0.365
0.367
0.372
0.372
0.373
0.375
0.378
0.378
0.38
0.381
0.384
0.385
0.388
0.394
0.396
0.397
0.398
0.399
0.399
0.403
0.405
0.407
0.407
0.408
0.41
0.411
0.414
0.415
0.417
0.421
0.457
0.461
0.467
0.468
0.474
0.475
0.479
0.48
0.486
0.492
0.493
0.497
0.504
0.505
0.505
0.516
0.527
0.539
0.54
0.541
0.542
0.549
0.551
0.602
0.609
0.618
0.629
0.646
0.73
0.755
0.829
