0.616
0.617
0.618
0.619
0.62
0.62
0.62
0.621
0.621
0.621
0.622
0.622
0.622
0.622
0.622
0.623
0.623
0.623
0.623
0.624
0.624
0.624
0.624
0.624
0.624
0.624
0.625
0.625
0.625
0.626
0.626
0.626
0.626
0.626
0.626
0.626
0.626
0.627
0.627
0.627
0.627
0.628
0.629
0.629
0.629
0.629
0.63
0.63
0.631
0.631
0.631
0.631
0.632
0.632
0.632
0.632
0.633
0.633
0.633
0.634
0.635
0.635
0.635
0.635
0.635
0.635
0.635
0.636
0.636
0.636
0.636
0.636
0.637
0.637
0.637
0.637
0.637
0.637
0.637
0.638
0.638
0.638
0.639
0.639
0.639
0.639
0.639
0.64
0.64
0.64
0.64
0.641
0.641
0.641
0.642
0.642
0.642
0.643
0.643
0.643
0.643
0.644
0.644
0.644
0.644
0.644
0.644
0.645
0.645
0.645
0.645
0.646
0.646
0.646
0.647
0.647
0.647
0.647
0.647
0.647
0.647
0.647
0.648
0.648
0.648
0.648
0.649
0.649
0.649
0.65
0.65
0.65
0.65
0.652
0.652
0.652
0.652
0.653
0.653
0.653
0.653
0.653
0.654
0.654
0.654
0.654
0.654
0.654
0.655
0.655
0.656
0.656
0.656
0.656
0.656
0.656
0.657
0.657
0.657
0.657
0.657
0.657
0.657
0.658
0.658
0.658
0.659
0.659
0.659
0.659
0.659
0.659
0.659
0.66
0.66
0.66
0.661
0.661
0.661
0.662
0.662
0.662
0.662
0.662
0.663
0.663
0.663
0.664
0.664
0.664
0.665
0.665
0.665
0.665
0.665
0.665
0.666
0.666
0.666
0.666
0.667
0.667
0.667
0.667
0.668
0.669
0.669
0.669
0.669
0.67
0.67
0.67
0.671
0.671
0.672
0.672
0.672
0.673
0.673
0.673
0.673
0.673
0.673
0.675
0.675
0.677
0.677
0.677
0.678
0.678
0.678
0.678
0.679
0.679
0.679
0.68
0.68
0.68
0.681
0.681
0.682
0.683
0.683
0.683
0.684
0.684
0.684
0.684
0.685
0.685
0.685
0.685
0.686
0.686
0.686
0.686
0.688
0.688
0.688
0.688
0.688
0.689
0.689
0.689
0.689
0.689
0.689
0.69
0.691
0.692
0.692
0.692
0.693
0.693
0.693
0.694
0.694
0.694
0.694
0.695
0.695
0.695
0.695
0.696
0.697
0.697
0.697
0.698
0.698
0.698
0.699
0.7
0.7
0.701
0.702
0.702
0.703
0.704
0.704
0.704
0.704
0.705
0.705
0.705
0.705
0.706
0.706
0.706
0.707
0.708
0.708
0.708
0.709
0.71
0.71
0.711
0.712
0.713
0.714
0.716
0.716
0.716
0.717
0.717
0.718
0.718
0.719
0.719
0.719
0.719
0.72
0.72
0.72
0.721
0.721
0.721
0.721
0.722
0.723
0.723
0.723
0.724
0.724
0.724
0.724
0.724
0.724
0.726
0.726
0.726
0.727
0.727
0.727
0.727
0.728
0.728
0.73
0.731
0.731
0.731
0.732
0.732
0.732
0.733
0.734
0.734
0.735
0.735
0.735
0.735
0.735
0.736
0.736
0.738
0.738
0.738
0.738
0.738
0.738
0.739
0.739
0.74
0.74
0.74
0.744
0.745
0.745
0.746
0.747
0.747
0.748
0.748
0.749
0.749
0.75
0.751
0.751
0.751
0.753
0.753
0.753
0.754
0.754
0.755
0.755
0.755
0.755
0.757
0.76
0.761
0.761
0.761
0.761
0.762
0.762
0.763
0.765
0.765
0.765
0.766
0.766
0.767
0.768
0.768
0.768
0.768
0.769
0.769
0.77
0.77
0.77
0.77
0.77
0.771
0.772
0.772
0.773
0.773
0.773
0.774
0.774
0.774
0.776
0.776
0.778
0.778
0.778
0.778
0.779
0.78
0.782
0.782
0.783
0.783
0.783
0.785
0.786
0.786
0.787
0.787
0.787
0.788
0.788
0.789
0.79
0.79
0.791
0.792
0.794
0.794
0.794
0.795
0.795
0.795
0.796
0.796
0.796
0.797
0.797
0.798
0.798
0.799
0.8
0.801
0.802
0.802
0.802
0.802
0.804
0.805
0.808
0.809
0.811
0.814
0.814
0.815
0.816
0.816
0.816
0.819
0.819
0.819
0.82
0.821
0.821
0.822
0.822
0.823
0.824
0.825
0.825
0.826
0.826
0.827
0.829
0.83
0.83
0.832
0.832
0.832
0.833
0.836
0.839
0.839
0.84
0.84
0.841
0.842
0.843
0.843
0.844
0.844
0.844
0.844
0.845
0.845
0.845
0.846
0.846
0.846
0.846
0.847
0.848
0.848
0.849
0.85
0.851
0.852
0.853
0.853
0.853
0.853
0.857
0.857
0.857
0.859
0.86
0.861
0.862
0.862
0.863
0.863
0.863
0.864
0.864
0.865
0.865
0.865
0.865
0.865
0.866
0.866
0.866
0.866
0.867
0.867
0.868
0.869
0.869
0.87
0.87
0.87
0.87
0.87
0.87
0.873
0.875
0.877
0.877
0.878
0.878
0.88
0.88
0.881
0.883
0.883
0.884
0.884
0.884
0.887
0.889
0.891
0.891
0.891
0.893
0.894
0.895
0.895
0.896
0.897
0.898
0.899
0.901
0.902
0.902
0.902
0.903
0.904
0.904
0.904
0.905
0.907
0.908
0.911
0.912
0.915
0.916
0.916
0.917
0.919
0.921
0.922
0.923
0.923
0.924
0.925
0.925
0.925
0.927
0.928
0.929
0.93
0.931
0.931
0.931
0.935
0.936
0.937
0.939
0.939
0.939
0.94
0.942
0.942
0.943
0.943
0.944
0.945
0.946
0.95
0.953
0.954
0.956
0.956
0.956
0.956
0.957
0.96
0.96
0.96
0.961
0.963
0.963
0.964
0.964
0.964
0.965
0.965
0.965
0.965
0.967
0.97
0.97
0.972
0.974
0.978
0.978
0.98
0.984
0.986
0.988
0.99
0.991
0.991
0.991
0.993
0.995
0.995
0.996
0.998
0.998
0.999
1
1
1
1
1
1
1
1
1
1
1
1
1
1
1
1
1
1
1
1
1
1
1
1
1
1
1
1
1
1
1
1
1
1
1
1
1
1
1
1
1
1
1
1
1
1
1
1
1
1
1
1
1
1
1
1
1
1
1
1
1
1
1
1
1
1
1
1
1
1
1
1
1
1
1
1
1
1
1
1
1
1
1
1
1
1
1
1
1
1
1
1
1
1
1
1
1
1
1
1
1
1
1
1
1
1
1
1
1
1
1
1
1
1
1
1
1
1
1
1
1
1
1
1
1
1
1
1
1
1
1
1
1
1
1
1
1
1
1
1
1
1
1
1
1
1
1
1
1
1
1
1
1
1
1
1
1
1
1
1
1
1
1
1
1
1
1
1
1
1
1
1
1
1
1
1
1
1
1
1
1
1
1
1
1
1
1
1
1
1
1
1
1
1
1
1
1
1
1
1
1
1
1
1
1
1
1
1
1
1
1
1
1
1
1
1
1
1
1
1
1
1
1
1
1
1
1
1
1
1
1
1
1
1
1
1
1
1
1
1
1
1
1
1
1
1
1
1
1
1
1
1
1
1
1
1
1
1
1
1
1
1
1
1
1
1
1
1
1
1
1
1
1
1
1
1
1
1
1
1
1
1
1
1
1
1
1
1
1
1
1
1
1
1
1
1
1
1
