0.206
0.207
0.207
0.208
0.208
0.208
0.208
0.208
0.209
0.209
0.209
0.209
0.209
0.21
0.21
0.21
0.21
0.21
0.21
0.21
0.21
0.21
0.21
0.21
0.21
0.21
0.211
0.211
0.211
0.211
0.211
0.211
0.211
0.211
0.211
0.211
0.211
0.211
0.212
0.212
0.212
0.212
0.212
0.212
0.212
0.212
0.212
0.212
0.212
0.213
0.213
0.213
0.213
0.213
0.213
0.213
0.213
0.213
0.213
0.213
0.213
0.213
0.214
0.214
0.214
0.214
0.214
0.214
0.214
0.214
0.214
0.214
0.214
0.214
0.214
0.215
0.215
0.215
0.215
0.215
0.215
0.215
0.215
0.215
0.216
0.216
0.216
0.216
0.216
0.216
0.216
0.216
0.216
0.216
0.216
0.216
0.217
0.217
0.217
0.217
0.217
0.217
0.217
0.217
0.217
0.217
0.217
0.217
0.217
0.218
0.218
0.218
0.218
0.218
0.218
0.218
0.218
0.218
0.218
0.218
0.218
0.218
0.218
0.218
0.218
0.219
0.219
0.219
0.219
0.219
0.219
0.219
0.219
0.22
0.22
0.22
0.22
0.22
0.22
0.22
0.22
0.22
0.22
0.22
0.22
0.22
0.22
0.22
0.22
0.22
0.221
0.221
0.221
0.221
0.221
0.221
0.221
0.221
0.221
0.221
0.221
0.221
0.221
0.221
0.221
0.222
0.222
0.222
0.222
0.222
0.222
0.222
0.222
0.222
0.222
0.222
0.222
0.223
0.223
0.223
0.223
0.223
0.223
0.223
0.223
0.223
0.223
0.223
0.223
0.224
0.224
0.224
0.224
0.224
0.224
0.224
0.225
0.225
0.225
0.225
0.225
0.225
0.225
0.225
0.225
0.225
0.226
0.226
0.226
0.226
0.226
0.226
0.226
0.226
0.226
0.226
0.226
0.227
0.227
0.227
0.227
0.227
0.227
0.227
0.227
0.227
0.227
0.227
0.227
0.227
0.227
0.227
0.228
0.228
0.228
0.228
0.228
0.228
0.228
0.228
0.228
0.228
0.228
0.229
0.229
0.229
0.229
0.229
0.229
0.229
0.229
0.229
0.229
0.229
0.229
0.229
0.229
0.23
0.23
0.23
0.23
0.23
0.23
0.23
0.23
0.23
0.23
0.23
0.23
0.231
0.231
0.231
0.231
0.231
0.231
0.231
0.231
0.231
0.231
0.232
0.232
0.232
0.232
0.232
0.232
0.232
0.232
0.232
0.232
0.232
0.233
0.233
0.233
0.233
0.233
0.233
0.233
0.233
0.233
0.233
0.234
0.234
0.234
0.234
0.234
0.234
0.234
0.234
0.235
0.235
0.235
0.235
0.235
0.235
0.235
0.235
0.235
0.236
0.236
0.236
0.236
0.236
0.236
0.236
0.236
0.236
0.236
0.236
0.236
0.237
0.237
0.237
0.237
0.237
0.237
0.237
0.237
0.237
0.238
0.238
0.238
0.238
0.238
0.238
0.238
0.238
0.238
0.238
0.238
0.238
0.239
0.239
0.239
0.239
0.239
0.239
0.239
0.239
0.239
0.239
0.239
0.239
0.24
0.24
0.24
0.24
0.241
0.242
0.242
0.242
0.242
0.242
0.242
0.242
0.243
0.243
0.243
0.243
0.243
0.243
0.243
0.243
0.243
0.244
0.244
0.244
0.245
0.245
0.245
0.245
0.245
0.245
0.245
0.246
0.246
0.246
0.246
0.246
0.246
0.246
0.247
0.247
0.247
0.247
0.247
0.247
0.247
0.247
0.248
0.248
0.248
0.248
0.248
0.248
0.249
0.249
0.249
0.249
0.249
0.249
0.249
0.25
0.25
0.25
0.251
0.251
0.251
0.251
0.251
0.251
0.251
0.251
0.251
0.251
0.252
0.252
0.252
0.252
0.252
0.252
0.253
0.253
0.253
0.253
0.254
0.254
0.254
0.254
0.254
0.254
0.254
0.254
0.255
0.255
0.255
0.255
0.255
0.255
0.255
0.256
0.256
0.256
0.256
0.256
0.256
0.257
0.258
0.258
0.258
0.258
0.258
0.258
0.258
0.258
0.258
0.258
0.259
0.259
0.259
0.259
0.259
0.259
0.26
0.26
0.26
0.26
0.26
0.261
0.261
0.261
0.261
0.262
0.262
0.262
0.262
0.263
0.263
0.263
0.263
0.263
0.263
0.263
0.263
0.263
0.263
0.264
0.264
0.264
0.264
0.265
0.265
0.265
0.266
0.266
0.266
0.266
0.266
0.267
0.267
0.267
0.267
0.268
0.268
0.268
0.268
0.268
0.268
0.269
0.269
0.269
0.269
0.269
0.269
0.27
0.27
0.27
0.27
0.27
0.271
0.271
0.271
0.271
0.271
0.271
0.271
0.271
0.271
0.271
0.271
0.272
0.272
0.273
0.273
0.273
0.273
0.273
0.274
0.274
0.274
0.274
0.275
0.275
0.275
0.276
0.276
0.276
0.276
0.276
0.276
0.277
0.277
0.277
0.277
0.277
0.278
0.278
0.278
0.279
0.279
0.279
0.279
0.279
0.279
0.28
0.28
0.28
0.281
0.281
0.282
0.282
0.282
0.282
0.283
0.283
0.283
0.283
0.283
0.284
0.284
0.284
0.284
0.285
0.285
0.285
0.286
0.286
0.286
0.286
0.287
0.287
0.287
0.287
0.288
0.288
0.288
0.288
0.289
0.289
0.289
0.289
0.289
0.289
0.289
0.29
0.29
0.291
0.291
0.292
0.292
0.292
0.293
0.293
0.293
0.294
0.294
0.294
0.294
0.294
0.295
0.295
0.295
0.295
0.296
0.296
0.296
0.296
0.297
0.297
0.297
0.297
0.297
0.297
0.298
0.298
0.298
0.298
0.299
0.3
0.3
0.3
0.3
0.3
0.3
0.3
0.301
0.301
0.302
0.302
0.302
0.302
0.302
0.302
0.302
0.303
0.304
0.304
0.304
0.304
0.305
0.305
0.305
0.305
0.306
0.306
0.307
0.307
0.307
0.308
0.308
0.308
0.308
0.309
0.309
0.309
0.31
0.31
0.31
0.311
0.311
0.311
0.314
0.314
0.315
0.316
0.316
0.316
0.317
0.317
0.317
0.318
0.318
0.318
0.318
0.319
0.319
0.321
0.321
0.321
0.322
0.322
0.322
0.323
0.323
0.323
0.323
0.323
0.324
0.324
0.324
0.324
0.324
0.324
0.325
0.325
0.326
0.326
0.327
0.327
0.328
0.328
0.328
0.328
0.329
0.329
0.329
0.33
0.33
0.331
0.332
0.332
0.333
0.334
0.334
0.334
0.335
0.335
0.335
0.336
0.336
0.336
0.337
0.337
0.338
0.338
0.338
0.338
0.34
0.34
0.34
0.34
0.341
0.341
0.341
0.342
0.344
0.344
0.345
0.345
0.345
0.347
0.347
0.348
0.348
0.351
0.351
0.353
0.354
0.354
0.354
0.354
0.356
0.357
0.357
0.357
0.357
0.358
0.359
0.36
0.36
0.361
0.361
0.363
0.364
0.366
0.366
0.367
0.368
0.369
0.37
0.37
0.37
0.371
0.371
0.372
0.374
0.375
0.376
0.377
0.378
0.378
0.378
0.378
0.379
0.383
0.383
0.383
0.383
0.383
0.384
0.386
0.386
0.387
0.387
0.389
0.389
0.39
0.39
0.39
0.391
0.393
0.395
0.395
0.397
0.397
0.397
0.397
0.398
0.399
0.4
0.401
0.404
0.407
0.408
0.408
0.409
0.409
0.41
0.41
0.41
0.413
0.414
0.414
0.415
0.415
0.415
0.416
0.416
0.416
0.419
0.419
0.42
0.421
0.422
0.423
0.423
0.424
0.424
0.425
0.425
0.425
0.426
0.427
0.427
0.427
0.428
0.429
0.429
0.429
0.432
0.435
0.436
0.438
0.439
0.439
0.44
0.441
0.441
0.445
0.446
0.446
0.448
0.448
0.449
0.458
0.459
0.461
0.461
0.463
0.465
0.467
0.467
0.468
0.469
0.471
0.475
0.475
0.478
0.478
0.481
0.484
0.489
0.49
0.492
0.493
0.493
0.494
0.504
0.507
0.51
0.511
0.511
0.514
0.514
0.516
0.518
0.525
0.529
0.533
0.535
0.537
0.539
0.544
0.546
0.547
0.548
0.549
0.549
0.552
0.554
0.556
0.567
0.568
0.57
0.571
0.571
0.583
0.588
0.59
0.593
0.594
0.595
0.595
0.602
0.606
0.608
0.613
0.613
0.617
0.618
0.62
0.623
0.627
0.629
0.63
0.63
0.631
0.633
0.639
0.652
0.658
0.66
0.667
0.67
0.673
0.675
0.683
0.688
0.688
0.692
0.698
0.704
0.717
0.718
0.743
0.747
0.771
0.801
0.838
0.841
0.844
