0.607
0.609
0.614
0.615
0.615
0.616
0.617
0.618
0.619
0.62
0.62
0.62
0.621
0.621
0.622
0.622
0.623
0.623
0.623
0.623
0.623
0.624
0.624
0.624
0.625
0.625
0.625
0.625
0.625
0.626
0.627
0.627
0.627
0.627
0.627
0.628
0.628
0.628
0.628
0.628
0.628
0.629
0.63
0.63
0.63
0.632
0.632
0.632
0.633
0.633
0.633
0.633
0.633
0.633
0.635
0.635
0.635
0.636
0.636
0.636
0.636
0.637
0.637
0.637
0.637
0.637
0.637
0.638
0.638
0.639
0.639
0.639
0.639
0.639
0.639
0.64
0.641
0.642
0.642
0.642
0.643
0.643
0.643
0.643
0.643
0.643
0.643
0.643
0.644
0.645
0.645
0.645
0.646
0.646
0.646
0.646
0.647
0.647
0.647
0.647
0.647
0.647
0.647
0.647
0.647
0.647
0.647
0.648
0.648
0.648
0.648
0.648
0.649
0.649
0.649
0.649
0.65
0.65
0.65
0.65
0.65
0.65
0.651
0.652
0.652
0.652
0.652
0.652
0.653
0.653
0.653
0.653
0.653
0.653
0.654
0.654
0.655
0.655
0.655
0.655
0.656
0.656
0.656
0.656
0.657
0.657
0.657
0.658
0.658
0.659
0.659
0.659
0.659
0.66
0.66
0.66
0.66
0.66
0.661
0.661
0.661
0.661
0.661
0.662
0.662
0.663
0.663
0.663
0.663
0.664
0.664
0.664
0.664
0.664
0.665
0.666
0.666
0.666
0.666
0.666
0.667
0.668
0.668
0.668
0.668
0.668
0.669
0.669
0.67
0.671
0.671
0.671
0.671
0.672
0.672
0.672
0.673
0.673
0.673
0.673
0.674
0.674
0.675
0.675
0.675
0.675
0.676
0.677
0.677
0.677
0.677
0.677
0.677
0.678
0.678
0.678
0.678
0.678
0.678
0.678
0.679
0.68
0.681
0.682
0.682
0.682
0.683
0.683
0.683
0.683
0.683
0.683
0.684
0.685
0.686
0.687
0.689
0.69
0.69
0.691
0.691
0.692
0.693
0.693
0.694
0.694
0.695
0.695
0.695
0.695
0.695
0.696
0.696
0.697
0.697
0.697
0.698
0.699
0.7
0.7
0.7
0.701
0.701
0.701
0.701
0.702
0.702
0.702
0.702
0.702
0.703
0.703
0.704
0.704
0.705
0.706
0.707
0.707
0.707
0.708
0.708
0.708
0.709
0.709
0.709
0.709
0.71
0.71
0.71
0.711
0.711
0.712
0.712
0.712
0.713
0.713
0.714
0.714
0.714
0.715
0.715
0.716
0.716
0.716
0.716
0.717
0.717
0.719
0.719
0.72
0.72
0.723
0.723
0.723
0.724
0.725
0.725
0.725
0.725
0.725
0.726
0.726
0.726
0.726
0.728
0.729
0.731
0.732
0.732
0.733
0.734
0.734
0.734
0.735
0.735
0.735
0.735
0.736
0.737
0.739
0.739
0.739
0.739
0.739
0.74
0.74
0.74
0.74
0.742
0.742
0.742
0.743
0.743
0.744
0.744
0.744
0.744
0.744
0.745
0.745
0.745
0.746
0.746
0.747
0.747
0.748
0.748
0.749
0.749
0.75
0.75
0.752
0.752
0.752
0.753
0.753
0.754
0.755
0.755
0.756
0.756
0.757
0.757
0.758
0.759
0.759
0.761
0.761
0.761
0.761
0.761
0.761
0.762
0.762
0.762
0.762
0.762
0.763
0.763
0.764
0.765
0.765
0.765
0.765
0.766
0.766
0.766
0.767
0.767
0.767
0.767
0.767
0.767
0.768
0.768
0.769
0.769
0.771
0.771
0.771
0.771
0.771
0.771
0.772
0.774
0.775
0.775
0.776
0.776
0.776
0.776
0.778
0.778
0.778
0.779
0.78
0.78
0.781
0.781
0.781
0.782
0.782
0.783
0.786
0.786
0.786
0.787
0.787
0.787
0.787
0.788
0.789
0.789
0.789
0.79
0.792
0.792
0.792
0.792
0.793
0.795
0.795
0.796
0.796
0.796
0.796
0.798
0.798
0.799
0.799
0.8
0.802
0.803
0.804
0.804
0.804
0.805
0.806
0.806
0.806
0.806
0.806
0.806
0.807
0.807
0.807
0.807
0.808
0.808
0.809
0.809
0.809
0.809
0.811
0.813
0.813
0.813
0.813
0.813
0.814
0.814
0.817
0.818
0.819
0.82
0.82
0.821
0.823
0.824
0.824
0.824
0.826
0.826
0.826
0.827
0.827
0.827
0.828
0.828
0.828
0.828
0.828
0.829
0.829
0.829
0.83
0.83
0.83
0.831
0.831
0.831
0.832
0.832
0.833
0.835
0.836
0.837
0.838
0.838
0.838
0.838
0.839
0.839
0.84
0.84
0.84
0.84
0.842
0.843
0.844
0.845
0.846
0.846
0.846
0.846
0.846
0.847
0.85
0.851
0.852
0.852
0.853
0.854
0.855
0.855
0.856
0.856
0.856
0.857
0.858
0.859
0.861
0.861
0.861
0.864
0.864
0.864
0.865
0.866
0.866
0.867
0.867
0.867
0.867
0.867
0.867
0.868
0.871
0.873
0.873
0.874
0.875
0.875
0.876
0.878
0.878
0.88
0.881
0.881
0.881
0.882
0.882
0.884
0.885
0.887
0.888
0.888
0.888
0.889
0.889
0.889
0.89
0.891
0.891
0.891
0.891
0.892
0.892
0.892
0.892
0.893
0.894
0.896
0.897
0.897
0.898
0.901
0.904
0.904
0.905
0.905
0.905
0.906
0.907
0.907
0.908
0.908
0.91
0.911
0.911
0.912
0.912
0.912
0.912
0.913
0.914
0.914
0.915
0.916
0.916
0.916
0.916
0.917
0.92
0.92
0.921
0.921
0.922
0.923
0.925
0.926
0.927
0.927
0.927
0.927
0.929
0.932
0.932
0.932
0.933
0.936
0.938
0.938
0.944
0.944
0.946
0.947
0.947
0.948
0.948
0.948
0.949
0.95
0.95
0.953
0.956
0.956
0.956
0.957
0.959
0.959
0.961
0.964
0.964
0.967
0.967
0.969
0.97
0.97
0.972
0.976
0.976
0.979
0.979
0.983
0.984
0.985
0.985
0.986
0.987
0.988
0.988
0.988
0.989
0.99
0.993
0.994
0.994
0.996
0.998
1
1
1
1
1
1
1
1
1
1
1
1
1
1
1
1
1
1
1
1
1
1
1
1
1
1
1
1
1
1
1
1
1
1
1
1
1
1
1
1
1
1
1
1
1
1
1
1
1
1
1
1
1
1
1
1
1
1
1
1
1
1
1
1
1
1
1
1
1
1
1
1
1
1
1
1
1
1
1
1
1
1
1
1
1
1
1
1
1
1
1
1
1
1
1
1
1
1
1
1
1
1
1
1
1
1
1
1
1
1
1
1
1
1
1
1
1
1
1
1
1
1
1
1
1
1
1
1
1
1
1
1
1
1
1
1
1
1
1
1
1
1
1
1
1
1
1
1
1
1
1
1
1
1
1
1
1
1
1
1
1
1
1
1
1
1
1
1
1
1
1
1
1
1
1
1
1
1
1
1
1
1
1
1
1
1
1
1
1
1
1
1
1
1
1
1
1
1
1
1
1
1
1
1
1
1
1
1
1
1
1
1
1
1
1
1
1
1
1
1
1
1
1
1
1
1
1
1
1
1
1
1
1
1
1
1
1
1
1
1
1
1
1
1
1
1
1
1
1
1
1
1
1
1
1
1
1
1
1
1
1
1
1
1
1
1
1
1
1
1
1
1
1
1
1
1
1
1
1
1
