0.402
0.403
0.405
0.406
0.406
0.406
0.406
0.407
0.408
0.409
0.409
0.41
0.41
0.41
0.41
0.41
0.41
0.41
0.411
0.411
0.411
0.411
0.412
0.412
0.412
0.412
0.413
0.413
0.414
0.414
0.414
0.414
0.415
0.415
0.415
0.415
0.415
0.415
0.416
0.416
0.416
0.416
0.416
0.416
0.417
0.417
0.417
0.417
0.417
0.417
0.417
0.418
0.418
0.418
0.418
0.418
0.419
0.419
0.419
0.419
0.419
0.419
0.42
0.42
0.42
0.42
0.421
0.421
0.421
0.421
0.421
0.421
0.421
0.421
0.422
0.422
0.422
0.422
0.422
0.422
0.422
0.422
0.422
0.422
0.423
0.423
0.423
0.424
0.424
0.424
0.424
0.424
0.425
0.425
0.425
0.425
0.426
0.426
0.426
0.426
0.426
0.426
0.427
0.427
0.427
0.427
0.427
0.428
0.428
0.428
0.428
0.428
0.429
0.429
0.429
0.429
0.429
0.43
0.43
0.43
0.43
0.43
0.431
0.431
0.431
0.431
0.431
0.432
0.433
0.433
0.434
0.434
0.434
0.434
0.435
0.435
0.435
0.435
0.436
0.436
0.436
0.436
0.437
0.437
0.437
0.437
0.437
0.437
0.438
0.438
0.438
0.438
0.438
0.438
0.439
0.439
0.44
0.44
0.44
0.44
0.442
0.442
0.442
0.442
0.442
0.442
0.443
0.443
0.443
0.444
0.444
0.444
0.445
0.445
0.446
0.446
0.446
0.446
0.446
0.446
0.446
0.447
0.447
0.447
0.448
0.448
0.448
0.448
0.449
0.449
0.449
0.451
0.451
0.451
0.452
0.452
0.452
0.452
0.453
0.453
0.453
0.453
0.453
0.454
0.454
0.454
0.456
0.456
0.458
0.458
0.458
0.459
0.46
0.46
0.46
0.46
0.46
0.461
0.461
0.461
0.461
0.461
0.462
0.462
0.462
0.463
0.463
0.463
0.463
0.463
0.463
0.464
0.465
0.465
0.466
0.466
0.466
0.467
0.468
0.468
0.468
0.468
0.468
0.468
0.468
0.469
0.47
0.47
0.47
0.47
0.47
0.471
0.471
0.471
0.473
0.473
0.474
0.474
0.475
0.475
0.475
0.475
0.476
0.476
0.477
0.477
0.477
0.477
0.478
0.478
0.479
0.479
0.479
0.479
0.48
0.48
0.48
0.481
0.481
0.481
0.482
0.482
0.483
0.485
0.485
0.485
0.485
0.486
0.487
0.487
0.487
0.487
0.487
0.488
0.488
0.488
0.488
0.49
0.49
0.49
0.491
0.491
0.492
0.492
0.492
0.492
0.492
0.493
0.493
0.493
0.493
0.493
0.494
0.494
0.495
0.495
0.496
0.496
0.496
0.496
0.497
0.497
0.498
0.498
0.498
0.499
0.5
0.5
0.501
0.501
0.502
0.502
0.503
0.503
0.503
0.504
0.504
0.504
0.505
0.506
0.506
0.506
0.506
0.507
0.507
0.507
0.509
0.51
0.511
0.512
0.512
0.512
0.512
0.513
0.513
0.513
0.514
0.514
0.514
0.516
0.518
0.518
0.519
0.519
0.52
0.52
0.52
0.522
0.522
0.522
0.522
0.522
0.523
0.523
0.525
0.526
0.526
0.527
0.527
0.527
0.528
0.528
0.528
0.528
0.529
0.529
0.53
0.531
0.531
0.531
0.532
0.532
0.533
0.533
0.533
0.534
0.534
0.535
0.536
0.537
0.537
0.539
0.54
0.54
0.54
0.541
0.542
0.542
0.543
0.544
0.544
0.545
0.545
0.545
0.545
0.545
0.546
0.546
0.547
0.547
0.548
0.549
0.552
0.552
0.553
0.553
0.553
0.554
0.554
0.554
0.554
0.554
0.554
0.555
0.556
0.556
0.557
0.557
0.558
0.558
0.558
0.558
0.558
0.559
0.56
0.56
0.561
0.562
0.563
0.565
0.565
0.565
0.566
0.567
0.567
0.568
0.568
0.569
0.57
0.57
0.571
0.571
0.572
0.572
0.573
0.574
0.574
0.575
0.579
0.579
0.579
0.58
0.58
0.581
0.581
0.582
0.582
0.582
0.584
0.585
0.585
0.586
0.588
0.588
0.588
0.589
0.589
0.59
0.59
0.591
0.591
0.591
0.591
0.592
0.592
0.594
0.594
0.594
0.594
0.595
0.595
0.595
0.595
0.595
0.596
0.596
0.596
0.598
0.598
0.598
0.599
0.599
0.599
0.6
0.6
0.602
0.604
0.604
0.605
0.606
0.606
0.607
0.607
0.607
0.608
0.609
0.611
0.611
0.612
0.614
0.614
0.615
0.618
0.618
0.619
0.619
0.62
0.62
0.621
0.624
0.625
0.626
0.626
0.626
0.627
0.627
0.629
0.629
0.629
0.63
0.63
0.63
0.631
0.632
0.633
0.638
0.638
0.64
0.641
0.641
0.642
0.644
0.644
0.644
0.645
0.645
0.647
0.648
0.648
0.648
0.65
0.654
0.655
0.655
0.655
0.659
0.66
0.66
0.661
0.662
0.662
0.663
0.663
0.665
0.666
0.67
0.67
0.67
0.67
0.671
0.672
0.673
0.675
0.675
0.676
0.677
0.679
0.682
0.683
0.683
0.683
0.684
0.686
0.688
0.689
0.689
0.69
0.691
0.691
0.691
0.691
0.691
0.693
0.693
0.693
0.693
0.694
0.695
0.695
0.697
0.699
0.699
0.703
0.703
0.704
0.704
0.704
0.705
0.706
0.706
0.706
0.709
0.709
0.709
0.71
0.71
0.711
0.713
0.715
0.718
0.718
0.72
0.721
0.722
0.722
0.724
0.726
0.726
0.727
0.728
0.729
0.732
0.733
0.734
0.735
0.735
0.737
0.74
0.74
0.744
0.747
0.748
0.75
0.75
0.751
0.753
0.755
0.756
0.756
0.756
0.757
0.757
0.758
0.759
0.76
0.766
0.766
0.766
0.769
0.769
0.771
0.773
0.773
0.777
0.777
0.779
0.781
0.781
0.782
0.782
0.785
0.786
0.787
0.787
0.787
0.788
0.788
0.789
0.793
0.796
0.798
0.803
0.804
0.804
0.804
0.808
0.808
0.811
0.813
0.813
0.816
0.816
0.816
0.821
0.822
0.824
0.825
0.827
0.828
0.828
0.829
0.829
0.832
0.834
0.837
0.842
0.844
0.845
0.85
0.851
0.852
0.854
0.855
0.856
0.856
0.856
0.859
0.861
0.864
0.864
0.865
0.865
0.868
0.871
0.873
0.873
0.874
0.879
0.881
0.883
0.887
0.888
0.888
0.891
0.892
0.894
0.895
0.896
0.897
0.9
0.9
0.901
0.906
0.909
0.912
0.918
0.919
0.919
0.924
0.925
0.927
0.93
0.93
0.934
0.934
0.944
0.946
0.946
0.947
0.955
0.962
0.962
0.963
0.965
0.971
0.975
0.978
0.979
0.98
0.984
0.988
0.99
0.992
0.996
0.997
1
1
1
1
1
1
1
1
1
1
1
1
1
1
1
1
1
1
1
1
1
1
1
1
1
1
1
1
1
1
1
1
1
1
1
1
1
1
1
1
1
1
1
1
1
1
1
1
1
1
1
1
1
1
1
1
1
1
1
1
1
1
1
1
1
1
1
1
1
1
1
1
1
1
1
1
1
1
1
1
1
1
1
1
1
1
1
1
1
1
1
1
1
1
1
1
1
1
1
1
1
1
1
1
1
1
1
1
1
1
1
1
1
1
1
1
1
1
1
1
1
1
1
1
1
1
1
1
1
1
1
1
1
1
1
1
1
1
1
1
1
1
1
1
1
1
1
1
1
1
1
1
1
1
1
1
1
1
1
1
1
1
1
1
1
1
1
1
1
1
1
1
1
1
1
1
1
1
1
1
1
1
1
1
1
1
1
1
1
1
1
1
1
1
1
1
1
1
1
1
1
1
1
1
1
